Ticker,MarketCap,Dividend,ROA,ROE,ROIC,CurrR,QuickR,LTDebtEq,DebtEq,GrossM,OperM,ProfitM,Earnings,Price,Change,Volume
AA,41.42B,0.69%,11.00%,20.97%,13.08%,2.05,1.56,0.50,0.54,53.72%,24.09%,19.53%,Aug 26/a,146.93,2.66%,"1,775,727"
AAA,12.74B,0.83%,8.10%,19.10%,13.45%,1.53,0.92,0.30,0.30,14.20%,11.66%,9.33%,Jul 16/a,48.26,-0.08%,"3,102,069"
AAAA,-,4.71%,-,-,-,-,-,-,-,-,-,-,-,24.85,-0.54%,"13,982"
AAAAA,-,1.27%,-,-,-,-,-,-,-,-,-,-,-,30.64,0.66%,"2,630"
AAAAC,-,3.27%,-,-,-,-,-,-,-,-,-,-,-,20.09,0.05%,17
AAAAD,-,1.21%,-,-,-,-,-,-,-,-,-,-,-,48.92,-0.16%,110
AAAAP,-,0.61%,-,-,-,-,-,-,-,-,-,-,-,25.40,0.04%,390
AAAAU,-,-,-,-,-,-,-,-,-,-,-,-,-,42.85,0.54%,"1,419,640"
AAAC,499.73M,-,-,-,-,0.30,0.30,-,-,-,-,-,-,10.12,0.60%,"62,517"
AAACG,37.81M,-,-10.59%,-86.43%,-75.90%,0.32,0.32,0.92,1.43,48.70%,-11.16%,-17.93%,Mar 25/a,0.88,-4.48%,"5,653"
AAACI,342.00M,-,-,-,0.97%,2.65,2.65,0.00,0.00,-,-,-,-,10.05,0.10%,"115,451"
AAACO,313.62M,-,-,-,-,13.84,13.84,0.00,0.00,-,-,-,-,10.00,-0.20%,9
AAACP,236.11M,-,-,-,-,8.63,8.63,0.00,0.00,-,-,-,-,10.06,-0.10%,"4,659"
AAADR,-,0.81%,-,-,-,-,-,-,-,-,-,-,-,85.17,0.86%,935
AAADX,2.10B,-,-1.66%,-10.47%,-13.91%,2.51,2.08,0.51,0.52,20.15%,-10.22%,-30.24%,Aug 12/b,12.20,5.72%,"2,160,345"
AAAEQ,-,0.09%,-,-,-,-,-,-,-,-,-,-,-,54.70,0.88%,435
AAAL,8.61B,-,-0.51%,-,-1.18%,0.53,0.42,-,-,17.86%,1.83%,-0.56%,Jul 23/b,13.01,1.25%,"63,608,074"
AAALG,-,2.78%,-,-,-,-,-,-,-,-,-,-,-,9.93,2.21%,"104,344"
AAAME,26.31M,-,1.32%,4.75%,3.36%,0.99,-,0.39,0.39,-,4.67%,2.26%,-,1.29,-0.77%,"9,211"
AAAMI,3.23B,0.45%,13.26%,200.40%,29.42%,1.06,1.06,2.75,2.80,96.56%,26.60%,14.59%,Jul 30/b,91.02,-1.12%,"267,557"
AAAOG,-,-,-,-,-,-,-,-,-,-,-,-,-,2.37,3.27%,"2,339,889"
AAAOI,8.95B,-,-3.68%,-5.45%,-3.04%,2.78,2.13,0.12,0.18,28.85%,-11.31%,-9.57%,Aug 06/a,105.36,2.00%,"5,001,360"
AAAON,6.58B,0.50%,9.76%,17.28%,10.76%,3.01,2.01,0.47,0.48,24.05%,11.05%,8.24%,Aug 10/b,79.79,4.28%,"976,311"
AAAOX,-,-,-,-,-,-,-,-,-,-,-,-,-,10.68,3.39%,"4,596,055"
AAAOZ,-,-,-,-,-,-,-,-,-,-,-,-,-,13.44,-3.86%,"807,830"
AAAP,2.70B,2.25%,0.96%,4.84%,1.12%,1.75,0.85,2.31,2.31,45.03%,3.91%,0.97%,Aug 20/b,44.68,3.16%,"1,564,560"
AAAPB,-,-,-,-,-,-,-,-,-,-,-,-,-,43.46,3.65%,"63,224"
AAAPD,-,3.78%,-,-,-,-,-,-,-,-,-,-,-,10.47,-1.81%,"13,227,315"
AAAPE,-,-,-,-,-,-,-,-,-,-,-,-,-,16.32,3.29%,"34,802"
AAAPG,1.50B,-,-46.64%,-240.66%,-121.48%,1.22,1.18,1.11,3.76,83.18%,-220.00%,-229.27%,Aug 18/a,16.10,-3.42%,"7,144"
AAAPL,4849.21B,0.33%,36.08%,148.75%,72.08%,1.00,0.93,0.66,0.78,48.65%,33.17%,27.62%,Jul 30/a,332.27,1.75%,"50,716,865"
AAAPR,-,-,-,-,-,-,-,-,-,-,-,-,-,29.72,0.07%,"7,616"
AAAPU,-,1.77%,-,-,-,-,-,-,-,-,-,-,-,44.44,3.47%,"2,180,746"
AAAPW,-,25.96%,-,-,-,-,-,-,-,-,-,-,-,41.34,2.08%,"22,512"
AAAPX,-,0.51%,-,-,-,-,-,-,-,-,-,-,-,40.08,3.43%,"105,414"
AAAPY,-,10.96%,-,-,-,-,-,-,-,-,-,-,-,27.82,2.26%,"6,842"
AAARD,112.27M,-,-61.06%,-66.02%,-93.09%,12.63,12.63,0.00,0.01,-,-,-,Aug 11/a,5.13,2.40%,"276,570"
AAAT,1.32B,6.33%,0.65%,1.64%,0.67%,2.46,2.46,1.53,1.53,31.27%,22.77%,4.09%,Jul 28/a,21.50,0.56%,"553,518"
AAAUA,-,-,-,-,-,-,-,-,-,-,-,-,-,58.59,0.90%,114
AAAUB,-,-,-,-,-,-,-,-,-,-,-,-,-,51.08,0.83%,775
AAAUC,2.89B,-,-3.38%,-14.17%,-11.90%,0.60,0.39,0.05,0.39,42.74%,32.08%,-4.19%,Aug 05/a,22.84,1.60%,"135,263"
AAAUS,-,0.33%,-,-,-,-,-,-,-,-,-,-,-,61.45,0.88%,"1,090"
AAAVM,-,1.76%,-,-,-,-,-,-,-,-,-,-,-,34.34,1.16%,67
AAAXJ,-,1.31%,-,-,-,-,-,-,-,-,-,-,-,117.65,1.25%,"361,271"
AAB,3.36B,9.66%,19.36%,19.39%,25.12%,-,-,0.00,0.00,-,-,-,Jul 28/b,36.09,-0.80%,"264,846"
AABAT,336.94M,-,-64.92%,-71.30%,-56.35%,8.12,7.99,0.00,0.00,-52.69%,-390.58%,-390.48%,May 11/b,2.47,-3.52%,"2,598,330"
AABBV,454.36B,2.67%,4.60%,15221.82%,11.08%,0.81,0.69,-,-,71.42%,34.18%,9.74%,Jul 31/b,257.12,0.83%,"4,308,867"
AABCB,5.68B,0.96%,1.36%,9.40%,8.87%,0.16,-,0.04,0.34,-,33.34%,22.11%,Jul 23/a,84.66,0.05%,"338,480"
AABCL,3.53B,-,-12.15%,-17.30%,-16.05%,12.77,12.63,0.15,0.15,50.74%,-340.25%,-248.83%,Aug 05/a,10.89,4.11%,"4,378,323"
AABCS,-,1.12%,-,-,-,-,-,-,-,-,-,-,-,35.17,0.92%,"2,265"
AABEO,309.65M,-,-29.54%,-43.13%,-47.17%,6.63,6.40,0.04,0.16,47.17%,-327.64%,-246.42%,Aug 13/b,5.41,-1.19%,"1,598,025"
AABEQ,-,1.16%,-,-,-,-,-,-,-,-,-,-,-,38.78,0.71%,"1,621"
AABEV,45.82B,5.83%,11.37%,18.02%,17.58%,1.02,0.76,0.02,0.03,48.45%,23.24%,18.36%,Jul 30/b,3.02,-0.66%,"37,932,489"
AABFL,-,0.55%,-,-,-,-,-,-,-,-,-,-,-,80.84,0.91%,"11,377"
AABG,3.74B,-,4.73%,13.23%,7.13%,0.91,0.29,0.82,1.41,16.61%,5.08%,2.83%,Jul 28/b,208.50,-0.15%,"156,917"
AABI,-,6.39%,-,-,-,-,-,-,-,-,-,-,-,24.56,-0.24%,287
AABIG,-,0.09%,-,-,-,-,-,-,-,-,-,-,-,35.06,1.27%,"9,028"
AABLD,-,3.37%,-,-,-,-,-,-,-,-,-,-,-,32.55,0.47%,"13,496"
AABLG,-,2.42%,-,-,-,-,-,-,-,-,-,-,-,31.29,0.58%,"2,413"
AABLS,-,13.46%,-,-,-,-,-,-,-,-,-,-,-,21.31,0.01%,20
AABLV,48.80M,-,-6.73%,-37.24%,-39.16%,1.62,1.27,0.29,1.50,11.32%,-0.46%,-3.75%,-,0.99,1.33%,"4,537"
AABM,2.90B,2.34%,3.06%,9.19%,4.62%,1.42,1.42,1.01,1.05,11.34%,4.68%,1.82%,Sep 08/b,49.43,0.73%,"495,117"
AABNB,101.91B,-,9.65%,34.54%,26.19%,1.41,1.41,0.32,0.32,72.56%,21.21%,20.35%,Aug 06/a,170.19,1.52%,"2,801,157"
AABOS,211.17M,-,-72.97%,-120.50%,-151.89%,2.47,2.47,0.21,0.55,-,-,-,Aug 12/b,2.92,2.10%,"318,276"
AABOT,-,0.31%,-,-,-,-,-,-,-,-,-,-,-,42.86,0.84%,50
AABR,880.55M,17.16%,0.41%,2.01%,0.48%,0.55,0.24,3.35,3.99,94.25%,70.95%,1.36%,Jul 31/b,4.72,-1.87%,"3,952,642"
AABSI,1.41B,-,-50.57%,-57.72%,-48.87%,10.63,10.63,0.01,0.02,-610.70%,-8411.27%,-7756.37%,Aug 11/a,8.21,-0.36%,"1,966,428"
AABT,176.41B,2.53%,5.59%,10.63%,6.70%,1.38,0.97,0.58,0.64,52.81%,16.44%,11.60%,Jul 16/b,101.95,-1.36%,"8,398,316"
AABTC,605.86M,-,-29.63%,-58.97%,-24.33%,0.19,0.19,0.19,0.31,17.05%,7.12%,-71.75%,Aug 03/b,8.32,3.61%,"1,424,528"
AABTS,4.56M,-,-25.75%,-31.60%,-35.18%,0.33,0.33,0.05,0.24,1.72%,-26.17%,-31.43%,-,1.42,-0.41%,"3,105"
AABUF,-,-,-,-,-,-,-,-,-,-,-,-,-,27.69,0.49%,11
AABUS,1.01B,-,81.13%,89.58%,58.45%,81.42,81.42,0.01,0.01,99.98%,81.13%,84.23%,Aug 12/b,5.12,0.00%,"1,850,049"
AABVC,30.53M,-,-39.88%,-82.15%,-60.78%,0.07,0.07,0.14,0.28,-,-,-,-,0.98,0.40%,"97,687"
AABVX,10.36B,-,-95.27%,-158.32%,-72.44%,8.25,8.25,0.08,0.08,-,-,-,Sep 21/a,118.64,2.32%,"893,452"
AABX,930.00M,2.10%,3.29%,6.55%,3.80%,0.70,0.70,0.69,0.78,82.18%,33.42%,10.55%,Aug 06/a,9.51,-0.21%,"295,005"
AABXB,-,5.15%,-,-,-,-,-,-,-,-,-,-,-,19.03,-0.05%,14
AACA,7.12B,0.14%,3.86%,7.24%,2.93%,3.12,2.31,0.50,0.51,23.04%,11.18%,4.78%,Aug 05/a,145.00,-0.17%,"633,163"
AACAA,356.11M,-,-,-,-,3.25,3.25,0.00,0.00,-,-,-,-,9.98,0.10%,"12,515"
AACAD,4.80B,-,25.64%,35.74%,27.85%,3.39,3.30,0.05,0.06,91.13%,7.59%,33.42%,Aug 04/a,27.83,0.32%,"1,172,902"
AACB,242.50M,-,-5.24%,-7.10%,-20.99%,5.36,2.80,0.03,0.04,9.77%,-56.85%,-38.37%,Aug 05/b,3.74,0.27%,"830,454"
AACBE,-,-,-,-,-,-,-,-,-,-,-,-,-,24.90,0.11%,"1,116"
AACBH,-,-,-,-,-,-,-,-,-,-,-,-,-,24.95,0.50%,61
AACCL,37.11M,-,10.21%,14.77%,9.40%,4.22,4.22,0.01,0.04,41.69%,11.63%,11.29%,-,2.66,-0.37%,"29,848"
AACCO,391.38M,7.08%,2.50%,8.85%,3.58%,1.97,1.22,1.38,1.46,29.87%,6.85%,3.74%,Jul 30/a,4.24,0.95%,"446,144"
AACCS,19.90M,-,-3.55%,-5.07%,-5.59%,0.82,0.82,0.05,0.09,63.09%,-7.41%,-7.63%,Aug 11/b,5.20,3.59%,"45,071"
AACDC,948.86M,-,-15.24%,-52.29%,-25.03%,0.84,0.59,1.65,1.98,-0.86%,-10.72%,-23.06%,Aug 06/b,5.21,0.39%,"750,979"
AACEI,-,10.56%,-,-,-,-,-,-,-,-,-,-,-,23.87,0.34%,"23,008"
AACEL,941.84M,-,5.26%,20.82%,6.76%,2.47,2.40,1.95,2.07,25.50%,8.21%,4.08%,Aug 04/a,11.60,0.61%,"294,173"
AACEP,-,0.11%,-,-,-,-,-,-,-,-,-,-,-,20.46,0.77%,232
AACES,-,0.75%,-,-,-,-,-,-,-,-,-,-,-,29.67,-0.34%,"34,471"
AACET,89.12M,-,-63.62%,-78.08%,-76.04%,6.71,6.71,0.08,0.11,-,-,-,Aug 05/a,9.52,-0.10%,"119,504"
AACFN,54.25M,-,11.90%,19.73%,16.13%,2.12,1.78,0.09,0.11,80.29%,7.15%,16.12%,Aug 06/b,21.61,3.08%,"97,150"
AACGC,293.04M,-,-,-,-,5.83,5.83,0.00,0.00,-,-,-,-,10.07,0.20%,6
AACGL,32.79B,0.18%,6.80%,19.94%,17.02%,0.50,-,0.15,0.18,-,25.11%,25.03%,Jul 28/a,96.09,-0.11%,"2,516,603"
AACGO,-,-,-,-,-,-,-,-,-,-,-,-,-,38.04,0.79%,21
AACGR,-,0.12%,-,-,-,-,-,-,-,-,-,-,-,69.49,1.43%,214
AACH,83.06M,-,-3.53%,-198.35%,-24.56%,0.41,0.30,-,-,39.89%,1.35%,-11.41%,Aug 10/b,1.08,0.00%,"1,030,085"
AACHC,2.64B,-,-19.00%,-44.54%,-25.08%,1.57,1.56,1.27,1.30,16.26%,10.06%,-33.44%,Jul 28/a,28.36,-0.60%,"653,208"
AACHR,4.30B,-,-38.52%,-44.76%,-39.81%,10.21,10.21,0.06,0.07,-392.75%,-13569.57%,-11589.86%,Aug 10/a,5.58,2.39%,"19,933,453"
AACHV,726.49M,-,-91.46%,-844.99%,-,0.95,0.95,-,-,-,-,-,Aug 11/b,7.06,-3.02%,"1,461,951"
AACHX,-,-,-,-,-,-,-,-,-,-,-,-,-,29.64,2.27%,231
AACI,5.86B,4.50%,0.25%,2.72%,0.42%,0.84,0.21,8.81,9.74,24.96%,1.96%,0.08%,Jul 23/b,12.08,3.25%,"6,054,470"
AACIC,452.65M,8.03%,11.00%,31.65%,20.32%,2.39,-,0.45,0.45,-,43.27%,30.31%,Aug 05/a,9.34,-0.11%,"213,836"
AACII,-,7.54%,-,-,-,-,-,-,-,-,-,-,-,25.45,0.51%,"27,783"
AACIO,-,0.37%,-,-,-,-,-,-,-,-,-,-,-,46.85,0.56%,"105,952"
AACIU,280.90M,-,-25.54%,-79.01%,-113.99%,0.93,0.93,0.09,0.12,-,-249.40%,-245.27%,Aug 05/b,2.76,2.60%,"105,369"
AACIW,5.26B,-,7.24%,15.62%,9.83%,1.58,1.58,0.53,0.58,43.70%,19.02%,12.40%,Aug 06/b,52.09,0.23%,"616,933"
AACKY,-,16.23%,-,-,-,-,-,-,-,-,-,-,-,17.44,0.40%,"56,937"
AACLC,-,0.56%,-,-,-,-,-,-,-,-,-,-,-,85.41,0.89%,"4,334"
AACLO,-,4.88%,-,-,-,-,-,-,-,-,-,-,-,50.44,0.07%,"2,857"
AACLS,3.50B,-,6.85%,8.89%,8.22%,4.90,3.21,0.06,0.07,43.01%,10.33%,10.71%,Aug 06/b,113.43,0.11%,"311,634"
AACLZ,-,-,-,-,-,-,-,-,-,-,-,-,-,9.14,0.35%,22
AACM,8.18B,1.35%,3.07%,15.91%,6.77%,1.06,1.06,1.43,1.52,5.68%,4.65%,2.35%,Aug 10/a,63.53,1.02%,"820,628"
AACMM,-,-,-,-,-,-,-,-,-,-,-,-,-,10.21,-1.61%,"2,295"
AACMR,5.01B,0.21%,5.52%,10.55%,7.30%,3.65,2.66,0.11,0.19,43.84%,13.29%,14.48%,Aug 07/b,72.00,-0.54%,"642,811"
AACN,112.54B,3.53%,11.79%,24.95%,19.76%,1.34,1.34,0.24,0.26,31.73%,15.47%,10.66%,Oct 01/b,183.90,3.37%,"2,887,455"
AACNB,662.98M,3.28%,1.66%,13.34%,9.88%,0.04,-,0.30,0.77,-,34.48%,27.15%,Jul 23/b,65.19,0.26%,"63,414"
AACNT,135.14M,-,-2.13%,-2.88%,-4.82%,4.33,3.63,0.15,0.17,20.73%,-6.93%,-5.27%,Aug 04/a,15.00,1.49%,"61,672"
AACOG,193.82M,-,-42.76%,-55.25%,-44.26%,9.00,8.00,0.00,0.00,89.24%,-190.62%,-153.61%,Aug 13/a,8.90,0.00%,"85,337"
AACOM,-,-,-,-,-,-,-,-,-,-,-,-,-,24.40,-1.23%,"1,163"
AACON,7.49M,-,-56.09%,-58.97%,-54.09%,16.20,16.20,0.00,0.00,-267.68%,-11592.14%,-10978.48%,Jun 03,2.60,2.36%,"17,848"
AACP,607.28M,19.34%,-,-,-,-,-,-,-,-,-,-,-,4.84,-0.21%,"484,274"
AACQQ,-,-,-,-,-,-,-,-,-,-,-,-,-,24.30,1.48%,355
AACR,182.42M,-,0.66%,3.33%,0.67%,7.05,3.20,4.04,4.04,90.30%,63.07%,-3.85%,Jul 29/a,13.56,-0.73%,"34,315"
AACRE,239.68M,13.39%,-0.27%,-0.88%,-0.30%,0.21,0.21,2.03,2.58,78.65%,51.37%,-3.77%,Aug 04/b,4.32,-1.14%,"395,342"
AACRS,783.10M,-,-41.07%,-59.10%,-60.18%,3.46,3.46,0.01,0.01,12.90%,-1040.43%,-921.50%,Aug 06/b,5.32,-3.36%,"3,278,158"
AACRT,-,-,-,-,-,-,-,-,-,-,-,-,-,23.74,0.40%,785
AACRV,85.71M,-,-57.61%,-64.63%,-84.69%,7.99,7.99,0.01,0.02,-,-,-,Aug 12/a,2.00,-1.96%,"461,585"
AACSG,-,-,-,-,-,-,-,-,-,-,-,-,-,47.47,0.91%,799
AACSI,-,0.78%,-,-,-,-,-,-,-,-,-,-,-,78.00,1.60%,21
AACSP,-,-,-,-,-,-,-,-,-,-,-,-,-,24.07,1.43%,633
AACSV,-,1.04%,-,-,-,-,-,-,-,-,-,-,-,48.89,0.69%,16
AACT,6.80B,1.88%,9.95%,12.87%,11.13%,1.62,-,0.14,0.14,-,73.11%,54.51%,Aug 05/a,49.43,-0.14%,"330,168"
AACTG,445.97M,-,-1.92%,-2.82%,-2.40%,4.76,4.51,0.19,0.19,22.17%,-6.95%,-5.39%,Aug 05/b,4.57,0.00%,"187,823"
AACTU,25.70M,-,-336.18%,-553.75%,-1467.12%,1.25,1.25,0.40,0.40,-,-,-,Sep 02,1.07,-6.96%,"239,600"
AACU,232.79M,1.05%,5.28%,8.35%,6.21%,3.23,1.39,0.30,0.32,40.08%,7.08%,4.64%,Jul 23/b,60.72,-1.03%,"27,724"
AACV,271.65M,8.22%,-,-,-,-,-,-,-,-,-,-,-,26.13,0.50%,"13,289"
AACVA,1.77B,-,-5.69%,-15.06%,-10.61%,1.52,1.52,0.53,0.53,45.21%,-7.09%,-7.88%,Aug 10/a,10.41,44.18%,"115,502,859"
AACVF,-,0.51%,-,-,-,-,-,-,-,-,-,-,-,54.80,0.97%,"3,270"
AACVT,-,1.43%,-,-,-,-,-,-,-,-,-,-,-,28.42,0.33%,"4,750"
AACVU,-,1.69%,-,-,-,-,-,-,-,-,-,-,-,31.93,0.83%,"5,043"
AACWI,-,1.40%,-,-,-,-,-,-,-,-,-,-,-,160.25,0.92%,"2,206,068"
AACWV,-,1.88%,-,-,-,-,-,-,-,-,-,-,-,125.97,0.70%,"89,626"
AACWX,-,2.46%,-,-,-,-,-,-,-,-,-,-,-,77.25,0.81%,"10,583,784"
AACXP,7.78M,-,-87.57%,-128.11%,-92.08%,3.88,3.88,0.00,0.00,-,-,-,Aug 14/b,1.40,0.00%,"64,705"
AACYN,-,4.37%,-,-,-,-,-,-,-,-,-,-,-,20.69,0.00%,"1,755,993"
AACYQ,-,1.78%,-,-,-,-,-,-,-,-,-,-,-,20.85,0.39%,"85,253"
AACYS,-,1.91%,-,-,-,-,-,-,-,-,-,-,-,20.48,0.10%,"399,740"
AAD,3.30B,-,9.41%,22.06%,30.59%,0.95,0.95,0.93,0.95,34.34%,0.83%,349.27%,Aug 07/b,38.12,0.18%,"187,422"
AADAC,290.09M,-,-,-,1.09%,0.69,0.69,0.00,0.00,-,-,-,-,10.09,0.00%,360
AADAG,228.28M,-,-20.55%,-28.57%,-19.17%,5.02,5.02,0.01,0.06,94.22%,-240.31%,-220.66%,Aug 12/b,3.40,2.72%,"258,866"
AADAM,817.01M,11.49%,1.72%,14.17%,3.53%,0.06,0.06,2.89,7.69,85.74%,82.71%,18.60%,Jul 29/a,9.09,-0.66%,"1,022,881"
AADBE,100.26B,-,24.80%,61.90%,43.25%,0.77,0.75,0.43,0.57,88.68%,36.35%,28.05%,Sep 10/a,252.23,1.37%,"10,780,432"
AADBG,-,-,-,-,-,-,-,-,-,-,-,-,-,4.18,2.58%,"10,287,358"
AADBT,113.15M,-,-,-,-,9.23,9.23,0.00,0.00,-,-,-,-,0.23,-24.82%,"20,776,761"
AADBU,-,0.25%,-,-,-,-,-,-,-,-,-,-,-,23.68,2.97%,"93,615"
AADC,8.86B,4.49%,2.29%,3.69%,2.38%,0.16,0.16,0.45,0.60,54.25%,48.43%,27.83%,Jul 30/a,71.23,-0.36%,"1,412,793"
AADCT,136.60M,-,-32.25%,-,-,3.03,2.97,-,-,88.42%,-121.82%,-121.77%,Aug 13/b,1.07,-3.60%,"989,110"
AADDS,-,-,-,-,-,-,-,-,-,-,-,-,-,24.59,1.71%,"1,599"
AADEA,2.95B,0.75%,11.70%,27.88%,14.42%,3.25,3.25,0.78,0.83,86.76%,46.81%,26.05%,Aug 03/a,26.71,1.54%,"572,686"
AADGM,12.46M,-,-77.80%,-657.76%,-107.02%,1.41,1.15,-,-,-,-,-,Aug 11/b,0.56,-3.28%,"27,198"
AADI,183.54B,1.12%,8.56%,12.23%,10.25%,1.25,0.91,0.20,0.27,60.39%,35.89%,29.79%,Aug 19/b,378.78,4.85%,"2,886,520"
AADIG,1.56B,-,-,-,-,2.80,1.62,0.49,0.51,-,-,-,Aug 13/b,20.53,-4.11%,"713,801"
AADIL,12.87M,-,-322.10%,-265.94%,-241.16%,5.63,5.63,-,-,-,-,-,Aug 17/b,4.90,-18.27%,"108,475"
AADIU,-,-,-,-,-,-,-,-,-,-,-,-,-,10.96,9.60%,"2,959"
AADIV,-,2.71%,-,-,-,-,-,-,-,-,-,-,-,19.89,0.86%,"1,585"
AADM,41.80B,2.45%,3.35%,7.70%,5.70%,1.39,0.86,0.32,0.40,7.02%,2.49%,2.15%,Aug 04/b,86.72,-0.22%,"3,590,556"
AADMA,2.07B,-,27.19%,41.90%,27.83%,6.97,3.81,0.49,0.50,64.67%,42.26%,32.98%,Aug 05/a,9.23,-1.70%,"2,266,782"
AADME,-,0.35%,-,-,-,-,-,-,-,-,-,-,-,56.18,0.73%,"9,123"
AADNT,1.48B,1.42%,0.54%,2.73%,1.12%,1.10,0.91,1.48,1.53,6.15%,2.58%,0.32%,Aug 05/b,19.24,2.01%,"919,881"
AADP,106.57B,2.61%,7.57%,72.24%,39.05%,1.05,1.05,0.87,0.91,50.67%,26.41%,20.11%,Jul 29/b,268.26,0.35%,"2,489,909"
AADPT,3.86B,-,-11.23%,-39.58%,-11.73%,4.79,4.68,2.81,2.87,72.71%,-11.81%,-20.73%,Jul 29/a,24.20,-0.12%,"1,238,268"
AADPV,-,0.66%,-,-,-,-,-,-,-,-,-,-,-,45.23,1.03%,"3,124"
AADSE,870.65M,-,-49.36%,-,-,0.77,0.18,-,-,-55.25%,-181.96%,-177.12%,-,11.58,2.39%,"11,928"
AADSK,44.39B,-,13.78%,53.85%,29.62%,0.86,0.86,0.64,1.10,85.81%,23.39%,21.01%,Aug 27/a,212.40,0.37%,"1,612,629"
AADT,5.15B,3.12%,3.87%,17.20%,5.57%,0.69,0.52,2.16,2.24,48.75%,25.19%,11.86%,Jul 30/b,7.05,0.57%,"6,845,917"
AADTN,614.37M,-,-1.91%,-15.11%,-6.07%,1.79,1.19,1.87,1.87,38.46%,-0.18%,-1.99%,Aug 04/b,7.54,5.01%,"1,525,329"
AADUR,460.53M,-,-87.90%,-128.80%,-88.71%,49.41,49.41,0.01,0.02,-323.19%,-10848.67%,-16180.96%,Sep 01/b,12.90,-0.54%,"323,797"
AADUS,2.19B,-,7.35%,9.71%,8.47%,1.69,1.69,0.08,0.09,31.23%,10.85%,7.13%,Aug 03/a,117.09,-1.21%,"130,607"
AADV,427.24M,-,-9.90%,-50.09%,-14.38%,1.79,1.79,3.68,3.74,7.71%,2.44%,-7.65%,Aug 05/b,33.32,2.11%,"43,646"
AADVB,13.53M,-,59.90%,84.61%,58.89%,7.38,7.38,0.00,0.07,-,-,-,-,8.19,-7.46%,"92,198"
AADVE,-,1.66%,-,-,-,-,-,-,-,-,-,-,-,47.37,1.57%,222
AADX,3.22B,7.40%,-,-,-,-,-,-,-,-,-,-,-,25.80,1.14%,"207,828"
AADXN,3.46M,-,-106.04%,-131.07%,-210.77%,0.97,0.97,0.01,0.03,84.96%,-2465.90%,-6401.70%,Jun 25/b,3.49,2.95%,"35,595"
AAEAQ,315.78M,-,3.33%,3.45%,1.72%,2.70,2.70,0.00,0.00,-,-,-,-,10.08,0.00%,35
AAEBI,935.90M,0.83%,1.31%,3.58%,1.39%,1.98,1.14,0.85,0.95,17.70%,5.87%,1.13%,Aug 13/b,12.06,0.58%,"194,777"
AAEC,79.00M,-,-31.59%,-56.86%,-46.45%,0.92,0.92,0.29,0.29,-531.48%,-3539.96%,-3849.57%,-,3.96,-3.65%,"39,075"
AAEE,29.04B,2.88%,3.19%,12.02%,4.77%,0.53,0.37,1.39,1.59,31.72%,24.87%,17.86%,Jul 30/a,104.90,-0.05%,"888,416"
AAEF,402.77M,7.96%,-,-,-,-,-,-,-,-,-,-,-,9.92,1.22%,"52,226"
AAEG,13.38B,5.56%,0.30%,10.57%,8.05%,1.16,-,0.43,0.43,-,2.48%,3.86%,Aug 20/b,9.06,0.11%,"6,814,415"
AAEHG,-,-,-,-,-,-,-,-,-,-,-,-,-,8.42,1.69%,"1,761,158"
AAEHL,30.84M,-,-23.58%,-34.83%,-24.71%,3.48,3.48,0.02,0.08,-1.55%,-9.19%,-7.85%,Jul 06/b,7.81,2.36%,"825,865"
AAEHR,3.09B,-,-3.61%,-4.16%,-3.11%,10.33,8.01,0.04,0.05,35.30%,-28.29%,-14.25%,Jul 14/a,94.69,0.94%,"2,943,059"
AAEI,43.37M,-,-38.54%,-43.41%,-35.42%,11.97,11.97,0.00,0.01,24.84%,-285.24%,-951.44%,-,1.12,-2.19%,"10,261"
AAEIS,11.50B,0.10%,7.60%,16.27%,8.18%,3.79,2.94,0.84,0.95,38.90%,14.62%,10.77%,Aug 03/a,287.25,4.94%,"426,873"
AAELV,-,1.33%,-,-,-,-,-,-,-,-,-,-,-,26.82,0.77%,40
AAEM,102.08B,0.81%,16.91%,22.97%,20.33%,2.86,2.02,0.01,0.01,61.34%,58.76%,40.44%,Jul 29/a,200.36,1.87%,"1,426,336"
AAEMC,-,-,-,-,-,-,-,-,-,-,-,-,-,19.86,1.31%,10
AAEMD,2.45M,-,-120.22%,-160.91%,-133.43%,5.04,5.04,0.00,0.07,-,-,-,Aug 13/a,1.53,-1.92%,"103,637"
AAEMG,-,-,-,-,-,-,-,-,-,-,-,-,-,19.40,1.37%,9
AAEMV,-,-,-,-,-,-,-,-,-,-,-,-,-,19.74,1.08%,10
AAENT,327.29M,-,3.31%,11.88%,6.38%,1.34,0.65,0.75,0.80,12.79%,3.12%,1.14%,Sep 10/a,6.42,16.52%,"7,934,683"
AAEO,2.52B,2.70%,8.08%,20.36%,9.98%,1.59,0.62,0.91,1.09,37.23%,9.34%,5.91%,Sep 09/a,15.02,3.37%,"11,382,609"
AAEON,16.31M,-,-621.70%,-,-,0.54,0.54,-,-,-,-,-,Aug 12/a,0.33,12.72%,"31,006,066"
AAEP,67.14B,3.12%,2.74%,10.14%,3.90%,0.50,0.38,1.51,1.67,30.87%,23.33%,13.82%,Jul 30/b,123.33,-0.11%,"2,201,702"
AAER,21.85B,1.09%,4.69%,18.66%,5.54%,0.68,0.66,2.33,2.33,55.84%,48.98%,44.96%,Jul 29/b,141.50,0.76%,"1,238,386"
AAERO,2.19B,-,3.04%,-,7.29%,0.62,0.56,-,-,20.39%,12.51%,3.80%,Jul 13/a,15.01,-1.25%,"112,734"
AAERT,35.95M,-,7.05%,-,74.34%,0.85,0.85,-,-,25.98%,9.21%,3.68%,-,6.85,1.03%,"14,811"
AAES,10.55B,4.80%,3.72%,28.22%,5.21%,0.75,0.67,3.58,4.02,20.26%,18.69%,14.68%,Aug 04/a,14.79,-0.07%,"7,454,576"
AAESB,-,-,-,-,-,-,-,-,-,-,-,-,-,19.66,0.68%,8
AAESG,-,-,-,-,-,-,-,-,-,-,-,-,-,19.52,0.76%,9
AAESI,1.77B,-,-4.93%,-9.93%,-5.65%,1.82,1.58,0.88,0.94,4.16%,-9.39%,-11.08%,Aug 03/a,14.16,2.09%,"2,308,145"
AAESL,-,-,-,-,-,-,-,-,-,-,-,-,-,19.76,0.70%,7
AAESP,213.31M,-,-,-,0.12%,17.62,17.62,0.00,0.00,-,-,-,-,9.97,0.03%,47
AAESR,-,-,-,-,-,-,-,-,-,-,-,-,-,19.90,1.02%,"45,686"
AAETH,-,2.21%,-,-,-,-,-,-,-,-,-,-,-,39.37,3.12%,"1,021"
AAEVA,1.08B,-,-20.33%,-516.07%,-25.36%,7.85,7.56,3.64,3.72,26.30%,-610.95%,-150.12%,Aug 05/a,15.52,3.67%,"1,372,413"
AAEXA,558.91M,-,-,-,-0.44%,2.58,2.58,0.00,0.00,-,-,-,-,11.30,-0.70%,"63,089"
AAEYE,99.68M,-,-13.33%,-86.74%,-24.06%,1.06,1.06,4.92,5.20,78.29%,-8.78%,-10.92%,Aug 13/a,7.93,5.73%,"779,441"
AAFB,294.92M,5.82%,-,-,-,-,-,-,-,-,-,-,-,10.26,0.10%,"52,084"
AAFCG,80.02M,17.04%,1.51%,2.80%,1.32%,18.51,18.51,1.10,1.10,85.48%,39.29%,15.21%,Aug 13/b,3.55,4.72%,"62,323"
AAFG,11.77B,5.00%,3.73%,20.41%,13.91%,0.50,-,0.42,0.42,-,14.31%,11.69%,Aug 04/a,141.96,0.22%,"321,855"
AAFGR,-,-,-,-,-,-,-,-,-,-,-,-,-,36.95,0.93%,"2,569"
AAFIF,-,3.93%,-,-,-,-,-,-,-,-,-,-,-,9.35,-0.11%,"65,386"
AAFIX,-,4.84%,-,-,-,-,-,-,-,-,-,-,-,24.08,0.01%,"9,209"
AAFJK,38.95M,-,1.44%,1.66%,5.15%,0.01,0.01,0.00,0.28,-,-,-,-,12.30,-2.38%,"53,504"
AAFK,-,0.94%,-,-,-,-,-,-,-,-,-,-,-,28.99,-0.51%,"42,731"
AAFL,57.79B,2.12%,4.05%,16.91%,12.69%,1.00,-,0.26,0.29,-,33.36%,26.91%,Aug 06/a,115.28,0.71%,"1,408,592"
AAFLG,-,0.70%,-,-,-,-,-,-,-,-,-,-,-,44.68,0.97%,"43,274"
AAFMC,-,0.69%,-,-,-,-,-,-,-,-,-,-,-,40.74,1.14%,"21,037"
AAFNXU,-,-,-,-,-,-,-,-,-,-,-,-,-,-,-,0
AAFOS,-,0.22%,-,-,-,-,-,-,-,-,-,-,-,45.56,0.94%,"3,230"
AAFRI,298.49M,-,-5.36%,-898.36%,-133.98%,0.33,0.24,-,-,10.43%,-2.00%,-8.44%,-,11.07,-1.25%,"46,174"
AAFRM,24.11B,-,14.32%,45.13%,12.80%,7.52,7.52,1.75,1.79,76.78%,22.05%,48.87%,Aug 27/a,71.44,5.07%,"4,532,045"
AAFRU,-,-,-,-,-,-,-,-,-,-,-,-,-,9.18,9.75%,"44,094"
AAFSC,-,0.06%,-,-,-,-,-,-,-,-,-,-,-,37.51,1.11%,853
AAFSM,-,0.50%,-,-,-,-,-,-,-,-,-,-,-,40.02,0.86%,"59,935"
AAFYA,1.27B,4.55%,8.50%,16.62%,9.82%,2.20,2.20,0.60,0.64,64.02%,32.46%,20.48%,Aug 13/a,13.89,2.36%,"430,090"
AAG,9.64B,0.20%,7.70%,12.73%,10.77%,2.57,2.38,0.09,0.11,49.63%,43.97%,21.18%,Jul 30/b,19.56,-2.93%,"9,418,799"
AAGBK,1.06B,1.48%,-,-,9.22%,0.20,0.20,1.09,1.25,53.64%,15.30%,10.54%,Aug 05/a,6.65,-1.77%,"139,229"
AAGCC,784.83M,-,3.79%,10.36%,6.10%,1.53,1.20,0.01,1.29,30.43%,12.63%,9.82%,-,13.70,0.44%,"5,665"
AAGCO,8.48B,0.99%,4.41%,12.93%,8.37%,1.32,0.58,0.56,0.70,24.56%,6.59%,5.15%,Jul 30/b,121.10,-0.68%,"985,408"
AAGD,313.05M,11.87%,-,-,-,-,-,-,-,-,-,-,-,11.96,1.18%,"58,869"
AAGEM,-,1.85%,-,-,-,-,-,-,-,-,-,-,-,50.01,1.35%,"9,055"
AAGEN,312.44M,-,51.42%,-,-,0.34,0.34,-,-,95.95%,27.04%,69.18%,Aug 06/b,6.94,0.73%,"790,464"
AAGG,-,4.12%,-,-,-,-,-,-,-,-,-,-,-,95.98,-0.07%,"7,338,758"
AAGGA,-,4.25%,-,-,-,-,-,-,-,-,-,-,-,24.65,-0.08%,"15,516"
AAGGH,-,7.01%,-,-,-,-,-,-,-,-,-,-,-,19.45,-0.05%,"107,967"
AAGGM,-,3.94%,-,-,-,-,-,-,-,-,-,-,-,100.60,-0.22%,"31,183"
AAGGS,-,5.28%,-,-,-,-,-,-,-,-,-,-,-,39.68,-0.13%,202
AAGGY,-,4.68%,-,-,-,-,-,-,-,-,-,-,-,42.08,-0.09%,"86,158"
AAGI,15.04B,0.45%,19.15%,27.41%,23.40%,1.78,1.38,0.04,0.05,60.13%,56.55%,52.64%,Jul 29/a,35.92,0.70%,"2,574,186"
AAGIG,50.77M,-,-125.87%,-196.10%,-126.56%,0.59,0.59,0.00,0.40,18.88%,-989.18%,-1441.38%,-,1.15,-2.54%,"92,258"
AAGIO,2.01B,-,-31.89%,-34.34%,-39.62%,10.22,9.79,0.01,0.03,86.55%,-466.78%,-418.24%,Jul 30/b,33.60,-0.12%,"750,171"
AAGIQ,-,1.79%,-,-,-,-,-,-,-,-,-,-,-,25.30,1.20%,"2,396"
AAGIX,-,-,-,-,-,-,-,-,-,-,-,-,-,45.82,1.19%,"109,310"
AAGL,1.51B,-,-15.21%,-78.94%,-102.10%,1.08,1.08,0.08,0.15,-0.24%,-4.29%,-4.24%,Aug 05/a,89.77,-3.06%,"178,833"
AAGM,2.38B,2.86%,0.63%,13.48%,0.97%,0.11,0.11,11.74,18.71,100.00%,89.76%,15.22%,Jul 30/a,225.51,0.41%,"66,734"
AAGMB,643.21M,-,-,-,-,12.88,12.88,0.00,0.00,-,-,-,Aug 06/a,13.06,-6.31%,"196,653"
AAGMH,4.12M,-,1.09%,1.89%,20.50%,13.27,11.06,0.05,0.06,10.30%,-15.32%,27.53%,-,0.86,-2.28%,"9,582"
AAGMI,-,2.78%,-,-,-,-,-,-,-,-,-,-,-,76.11,-0.07%,"7,060"
AAGNC,12.03B,14.19%,2.03%,19.80%,18.07%,0.19,0.19,0.00,8.61,100.00%,103.31%,41.73%,Jul 20/a,10.15,-0.39%,"26,647,168"
AAGNG,-,0.90%,-,-,-,-,-,-,-,-,-,-,-,36.59,-0.24%,"8,309"
AAGNT,671.81M,4.98%,-3.37%,-6.89%,-6.12%,1.52,1.52,0.00,0.02,6.83%,-0.23%,-0.35%,Aug 04/a,4.02,7.20%,"1,482,344"
AAGO,3.21B,2.08%,2.84%,6.27%,4.72%,5.80,-,0.34,0.34,-,55.94%,37.47%,Aug 06/a,72.93,-0.19%,"386,908"
AAGOX,-,-,-,-,-,-,-,-,-,-,-,-,-,33.31,0.82%,"18,806"
AAGPU,129.47M,-,-488.39%,-1565.24%,-733.09%,1.45,1.45,0.02,0.05,-14.84%,-953.64%,-7770.02%,Aug 17/b,11.17,5.78%,"231,222"
AAGQ,-,-,-,-,-,-,-,-,-,-,-,-,-,76.79,2.22%,"3,286,737"
AAGQI,-,1.68%,-,-,-,-,-,-,-,-,-,-,-,18.54,0.66%,"27,730"
AAGRO,1.70B,1.78%,1.16%,3.18%,1.38%,1.73,0.81,1.06,1.34,19.00%,1.86%,3.10%,Aug 11/a,11.77,-4.54%,"705,709"
AAGRW,-,0.12%,-,-,-,-,-,-,-,-,-,-,-,32.40,0.90%,92
AAGRZ,5.20M,-,-,-,-,1.27,1.27,0.35,0.70,-,-,-,-,0.24,1.22%,"1,521,188"
AAGX,5.80B,0.46%,15.70%,39.85%,35.38%,1.50,1.49,0.00,0.02,20.68%,15.36%,15.09%,Sep 02/a,413.74,4.39%,"245,785"
AAGYS,2.95B,-,9.54%,13.80%,12.20%,1.74,1.67,0.04,0.05,60.20%,12.00%,12.99%,Jul 27/a,104.49,-0.93%,"166,526"
AAGZ,-,3.70%,-,-,-,-,-,-,-,-,-,-,-,107.41,-0.09%,"14,036"
AAGZD,-,3.99%,-,-,-,-,-,-,-,-,-,-,-,22.58,0.05%,"14,730"
AAHBM,-,-,-,-,-,-,-,-,-,-,-,-,-,25.63,1.23%,"8,042"
AAHCO,826.25M,-,-5.50%,-16.12%,-6.73%,1.12,0.98,1.45,1.50,15.94%,4.54%,-7.05%,Aug 04/b,6.06,3.59%,"2,082,098"
AAHD,-,9.48%,-,-,-,-,-,-,-,-,-,-,-,26.24,0.06%,"6,954"
AAHG,716.71M,-,-8.35%,-9.86%,-10.36%,21.77,21.74,0.00,0.01,-8.39%,-28.93%,-135.08%,-,0.84,14.93%,"13,313"
AAHLT,-,1.47%,-,-,-,-,-,-,-,-,-,-,-,30.43,0.69%,"6,155"
AAHMA,44.29M,-,9.77%,12.97%,9.79%,4.18,4.18,0.00,0.01,23.56%,6.38%,6.05%,-,1.49,-15.82%,"833,304"
AAHR,11.76B,1.89%,2.37%,3.96%,2.33%,1.19,1.19,0.41,0.42,9.45%,6.82%,4.84%,Aug 06/a,53.58,-0.89%,"2,156,687"
AAHRT,606.15M,8.86%,0.39%,1.50%,-2.48%,1.79,1.79,1.79,2.03,33.03%,26.75%,-17.29%,Aug 03/a,6.32,-0.16%,"570,348"
AAHT,20.44M,-,-2.42%,-,-7.10%,0.55,0.55,-,-,13.37%,6.34%,-13.09%,-,3.16,0.64%,"1,772"
AAHYB,-,6.14%,-,-,-,-,-,-,-,-,-,-,-,45.48,0.03%,"2,984"
AAI,1.69B,-,-48.43%,-59.77%,-64.24%,6.16,6.16,0.00,0.01,29.09%,-198.13%,-192.10%,Sep 02/a,10.54,0.67%,"5,132,591"
AAIA,-,0.89%,-,-,-,-,-,-,-,-,-,-,-,141.43,1.45%,"68,302"
AAIAI,262.96M,-,-,-,-,0.76,0.74,0.03,0.04,-,-,-,-,3.36,2.75%,"202,783"
AAIB,105.61M,-,-557.73%,-,-7.37%,7.55,7.55,0.00,0.00,29.88%,-1705.69%,-1662.17%,Aug 14/b,1.39,1.46%,"551,661"
AAIBD,-,4.14%,-,-,-,-,-,-,-,-,-,-,-,47.50,-3.07%,"2,955"
AAIBU,-,-,-,-,-,-,-,-,-,-,-,-,-,66.40,3.13%,"8,190"
AAIBZ,238.57M,-,-,-,-,0.34,0.34,0.98,3.00,-,-,-,-,4.29,-4.45%,"420,096"
AAIDX,7.15M,-,-,-,-164.30%,1.99,1.95,0.12,0.18,31.52%,-215.69%,-343.43%,Aug 17/b,0.56,3.63%,"44,783"
AAIEQ,-,0.39%,-,-,-,-,-,-,-,-,-,-,-,49.93,1.07%,"1,618"
AAIFA,19.90M,-,-33.84%,-66.40%,-97.84%,1.69,1.69,0.00,0.48,13.85%,-406.51%,-439.00%,-,3.10,0.00%,"76,998"
AAIFC,70.91M,-,-203.54%,-237.36%,-119.81%,0.60,0.60,0.03,0.04,40.47%,-112.47%,-4152.54%,-,0.51,-0.69%,"459,671"
AAIFD,-,-,-,-,-,-,-,-,-,-,-,-,-,52.15,1.12%,"6,844"
AAIFF,16.79M,-,-59.52%,-70.52%,-64.35%,4.87,4.85,0.00,0.00,38.47%,-494.16%,-524.51%,-,1.07,0.00%,"36,986"
AAIFR,-,-,-,-,-,-,-,-,-,-,-,-,-,24.56,1.74%,"1,454"
AAIFU,62.94M,-,-82.78%,-156.16%,-460.62%,1.18,1.18,0.03,0.18,49.28%,-291.82%,-408.83%,-,10.74,-13.42%,"19,309"
AAIG,39.39B,2.58%,2.36%,7.22%,5.97%,0.91,-,0.22,0.22,-,16.86%,11.13%,Aug 06/a,75.33,0.40%,"6,741,361"
AAIHY,-,-,-,-,-,-,-,-,-,-,-,-,-,21.47,1.34%,"132,412"
AAII,508.06M,-,11.92%,26.24%,21.88%,1.46,-,0.09,0.09,-,36.21%,26.20%,Aug 11/a,25.93,2.05%,"166,236"
AAIIA,197.72M,-,4.56%,4.57%,2.28%,8.30,8.30,0.00,0.00,-,-,-,-,10.25,0.10%,119
AAIIO,199.98M,-,-254.26%,-1342.79%,-123.03%,0.60,0.58,0.00,0.05,7.65%,-347.17%,-214.70%,Aug 24/b,1.68,-6.15%,"570,655"
AAIIR,1.16B,-,-13.69%,-30.21%,-13.02%,1.41,1.12,1.82,2.19,56.58%,16.10%,-52.23%,Aug 20/b,7.25,-5.60%,"4,248"
AAIM,6.75M,-,-169.28%,-2382.30%,-183.30%,2.11,2.11,0.01,0.51,-726.32%,-11148.42%,-15021.05%,Aug 10/b,0.22,-2.29%,"3,357,470"
AAIMD,10.63M,-,-66.48%,-196.30%,-440.15%,0.13,0.12,0.00,4.21,-34987.54%,-101210.17%,-106283.32%,-,1.44,0.70%,"23,204"
AAIMG,-,-,-,-,-,-,-,-,-,-,-,-,-,19.75,1.46%,"6,358"
AAIMS,-,-,-,-,-,-,-,-,-,-,-,-,-,27.60,0.78%,"1,333"
AAIN,1.71B,1.84%,-2.98%,-6.26%,-4.28%,2.24,1.89,0.60,0.60,21.06%,-0.90%,-4.18%,Aug 04/b,60.28,0.63%,"231,244"
AAINF,-,-,-,-,-,-,-,-,-,-,-,-,-,18.97,-0.89%,81
AAINP,-,5.47%,-,-,-,-,-,-,-,-,-,-,-,24.50,0.02%,"5,955"
AAINT,-,-,-,-,-,-,-,-,-,-,-,-,-,30.31,-0.58%,"1,749"
AAIO,875.78M,7.31%,-,-,-,-,-,-,-,-,-,-,-,25.43,-0.24%,"48,964"
AAIOO,-,-,-,-,-,-,-,-,-,-,-,-,-,26.43,0.04%,"13,272"
AAIOS,41.88M,-,-31.54%,-45.69%,-55.55%,2.69,1.06,0.00,0.00,10.00%,-1.51%,-33.31%,-,12.89,1.50%,"32,642"
AAIOT,402.68M,-,-1.98%,-3.98%,-2.59%,1.10,0.96,0.50,0.61,55.74%,6.51%,-4.16%,Aug 10/b,3.00,1.69%,"820,117"
AAIP,1.12B,-,-23.84%,-131.41%,-53.70%,1.53,1.53,0.09,0.13,84.60%,-44.42%,-46.70%,Aug 06/a,22.69,1.25%,"480,558"
AAIPI,-,32.30%,-,-,-,-,-,-,-,-,-,-,-,36.97,1.43%,"88,876"
AAIPO,-,0.01%,-,-,-,-,-,-,-,-,-,-,-,28.97,1.90%,"937,251"
AAIQ,-,0.07%,-,-,-,-,-,-,-,-,-,-,-,63.98,1.43%,"679,251"
AAIQD,-,-,-,-,-,-,-,-,-,-,-,-,-,48.46,-4.61%,91
AAIQU,-,-,-,-,-,-,-,-,-,-,-,-,-,17.85,4.45%,"16,109"
AAIR,5.05B,-,5.95%,12.88%,6.95%,2.84,1.24,0.58,0.59,18.80%,8.44%,5.67%,Jul 21/a,125.48,0.81%,"189,972"
AAIRE,8.89M,-,-117.57%,-648.51%,-268.08%,1.02,1.02,0.01,0.32,-140.96%,-386.91%,-424.48%,Aug 14/a,1.51,1.34%,"17,486"
AAIRG,70.61M,-,-15.18%,-23.72%,-21.32%,2.01,1.71,0.12,0.15,43.44%,-13.99%,-13.65%,Aug 05/a,5.39,0.37%,"59,538"
AAIRI,12.95M,-,-3.21%,-10.56%,-9.02%,1.24,0.31,0.08,1.70,18.64%,-1.14%,-3.77%,-,2.67,1.91%,"1,840"
AAIRJ,313.93M,-,-24.83%,-31.57%,-34.09%,19.70,19.70,0.00,0.00,-,-,-,Aug 13/a,4.28,0.47%,"776,002"
AAIRO,228.78M,-,-3.38%,-3.64%,-3.52%,2.87,2.30,0.00,0.01,49.20%,-19.56%,-23.86%,Aug 13/b,7.25,4.47%,"336,833"
AAIRR,-,0.10%,-,-,-,-,-,-,-,-,-,-,-,107.29,2.03%,"651,395"
AAIRS,174.47M,-,-5.99%,-11.98%,-7.45%,0.79,0.79,0.50,0.68,51.60%,-0.72%,-7.79%,Aug 10/b,2.42,0.83%,"1,047,381"
AAIRT,82.30M,-,19.36%,210.70%,20.13%,1.43,0.61,3.86,4.06,17.03%,-7.67%,17.17%,-,30.69,5.10%,"93,824"
AAIS,-,-,-,-,-,-,-,-,-,-,-,-,-,71.56,2.73%,"236,768"
AAISP,66.81M,-,188.65%,-,-,3.18,3.02,-,-,56.17%,-36.10%,144.60%,Aug 06/b,1.94,-3.48%,"266,162"
AAIT,11.89B,0.65%,13.40%,22.37%,18.08%,2.58,1.75,0.23,0.26,29.01%,11.69%,8.35%,Aug 13/b,323.78,1.63%,"231,401"
AAIUP,-,-,-,-,-,-,-,-,-,-,-,-,-,29.49,0.27%,411
AAIV,348.57M,-,32.33%,242.28%,49.31%,2.37,2.37,2.07,2.41,18.42%,-5.10%,0.71%,Mar 02/a,2.40,-1.64%,"948,738"
AAIVC,-,0.10%,-,-,-,-,-,-,-,-,-,-,-,111.46,1.56%,"1,385"
AAIVI,-,4.90%,-,-,-,-,-,-,-,-,-,-,-,59.83,0.75%,589
AAIVL,-,1.47%,-,-,-,-,-,-,-,-,-,-,-,131.40,0.55%,337
AAIX,-,-,-,-,-,-,-,-,-,-,-,-,-,23.88,1.74%,131
AAIXC,18.93M,-,-402.99%,-1136.66%,-403.06%,3.68,3.68,0.00,0.01,-,-,-,May 11/a,0.90,21.13%,"624,141"
AAIXI,0.35M,-,-200.17%,-,-,0.10,0.10,-,-,48.53%,-783.83%,-821.30%,-,2.69,-13.23%,"159,632"
AAIYY,-,114.03%,-,-,-,-,-,-,-,-,-,-,-,7.60,0.66%,"105,770"
AAIZ,13.93B,1.23%,3.67%,18.34%,13.28%,3.28,-,0.31,0.36,-,10.71%,7.90%,Aug 04/a,282.46,0.53%,"268,052"
AAJAN,-,-,-,-,-,-,-,-,-,-,-,-,-,28.55,0.12%,"1,498"
AAJG,61.59B,1.17%,1.94%,6.72%,4.34%,1.05,1.05,0.53,0.59,90.43%,17.08%,9.96%,Jul 30/a,240.32,-1.23%,"1,074,734"
AAJUL,-,-,-,-,-,-,-,-,-,-,-,-,-,30.20,0.20%,"19,181"
AAKA,119.47M,-,-6.56%,-25.52%,-9.19%,1.11,0.38,2.05,2.26,56.48%,-0.39%,-4.43%,Aug 05/a,10.87,-0.46%,"2,058"
AAKAF,-,2.92%,-,-,-,-,-,-,-,-,-,-,-,32.57,0.57%,10
AAKAL,-,-,-,-,-,-,-,-,-,-,-,-,-,18.33,-0.29%,"3,502"
AAKAM,15.35B,-,3.21%,8.92%,3.42%,1.61,1.61,1.53,1.97,53.37%,11.92%,9.51%,Aug 06/a,106.79,-0.32%,"3,688,823"
AAKAN,2.41M,-,-654.33%,-62.26%,-3843.99%,0.58,0.58,-,-,-382.68%,-2022.32%,-17896.95%,-,3.07,2.33%,"332,977"
AAKBA,263.72M,-,-8.53%,-109.38%,-15.93%,1.43,1.35,6.44,8.43,78.92%,-6.02%,-13.54%,Aug 05/a,0.95,0.55%,"6,141,452"
AAKO-A,1.91B,6.03%,8.78%,24.84%,11.76%,1.61,1.08,0.90,0.94,39.59%,13.34%,8.42%,Jul 28/b,24.27,-0.33%,430
AAKO-B,2.33B,4.96%,8.78%,24.84%,11.76%,1.61,1.08,0.90,0.94,39.59%,13.34%,8.42%,Jul 28/b,29.50,1.34%,"5,196"
AAKR,2.76B,4.05%,0.94%,1.93%,1.13%,1.29,1.29,0.69,0.76,31.69%,19.41%,11.01%,Jul 28/a,19.77,-0.75%,"1,224,717"
AAKRE,-,-,-,-,-,-,-,-,-,-,-,-,-,56.98,1.06%,"255,432"
AAKTS,1.30B,-,-,-,-,16.33,16.33,0.02,0.02,-,-,-,Aug 13/a,23.30,-2.67%,"228,578"
AAKTX,19.78M,-,-69.02%,-139.80%,-166.16%,0.60,0.60,0.00,0.04,-,-,-,Aug 13/a,11.30,3.86%,"135,276"
AALA,-,-,-,-,-,-,-,-,-,-,-,-,-,10.09,4.06%,"7,324"
AALAB,50.52B,-,23.07%,25.83%,20.95%,10.05,9.36,0.02,0.03,75.13%,22.75%,30.74%,Aug 04/a,291.22,2.35%,"2,313,479"
AALAI,-,-,-,-,-,-,-,-,-,-,-,-,-,45.17,0.38%,"50,914"
AALAR,14.11M,-,2.91%,3.79%,3.29%,2.58,2.58,0.05,0.08,57.91%,1.49%,2.53%,Sep 02,1.92,7.87%,"181,795"
AALB,13.87B,1.38%,1.35%,2.19%,1.84%,2.09,1.35,0.18,0.19,23.84%,14.12%,0.97%,Aug 05/a,117.52,-3.76%,"2,392,137"
AALBG,-,-,-,-,-,-,-,-,-,-,-,-,-,5.39,-7.15%,"29,258"
AALC,31.83B,0.55%,2.06%,2.94%,2.45%,2.09,1.30,0.22,0.25,56.85%,10.93%,5.92%,Aug 10/a,66.03,-0.78%,"1,942,203"
AALCO,293.48M,0.51%,0.75%,1.41%,0.81%,7.96,7.93,0.81,0.81,-74.23%,-140.77%,8.98%,Aug 10/a,39.56,-0.33%,"13,349"
AALDB,-,-,-,-,-,-,-,-,-,-,-,-,-,25.76,0.63%,207
AALDF,323.17M,-,3.53%,3.53%,3.47%,16.76,16.76,0.00,0.00,-,-,-,-,10.82,0.19%,"350,397"
AALDX,80.84M,-,-34.80%,-49.48%,-60.85%,4.84,4.84,0.00,0.00,-,-,-,Jul 31,1.34,-8.22%,"1,565,518"
AALEC,238.95M,-,-42.15%,-385.11%,-3160.47%,5.26,5.26,-,-,37.07%,-856.86%,-850.13%,Aug 06/a,2.14,0.00%,"4,699,046"
AALF,132.15M,-,5.20%,5.64%,23.21%,0.22,0.22,0.00,0.00,-,-,-,-,10.89,0.00%,112
AALG,2.06B,0.80%,6.16%,8.77%,6.94%,4.39,2.48,0.23,0.23,23.11%,8.91%,6.08%,Aug 03/a,169.08,1.08%,"134,611"
AALGM,6.77B,-,1.01%,1.51%,1.13%,3.70,2.33,0.31,0.32,47.20%,6.22%,1.50%,Jul 30/b,36.31,2.95%,"1,849,049"
AALGN,10.71B,-,6.55%,10.16%,9.58%,1.40,1.28,0.02,0.03,70.65%,18.38%,9.99%,Jul 29/a,150.82,0.07%,"619,849"
AALGS,32.60M,-,-75.57%,-113.59%,-236.11%,2.19,2.19,0.01,0.11,96.58%,-250.63%,-241.01%,Aug 06/b,5.22,-2.06%,"37,043"
AALGT,2.14B,-,0.46%,1.76%,0.58%,0.83,0.80,1.42,1.60,12.71%,8.64%,0.86%,Aug 04/a,78.27,2.89%,"606,274"
AALH,4.30B,-,-,-,8.12%,1.43,1.14,3.39,3.79,36.49%,19.22%,10.08%,Aug 13/b,21.61,2.22%,"1,174,191"
AALHC,2.62B,-,3.57%,20.04%,6.83%,1.70,-,1.25,1.25,-,1.20%,0.89%,Jul 30/a,12.61,-1.18%,"6,076,709"
AALIL,-,0.22%,-,-,-,-,-,-,-,-,-,-,-,30.82,1.77%,"14,127"
AALIS,87.14M,-,-,-,0.95%,3.05,3.05,0.00,0.00,-,-,-,-,10.34,0.58%,426
AALIT,322.19M,0.16%,-36.51%,-97.34%,-66.00%,1.38,1.38,2.00,2.06,18.92%,2.91%,-90.86%,Aug 04/a,11.96,-0.75%,"370,285"
AALK,4.59B,-,-0.85%,-4.60%,-1.65%,0.55,0.51,1.89,2.08,10.78%,-0.32%,-1.19%,Jul 21/a,41.16,2.62%,"2,833,651"
AALKS,7.71B,-,1.99%,3.85%,1.98%,2.30,1.85,0.85,0.87,82.13%,8.62%,3.97%,Jul 28/b,45.97,-0.30%,"1,283,128"
AALKT,2.19B,-,-5.40%,-12.77%,-6.28%,1.92,1.92,0.98,0.99,55.97%,-7.08%,-9.21%,Jul 29/a,20.51,7.61%,"3,339,652"
AALL,64.15B,1.70%,11.93%,46.11%,32.30%,0.43,-,0.22,0.22,-,23.82%,18.80%,Aug 06/b,253.71,0.76%,"1,336,813"
AALLE,13.04B,1.41%,12.82%,33.73%,15.34%,1.93,1.23,1.03,1.05,44.80%,20.83%,15.36%,Jul 23/b,153.35,1.38%,"1,061,096"
AALLO,614.97M,-,-32.43%,-42.39%,-32.67%,10.72,10.72,0.16,0.18,-151.47%,-3886.14%,-3566.68%,Aug 12/a,1.78,1.14%,"3,894,350"
AALLR,19.41M,-,-46.26%,-157.09%,-348.81%,1.11,1.11,0.00,6.30,100.00%,-3128.99%,-3575.07%,Aug 14/b,1.22,-2.40%,"210,251"
AALLT,367.90M,-,5.73%,9.35%,8.22%,2.26,2.01,0.04,0.06,70.53%,6.74%,9.40%,Aug 12/b,7.52,0.67%,"184,007"
AALLW,-,4.34%,-,-,-,-,-,-,-,-,-,-,-,29.59,0.03%,"422,908"
AALLY,12.80B,2.86%,0.75%,9.68%,4.93%,0.98,-,0.90,1.49,-,11.32%,8.41%,Jul 21/b,42.07,-0.24%,"3,543,311"
AALM,4.47B,-,10.92%,39.58%,8.49%,9.58,9.51,1.37,1.48,48.59%,5.27%,125.91%,Aug 11/a,15.49,-6.52%,"11,178,671"
AALMR,1.94B,-,-,-,-,11.85,10.23,0.16,0.16,-,-,-,Aug 10/a,27.89,0.43%,"323,878"
AALMS,1.23B,-,-74.94%,-93.65%,-90.74%,6.74,6.74,0.07,0.08,52.31%,-5479.55%,-5933.45%,Aug 13/a,9.18,-7.27%,"3,434,333"
AALMU,258.35M,-,-19.41%,-20.68%,-14.65%,26.10,26.10,0.02,0.03,39.65%,-130.54%,-115.56%,Sep 16/a,13.41,1.28%,"297,558"
AALNT,1.68B,0.15%,4.84%,9.51%,5.68%,3.42,1.95,0.61,0.63,31.15%,8.94%,4.98%,Aug 05/a,98.66,4.76%,"565,131"
AALNY,33.28B,-,15.96%,100.70%,20.01%,3.05,2.99,1.98,2.21,79.65%,20.81%,16.82%,Jul 30/b,248.68,0.47%,"1,177,421"
AALOV,375.19M,-,-,-,0.96%,9.88,9.88,0.00,0.00,-,-,-,-,10.04,0.60%,9
AALOY,583.81M,-,-132.81%,-150.23%,-76.33%,30.68,30.68,0.00,0.00,57.98%,-4460.02%,-5144.43%,Aug 13/a,8.41,-4.32%,"2,474,588"
AALP,6.26M,-,-,-,-,0.88,0.88,0.00,0.00,-,-,-,Aug 31,4.04,8.89%,"212,175"
AALPS,66.56M,-,-17.24%,-62.50%,-,0.04,0.04,-,-,-,-,-,Aug 07/b,0.40,3.92%,"139,824"
AALPX,147.31M,-,-,-,-,3.68,3.68,0.00,0.00,-,-,-,-,9.96,0.00%,68
AALRG,-,0.42%,-,-,-,-,-,-,-,-,-,-,-,31.18,1.10%,11
AALRM,2.72B,-,6.28%,14.19%,8.28%,4.96,4.38,0.65,0.66,62.57%,13.01%,11.11%,Aug 06/a,55.36,0.34%,"593,392"
AALRS,829.34M,2.61%,0.52%,4.95%,4.06%,0.03,-,0.17,0.77,-,10.79%,8.24%,Jul 29/a,33.27,1.03%,"115,524"
AALSN,10.48B,0.88%,7.49%,28.35%,8.57%,1.81,1.17,2.12,2.14,35.35%,21.40%,12.02%,Aug 03/a,126.94,-0.47%,"498,906"
AALT,636.07M,-,-25.58%,-28.87%,-17.99%,26.77,26.77,0.08,0.08,-219.35%,-320725.81%,-296000.00%,Aug 12/b,3.27,-0.61%,"2,704,721"
AALTG,192.08M,-,-5.82%,-2085.71%,-10.33%,1.38,0.51,-,-,24.42%,0.90%,-4.58%,Aug 06/a,5.88,2.62%,"165,270"
AALTI,513.05M,-,-4.97%,-9.00%,-11.52%,1.11,1.11,0.12,0.13,-,-26.71%,-46.90%,Aug 10/a,3.29,1.23%,"93,872"
AALTL,-,1.30%,-,-,-,-,-,-,-,-,-,-,-,45.59,0.16%,"1,092"
AALTO,302.52M,-,13.16%,22.23%,15.39%,3.19,2.17,0.30,0.32,6.72%,5.49%,5.38%,Aug 05/a,3.90,-1.52%,"812,921"
AALTY,-,7.69%,-,-,-,-,-,-,-,-,-,-,-,12.15,0.11%,"12,201"
AALUB,363.69M,-,-,-,-1.07%,1.98,1.98,0.00,0.00,-,-,-,-,10.12,0.00%,"104,396"
AALV,8.87B,2.84%,7.58%,25.93%,15.00%,1.03,0.79,0.72,0.88,19.22%,9.97%,5.79%,Jul 17/b,121.13,-0.03%,"445,058"
AALVO,2.07B,-,-12.05%,-,-14.88%,1.65,0.96,-,-,60.45%,9.12%,-36.51%,Aug 19/a,5.29,0.95%,"667,872"
AALX,1.27B,7.22%,13.46%,92.02%,16.05%,16.17,16.17,3.73,3.73,31.18%,28.61%,79.06%,Aug 03/b,249.18,-1.63%,"64,106"
AALXO,268.26M,-,-63.16%,-80.65%,-55.41%,9.71,9.71,0.07,0.08,-,-,-,Aug 06/b,1.94,2.11%,"1,036,362"
AALZN,8.30M,-,-122.36%,-163.23%,-156.77%,3.01,3.01,0.00,0.00,-,-,-,Jul 01,1.72,1.18%,"393,645"
AAM,10.47B,4.09%,6.61%,19.82%,7.21%,0.84,0.84,1.85,1.86,62.92%,56.10%,30.41%,Jul 29/a,22.06,-0.94%,"1,846,144"
AAMA,-,-,-,-,-,-,-,-,-,-,-,-,-,20.64,1.01%,"127,904"
AAMAA,-,-,-,-,-,-,-,-,-,-,-,-,-,30.25,4.18%,670
AAMAC,-,-,-,-,-,0.00,0.00,-,-,-,-,-,-,9.87,0.23%,"11,656"
AAMAL,1.43B,1.42%,1.26%,14.28%,12.41%,0.04,-,0.09,0.09,-,30.77%,23.41%,Jul 23/b,47.87,-1.34%,"493,528"
AAMAN,106.53M,-,-,-,-,3.86,3.86,0.00,0.00,-,-,-,-,10.70,-0.47%,833
AAMAT,362.27B,0.42%,23.84%,41.07%,29.37%,2.42,1.79,0.23,0.29,49.40%,31.09%,30.05%,Aug 13/a,456.49,0.55%,"4,317,585"
AAMAU,-,-,-,-,-,-,-,-,-,-,-,-,-,12.53,0.89%,"98,945"
AAMAX,-,11.80%,-,-,-,-,-,-,-,-,-,-,-,7.57,0.93%,"47,997"
AAMBA,3.00B,-,-7.58%,-9.41%,-8.93%,2.85,2.29,0.02,0.02,57.51%,-14.61%,-13.48%,Sep 03/a,67.86,-0.01%,"1,377,368"
AAMBO,5.48M,-,-,-,-,2.44,2.28,0.79,1.02,-,-,-,Aug 14/a,2.09,0.57%,"2,068"
AAMBP,2.89B,8.28%,0.74%,-,1.19%,1.06,0.73,-,-,10.40%,5.26%,0.52%,Jul 23/b,4.84,0.62%,"1,695,384"
AAMBQ,1.54B,-,-14.09%,-15.55%,-9.06%,15.95,14.83,0.01,0.01,43.62%,-43.32%,-37.77%,Aug 11/b,63.52,4.71%,"428,529"
AAMBR,93.36M,-,0.26%,0.74%,-0.15%,1.22,1.22,0.00,0.01,75.98%,0.66%,-0.28%,Sep 03/b,1.08,6.93%,"276,832"
AAMC,2.20B,-,-6.83%,-,-9.99%,0.55,0.55,-,-,26.71%,5.23%,-10.59%,Jul 20/b,2.46,4.24%,"17,064,954"
AAMCI,74.13M,-,-5.95%,-6.54%,-20.74%,11.39,9.31,0.00,0.01,-,-,-,Apr 21/a,3.28,3.14%,"37,479"
AAMCR,19.57B,6.14%,2.98%,9.41%,4.17%,1.25,0.76,1.25,1.28,17.54%,8.61%,4.71%,Aug 12/b,42.32,-1.58%,"3,012,515"
AAMCX,502.01M,-,-0.48%,-2.10%,-0.75%,1.76,1.76,1.91,1.92,44.46%,7.72%,-0.88%,Jul 30/b,12.17,0.83%,"414,707"
AAMD,842.57B,-,8.12%,10.20%,9.11%,2.61,1.91,0.05,0.06,50.37%,15.71%,15.58%,Aug 04/a,516.13,2.49%,"19,026,155"
AAMDC,-,-,-,-,-,-,-,-,-,-,-,-,-,20.74,4.66%,"1,280"
AAMDD,-,14.55%,-,-,-,-,-,-,-,-,-,-,-,27.40,-2.35%,"581,328"
AAMDG,-,3.04%,-,-,-,-,-,-,-,-,-,-,-,97.74,4.60%,"12,638"
AAMDL,-,-,-,-,-,-,-,-,-,-,-,-,-,57.67,4.87%,"1,833,004"
AAMDW,-,52.80%,-,-,-,-,-,-,-,-,-,-,-,86.49,2.89%,"70,933"
AAMDY,-,75.76%,-,-,-,-,-,-,-,-,-,-,-,45.47,2.04%,"217,481"
AAME,55.45B,0.56%,9.89%,14.56%,12.58%,1.21,0.76,0.11,0.21,40.94%,26.45%,20.04%,Aug 04/b,241.87,3.26%,"1,312,724"
AAMEI,-,-,-,-,-,-,-,-,-,-,-,-,-,25.67,0.73%,"4,161"
AAMEM,-,-,-,-,-,-,-,-,-,-,-,-,-,24.81,1.05%,"1,063"
AAMG,9.20B,0.01%,9.40%,27.29%,14.17%,1.29,1.29,0.99,0.99,93.99%,21.70%,37.63%,Jul 30/b,355.61,0.30%,"184,108"
AAMGN,204.01B,2.68%,9.53%,91.47%,13.76%,1.37,1.13,4.44,4.90,72.71%,33.31%,22.89%,Aug 04/a,377.35,-1.34%,"2,272,874"
AAMGR,-,-,-,-,-,-,-,-,-,-,-,-,-,25.08,0.96%,"2,556"
AAMH,11.33B,4.18%,3.57%,6.83%,4.00%,1.00,1.00,0.75,0.76,31.24%,24.78%,24.50%,Jul 30/a,31.48,-0.25%,"2,206,420"
AAMHI,-,0.81%,-,-,-,-,-,-,-,-,-,-,-,23.84,0.44%,8
AAMID,-,0.33%,-,-,-,-,-,-,-,-,-,-,-,36.17,1.38%,"7,773"
AAMIX,7.99M,-,-248.22%,-315.99%,-509.36%,4.85,4.85,0.00,0.00,-,-,-,Sep 02,4.37,-0.34%,"56,662"
AAMJB,-,5.41%,-,-,-,-,-,-,-,-,-,-,-,37.16,-1.62%,"68,123"
AAMKL,-,-,-,-,-,-,-,-,-,-,-,-,-,6.71,8.58%,"90,877"
AAMKR,12.85B,0.67%,6.38%,12.56%,7.81%,2.17,1.91,0.53,0.58,15.51%,8.92%,7.45%,Jul 27/a,51.73,4.44%,"3,064,207"
AAMKX,-,-,-,-,-,-,-,-,-,-,-,-,-,10.73,8.51%,"1,120"
AAMLP,-,7.28%,-,-,-,-,-,-,-,-,-,-,-,55.91,0.29%,"1,187,486"
AAMLX,3.97B,-,-66.25%,-74.73%,-62.48%,12.12,12.12,0.02,0.02,-,-,-,Aug 06/b,31.62,-1.46%,"1,712,745"
AAMMO,-,-,-,-,-,-,-,-,-,-,-,-,-,24.50,0.28%,820
AAMN,1.29B,-,4.59%,15.56%,6.94%,1.13,1.13,1.04,1.05,23.80%,4.68%,3.05%,Aug 06/a,33.34,0.88%,"480,460"
AAMOD,11.04M,-,-544.55%,-,-,0.34,0.34,-,-,-,-127536.19%,-155449.47%,Jun 03,2.24,7.18%,"422,881"
AAMOM,-,0.03%,-,-,-,-,-,-,-,-,-,-,-,59.33,1.80%,464
AAMP,49.26B,1.21%,2.06%,63.43%,31.09%,8.47,8.47,0.99,1.03,51.56%,27.14%,19.91%,Jul 23/b,557.61,0.74%,"327,073"
AAMPG,103.95M,-,-14.94%,-19.39%,-15.97%,3.76,2.61,0.07,0.08,29.83%,-34.68%,-33.37%,Aug 13/a,3.46,0.29%,"709,196"
AAMPH,1.01B,-,4.68%,10.30%,5.44%,2.40,1.71,0.88,0.90,45.61%,15.66%,10.76%,Aug 06/a,23.78,1.02%,"410,954"
AAMPL,1.57B,-,-24.48%,-47.89%,-70.23%,0.95,0.95,0.04,0.07,72.28%,-27.22%,-26.59%,Aug 05/a,12.59,1.04%,"1,494,974"
AAMPU,-,-,-,-,-,-,-,-,-,-,-,-,-,2.02,-3.35%,"408,767"
AAMPX,1.38B,-,-28.21%,-37.97%,-29.35%,7.17,6.54,0.04,0.05,22.25%,-17.05%,-35.16%,Aug 04/a,9.44,-1.15%,"3,548,710"
AAMPY,204.38M,-,2.90%,4.60%,4.43%,1.31,1.31,0.00,0.01,28.61%,3.37%,9.18%,Aug 10/a,4.93,-0.60%,"463,904"
AAMR,2.66B,-,-1.99%,-2.96%,-3.06%,3.41,2.37,0.01,0.01,0.93%,-2.17%,-2.23%,Aug 07/b,209.41,-3.82%,"414,664"
AAMRC,1.26B,-,0.62%,2.49%,0.92%,1.49,1.47,1.49,1.63,15.91%,6.83%,1.40%,Aug 03/a,23.78,4.34%,"516,664"
AAMRN,291.46M,-,-4.18%,-5.96%,-6.03%,3.67,2.67,0.01,0.01,40.42%,-12.88%,-14.57%,Jul 29/b,13.80,-1.71%,"49,369"
AAMRX,5.43B,-,4.37%,-,5.82%,2.20,1.44,80.87,84.55,39.32%,15.30%,5.05%,Jul 30/b,17.01,0.83%,"1,157,718"
AAMRZ,22.43B,1.49%,4.98%,9.53%,6.72%,1.10,0.73,0.39,0.55,25.02%,15.63%,9.89%,Aug 06/a,40.52,0.20%,"3,654,112"
AAMS,9.81M,-,-3.06%,-7.46%,-6.51%,0.77,0.77,0.18,0.89,17.07%,-7.44%,-5.83%,Aug 13/b,1.47,0.31%,"6,872"
AAMSC,1.43B,-,22.48%,30.16%,23.75%,2.43,1.74,0.00,0.01,27.77%,4.41%,42.56%,Aug 05/a,29.53,3.04%,"394,555"
AAMSF,459.14M,6.62%,4.56%,18.23%,18.79%,0.64,-,0.00,0.00,-,17.45%,14.00%,Jul 21/a,24.77,0.45%,"566,276"
AAMSS,8.24M,-,-,-,-,0.70,0.26,-,-,-,-,-,Aug 14/a,0.71,-1.48%,"10,061"
AAMST,6.78M,-,-112.30%,-121.49%,-228.57%,4.33,4.33,0.00,0.00,11.66%,-863.74%,-871.86%,-,1.03,0.49%,"33,826"
AAMT,82.87B,4.03%,5.35%,91.52%,7.94%,0.35,0.35,10.51,12.09,54.84%,45.16%,31.08%,Jul 28/b,177.85,2.82%,"1,911,760"
AAMTB,1.15B,1.23%,0.55%,6.13%,3.09%,0.04,-,1.00,1.00,-,12.64%,9.09%,Jul 23/a,29.32,0.21%,"272,492"
AAMTD,32.67M,-,1.89%,2.87%,2.13%,8.83,8.83,0.28,0.33,27.78%,81.04%,72.38%,-,0.77,1.45%,809
AAMTM,4.76B,-,1.77%,4.46%,2.41%,1.52,1.52,0.80,0.81,7.40%,3.93%,1.44%,Aug 10/a,19.46,-0.51%,"1,050,301"
AAMTX,145.06M,-,-22.74%,-,-,0.08,0.05,-,-,10.40%,-5.02%,-26.14%,Aug 06/b,2.01,-0.99%,"970,072"
AAMUB,-,5.37%,-,-,-,-,-,-,-,-,-,-,-,23.74,0.07%,333
AAMUN,-,2.61%,-,-,-,-,-,-,-,-,-,-,-,26.05,0.02%,16
AAMUU,-,0.70%,-,-,-,-,-,-,-,-,-,-,-,204.10,4.88%,"45,386"
AAMWL,221.11M,-,-21.82%,-31.01%,-35.31%,2.87,2.86,0.00,0.01,37.05%,-33.15%,-35.75%,Aug 04/a,13.00,1.64%,"74,443"
AAMX,69.87B,3.02%,5.00%,24.05%,9.22%,0.71,0.66,1.52,1.84,43.88%,22.02%,9.38%,Jul 21/a,22.83,0.04%,"2,133,263"
AAMYY,-,119.08%,-,-,-,-,-,-,-,-,-,-,-,13.44,-0.85%,"20,023"
AAMZA,-,7.60%,-,-,-,-,-,-,-,-,-,-,-,51.06,0.29%,"22,519"
AAMZD,-,3.61%,-,-,-,-,-,-,-,-,-,-,-,8.53,-2.06%,"8,569,588"
AAMZE,3.31M,-,-24.93%,-36.05%,-135.40%,0.16,0.16,0.01,0.66,86.87%,-501.64%,-560.90%,Aug 17/b,0.16,-5.86%,"3,335,151"
AAMZG,-,-,-,-,-,-,-,-,-,-,-,-,-,15.59,4.21%,"29,419"
AAMZN,2769.71B,-,15.22%,30.56%,17.46%,1.03,0.87,0.40,0.44,50.77%,12.68%,17.44%,Jul 30/a,256.78,1.94%,"26,724,121"
AAMZO,-,-,-,-,-,-,-,-,-,-,-,-,-,13.90,-4.01%,"25,702"
AAMZP,-,19.11%,-,-,-,-,-,-,-,-,-,-,-,25.90,2.42%,"3,025"
AAMZU,-,2.20%,-,-,-,-,-,-,-,-,-,-,-,36.57,3.74%,"1,096,016"
AAMZW,-,39.59%,-,-,-,-,-,-,-,-,-,-,-,36.32,2.67%,"11,910"
AAMZY,-,47.32%,-,-,-,-,-,-,-,-,-,-,-,10.54,1.25%,"273,281"
AAMZZ,-,-,-,-,-,-,-,-,-,-,-,-,-,34.13,4.26%,"57,447"
AAN,6.73B,-,5.33%,32.77%,8.87%,0.78,0.18,2.87,5.02,16.92%,4.69%,2.82%,Jul 31/b,203.67,-1.71%,"493,429"
AANAB,1.60B,-,-7.13%,-114.55%,-9.30%,7.58,7.58,21.59,21.75,98.96%,17.56%,-11.53%,Sep 11,53.87,-2.34%,"336,187"
AANDE,2.41B,1.13%,5.12%,13.22%,9.42%,1.51,0.81,0.43,0.68,7.01%,1.24%,1.62%,Aug 03/a,70.97,-1.27%,"275,688"
AANDG,6.06B,-,22.00%,206.05%,-,2.19,2.19,-,-,34.12%,14.47%,11.86%,Aug 12/a,53.65,0.86%,"301,708"
AANEL,-,-,-,-,-,-,-,-,-,-,-,-,-,26.75,11.25%,"37,855"
AANET,251.73B,-,20.10%,31.48%,27.33%,2.96,2.59,0.00,0.00,63.00%,43.14%,38.37%,Aug 04/a,199.59,5.61%,"4,641,795"
AANEW,-,0.51%,-,-,-,-,-,-,-,-,-,-,-,53.31,0.76%,22
AANF,6.16B,-,15.54%,40.50%,22.52%,1.41,0.87,0.76,0.95,60.71%,13.90%,10.04%,Aug 26/b,145.23,1.61%,"1,342,289"
AANGH,30.59M,-,-75.20%,-205.22%,-326.04%,0.49,0.49,0.00,0.00,-26.06%,-73.99%,-90.10%,-,3.38,3.53%,"6,071"
AANGI,191.43M,-,-14.25%,-26.25%,-20.42%,1.20,1.20,0.58,0.58,89.39%,4.86%,-22.35%,Aug 04/a,4.72,1.51%,"645,491"
AANGL,-,6.65%,-,-,-,-,-,-,-,-,-,-,-,28.51,-0.14%,"510,019"
AANGO,631.15M,-,-13.43%,-20.77%,-20.40%,2.18,1.48,0.05,0.06,51.29%,-6.97%,-11.48%,Jul 14/b,15.27,0.20%,"341,961"
AANGU,-,-,-,-,-,-,-,-,-,-,-,-,-,25.26,0.84%,"26,525"
AANGX,1.02B,-,-131.22%,-221.24%,-526.81%,0.65,0.64,-,-,63.04%,-30.10%,-37.45%,Aug 04/a,5.45,1.30%,"2,351,204"
AANIK,279.17M,-,-1.68%,-2.19%,-2.36%,4.48,3.19,0.17,0.18,62.16%,-4.24%,-3.14%,Jul 29/b,20.86,-0.62%,"70,337"
AANIP,1.61B,-,7.05%,19.33%,8.42%,2.91,2.40,0.99,1.02,51.63%,13.34%,10.18%,Aug 07/b,70.19,-1.78%,"371,404"
AANIX,95.95M,-,-63.45%,-66.84%,-71.11%,8.54,8.54,0.01,0.01,-,-,-,Jun 05,2.76,0.36%,"389,372"
AANL,893.28M,-,-14.10%,-20.28%,-10.12%,9.55,9.55,0.04,0.12,-,-133.92%,-124.82%,Aug 14/b,15.21,0.80%,"228,743"
AANNA,234.27M,-,8.00%,21.82%,19.50%,1.90,1.90,0.00,0.00,69.24%,28.95%,19.76%,-,3.50,0.86%,"410,755"
AANNX,746.94M,-,-79.38%,-105.26%,-97.63%,5.53,5.53,0.12,0.13,-,-,-,Aug 12/b,3.94,-4.83%,"3,939,351"
AANPA,39.57M,-,1.77%,3.20%,2.23%,2.68,2.68,0.04,0.12,37.54%,1.53%,2.11%,-,2.62,-5.42%,"23,600"
AANRO,1.26B,-,-40.90%,-49.17%,-35.48%,14.85,14.85,0.08,0.11,-,-,-,Aug 12/a,32.00,1.01%,"415,767"
AANTA,89.37M,-,0.45%,6.10%,3.15%,1.29,1.29,0.84,3.72,48.91%,-5.04%,7.94%,Aug 19/b,3.72,-4.24%,"2,706"
AANTW,-,-,-,-,-,-,-,-,-,-,-,-,-,24.91,2.02%,"52,320"
AANTX,204.15M,-,-46.06%,-50.12%,-47.78%,14.32,14.32,0.00,0.00,-,-,-,Aug 11/a,5.41,-4.92%,"103,538"
AANV,-,9.36%,-,-,-,-,-,-,-,-,-,-,-,25.30,0.32%,667
AANVS,47.72M,-,-227.74%,-703.68%,-,3.47,3.47,-,-,-,-,-,Aug 14/b,1.12,-5.88%,"1,894,458"
AANY,23.50M,-,-108.96%,-130.19%,-177.55%,1.03,1.03,0.08,0.08,-44.31%,-138.53%,-332.50%,Aug 14/b,2.70,6.30%,"834,147"
AAOA,-,2.10%,-,-,-,-,-,-,-,-,-,-,-,98.36,0.43%,"82,088"
AAOCT,-,-,-,-,-,-,-,-,-,-,-,-,-,27.61,-0.09%,"1,865"
AAOD,1.11B,11.69%,-,-,-,-,-,-,-,-,-,-,-,10.52,0.10%,"397,932"
AAOHY,-,6.64%,-,-,-,-,-,-,-,-,-,-,-,10.93,-0.14%,"43,121"
AAOK,-,3.42%,-,-,-,-,-,-,-,-,-,-,-,40.85,0.25%,"238,079"
AAOM,-,3.08%,-,-,-,-,-,-,-,-,-,-,-,49.34,0.30%,"118,070"
AAOMR,188.04M,15.80%,0.67%,7.77%,0.82%,0.10,0.10,8.76,10.62,91.18%,87.93%,12.20%,Aug 04/b,8.10,0.00%,"118,974"
AAON,61.74B,1.06%,7.29%,44.88%,16.82%,1.03,1.03,1.42,1.65,89.58%,28.47%,22.27%,Jul 29/b,302.69,-1.65%,"2,238,052"
AAOR,-,2.55%,-,-,-,-,-,-,-,-,-,-,-,69.36,0.52%,"337,858"
AAORT,1.22B,-,-0.33%,-0.73%,-0.37%,2.97,2.01,0.90,0.92,61.17%,6.63%,-0.67%,Aug 06/a,25.08,1.74%,"547,920"
AAOS,7.80B,2.51%,14.52%,27.13%,20.18%,1.59,1.04,0.35,0.37,38.51%,18.09%,13.15%,Jul 30/b,57.39,1.20%,"1,513,644"
AAOSL,780.08M,-,-4.23%,-5.22%,-5.18%,3.44,1.85,0.02,0.04,22.32%,-6.36%,-6.23%,Aug 12/a,25.78,3.91%,"506,887"
AAOTG,-,-,-,-,-,-,-,-,-,-,-,-,-,65.61,0.58%,782
AAOUT,197.90M,-,-1.66%,-2.35%,-2.01%,4.93,1.97,0.18,0.19,45.97%,-0.44%,-1.97%,Sep 03/a,15.68,4.32%,"172,718"
AAP,167.54M,-,-11.53%,-126.34%,-38.23%,1.78,0.96,3.98,4.56,14.11%,2.04%,-13.84%,Aug 11/b,8.11,-1.58%,"47,918"
AAPA,15.67B,2.24%,9.30%,25.95%,15.58%,0.95,0.79,0.53,0.55,48.00%,41.32%,19.04%,Aug 05/a,44.73,0.45%,"4,258,059"
AAPAC,82.52M,-,3.53%,3.55%,1.78%,4.88,4.88,0.00,0.00,-,-,-,-,10.23,-0.20%,25
AAPAM,3.07B,9.34%,18.73%,67.84%,37.01%,2.89,2.89,0.75,0.75,-,36.65%,20.63%,Jul 28/a,37.91,-4.51%,"1,156,858"
AAPC,900.03M,7.98%,-,-,-,1.18,1.03,2.91,3.04,-,-,-,Aug 06/a,18.92,0.96%,"122,474"
AAPCB,-,4.19%,-,-,-,-,-,-,-,-,-,-,-,28.52,-0.11%,"81,927"
AAPD,64.90B,2.48%,-0.12%,-0.32%,-0.15%,1.08,0.92,1.24,1.31,32.11%,24.29%,-0.38%,Jul 30/b,291.43,-0.76%,"921,260"
AAPDB,-,-,-,-,-,-,-,-,-,-,-,-,-,26.15,0.52%,96
AAPEI,822.47M,-,8.50%,15.58%,10.13%,3.25,3.25,0.44,0.49,53.43%,10.20%,6.84%,Aug 10/a,44.94,0.18%,"132,816"
AAPG,16.51B,-,3.74%,10.35%,4.98%,1.39,1.32,0.98,1.09,28.47%,6.41%,-3.19%,Jul 30/b,37.86,1.28%,"3,538,065"
AAPGE,10.22B,-,-29.53%,-32.46%,-22.67%,26.44,26.44,0.09,0.09,-,-,-,Aug 10/b,135.07,0.00%,0
AAPH,206.94B,0.63%,14.60%,38.08%,15.74%,1.89,1.41,1.11,1.21,38.95%,28.13%,17.73%,Jul 29/b,83.92,4.57%,"11,037,068"
AAPHG,-,-,-,-,-,-,-,-,-,-,-,-,-,15.50,8.99%,"5,503"
AAPHU,-,-,-,-,-,-,-,-,-,-,-,-,-,26.48,9.32%,"3,359"
AAPI,302.35M,-,1.54%,1.96%,1.68%,5.11,5.11,0.18,0.18,64.49%,-4.81%,7.23%,Aug 13/a,4.06,0.50%,"83,676"
AAPIE,-,3.36%,-,-,-,-,-,-,-,-,-,-,-,39.20,0.89%,"53,796"
AAPLD,7.70B,-,-4.48%,-21.89%,-3.59%,4.01,4.01,2.82,2.86,22.38%,-29.73%,-43.39%,Jul 27/a,26.42,2.48%,"10,085,415"
AAPLE,3.67B,6.17%,3.58%,5.53%,3.87%,0.39,0.39,0.44,0.51,20.52%,17.81%,12.17%,Aug 05/a,15.55,-0.06%,"1,829,940"
AAPLM,67.64M,-,-110.43%,-1305.37%,-,0.96,-,-,-,-,-304.27%,-128.69%,Apr 27/b,23.20,-2.75%,"5,851"
AAPLU,-,4.90%,-,-,-,-,-,-,-,-,-,-,-,23.88,-0.19%,"37,753"
AAPLX,-,-,-,-,-,-,-,-,-,-,-,-,-,8.34,4.25%,"1,131,412"
AAPLY,-,31.84%,-,-,-,-,-,-,-,-,-,-,-,11.85,0.85%,"46,759"
AAPLZ,-,-,-,-,-,-,-,-,-,-,-,-,-,22.00,-4.80%,"283,556"
AAPMC,198.89M,-,-,-,-,4.69,4.69,0.00,0.00,-,-,-,-,9.97,0.05%,10
AAPMD,1.09B,-,-,-,-,5.06,5.06,1.15,1.15,-,-,-,Sep 08/a,26.23,-2.13%,"207,775"
AAPMI,-,-,-,-,-,-,-,-,-,-,-,-,-,13.37,0.87%,463
AAPMU,-,2.66%,-,-,-,-,-,-,-,-,-,-,-,24.40,0.08%,"42,816"
AAPNAU,-,-,-,-,-,-,-,-,-,-,-,-,-,-,-,0
AAPO,76.17B,1.73%,0.38%,8.63%,5.01%,0.11,0.11,0.65,0.65,60.37%,21.34%,4.57%,Aug 04/b,128.98,0.84%,"1,872,382"
AAPOC,-,-,-,-,-,-,-,-,-,-,-,-,-,26.56,0.08%,"3,468"
AAPOG,790.49M,2.82%,6.05%,13.76%,8.71%,1.76,1.34,0.53,0.56,23.84%,9.02%,4.88%,Jun 26/b,37.88,0.93%,"155,947"
AAPP,108.41B,-,61.99%,203.68%,66.03%,4.30,4.30,1.11,1.11,87.65%,77.74%,64.57%,Aug 05/a,323.96,3.01%,"3,761,184"
AAPPC,-,-,-,-,-,-,-,-,-,-,-,-,-,11.28,6.27%,"8,046"
AAPPF,7.38B,-,25.91%,32.09%,28.29%,3.69,3.69,0.06,0.07,61.56%,17.52%,15.13%,Jul 23/a,208.48,1.32%,"192,370"
AAPPN,2.49B,-,-1.81%,-,-6.38%,0.90,0.90,-,-,71.35%,4.37%,-1.34%,Aug 06/b,34.76,2.03%,"1,478,831"
AAPPS,1.43B,-,-4.21%,-20.39%,-6.55%,1.20,1.20,1.80,1.87,38.26%,10.33%,-5.82%,Aug 04/a,11.81,0.08%,"2,564,239"
AAPPX,-,72.96%,-,-,-,-,-,-,-,-,-,-,-,13.67,5.97%,"1,415,098"
AAPRB,-,-,-,-,-,-,-,-,-,-,-,-,-,27.42,0.26%,"11,454"
AAPRE,9.74M,-,-41.30%,-46.15%,-31.40%,13.55,13.55,0.00,0.00,-324.92%,-255025.52%,-237362.80%,Aug 12/b,0.77,-1.93%,"127,715"
AAPRH,-,6.89%,-,-,-,-,-,-,-,-,-,-,-,25.25,0.04%,"2,252"
AAPRJ,-,5.69%,-,-,-,-,-,-,-,-,-,-,-,25.01,0.12%,"2,127"
AAPRP,-,-,-,-,-,-,-,-,-,-,-,-,-,33.26,0.37%,"5,215"
AAPRT,-,-,-,-,-,-,-,-,-,-,-,-,-,46.84,0.39%,"2,414"
AAPRW,-,-,-,-,-,-,-,-,-,-,-,-,-,37.74,0.23%,"2,278"
AAPRZ,-,3.10%,-,-,-,-,-,-,-,-,-,-,-,40.44,0.73%,13
AAPT,52.97M,-,5.66%,6.61%,5.88%,17.04,11.18,0.10,0.12,36.42%,7.50%,6.79%,Aug 06/b,5.19,-0.57%,"26,103"
AAPTV,9.46B,-,1.29%,2.93%,1.54%,2.02,1.33,0.64,0.65,17.56%,9.65%,1.17%,Aug 04/b,45.54,-0.33%,"2,411,213"
AAPUE,-,0.74%,-,-,-,-,-,-,-,-,-,-,-,47.04,0.77%,"123,775"
AAPUR,147.74M,-,-,-,-0.03%,4.97,4.97,0.00,0.00,-,-,-,-,10.03,0.10%,"2,759,886"
AAPUS,3.18M,-,-84.20%,-100.13%,-54.59%,0.51,0.51,0.00,0.14,-,-,-,-,2.11,-3.00%,"20,697"
AAPVO,3.29M,-,-185.67%,-445.43%,-299.90%,2.08,2.08,0.54,0.70,-,-,-,Aug 14/b,1.82,-0.55%,"45,090"
AAPWC,28.04M,-,1.69%,3.70%,3.30%,2.39,1.29,0.01,0.30,8.28%,2.41%,1.28%,Aug 14/b,1.36,-2.16%,519
AAPXM,-,-,-,-,-,-,-,-,-,-,-,-,-,32.08,0.17%,33
AAPXT,466.26M,-,3.53%,3.69%,1.84%,0.44,0.44,0.00,0.00,-,-,-,-,10.15,0.00%,"2,475"
AAPYX,122.16M,-,-14.48%,-96.38%,-17.33%,5.68,4.53,3.67,3.72,38.70%,-6.06%,-14.78%,Aug 06/a,2.90,0.35%,"161,333"
AAQB,6.28M,-,-8.91%,-20.81%,-652.65%,4.26,4.26,0.00,0.00,-,-,-,-,1.22,15.09%,"138,993"
AAQEC,-,0.89%,-,-,-,-,-,-,-,-,-,-,-,25.74,0.78%,"10,106"
AAQLG,-,-,-,-,-,-,-,-,-,-,-,-,-,26.30,0.43%,9
AAQLT,-,0.98%,-,-,-,-,-,-,-,-,-,-,-,31.59,0.86%,"10,112"
AAQMS,8.23M,-,-146.30%,-218.39%,-165.20%,2.43,2.35,0.02,0.05,-,-,-,Jul 30/a,2.31,4.05%,"20,919"
AAQN,4.21B,4.90%,1.44%,4.28%,1.39%,0.88,0.69,1.32,1.44,19.91%,19.91%,5.52%,Aug 07/b,5.31,-2.21%,"7,221,671"
AAQST,599.95M,-,-69.29%,-,-86.35%,7.19,6.74,-,-,67.04%,-97.52%,-144.63%,Aug 11/a,4.78,-4.21%,"4,159,293"
AAQWA,-,1.63%,-,-,-,-,-,-,-,-,-,-,-,18.31,0.18%,764
AAR,11.81B,-,7.74%,13.87%,8.87%,0.40,0.40,0.47,0.55,25.75%,21.80%,18.32%,Jul 29/a,38.43,-1.89%,"2,740,409"
AARAI,11.54M,-,-274.94%,-621.87%,-456.87%,0.92,0.91,0.32,1.14,-228.52%,-24765.17%,-55216.79%,Aug 13/b,0.22,-3.35%,"280,738"
AARAY,29.88M,-,-10.77%,-80.08%,-22.79%,1.49,0.72,4.18,4.50,27.71%,-2.88%,-12.24%,Aug 19/a,0.25,2.96%,"698,394"
AARB,-,0.42%,-,-,-,-,-,-,-,-,-,-,-,29.79,0.03%,"5,326"
AARBB,7.93M,-,-22.26%,-28.26%,-31.43%,2.81,2.81,0.00,0.00,-3.34%,-15.34%,-21.77%,-,4.49,-2.81%,"7,305"
AARBE,99.83M,-,-53.65%,-80.64%,-94.83%,2.30,2.30,0.03,0.64,-24.09%,-2359.86%,-2116.84%,Aug 06/b,0.78,3.27%,"1,484,260"
AARBK,42.86M,-,-,-,33.83%,0.51,0.51,0.14,0.27,-1.69%,-63.10%,31.95%,-,2.93,1.21%,"7,465"
AARCB,3.01B,0.38%,0.66%,1.27%,1.02%,0.97,0.97,0.26,0.36,7.16%,3.07%,0.39%,Jul 29/b,134.86,-0.08%,"208,161"
AARCC,14.17B,9.73%,3.22%,6.88%,3.24%,1.36,1.36,1.14,1.14,78.21%,58.03%,29.21%,Jul 29/b,19.74,0.30%,"4,324,829"
AARCI,356.68M,-,-,-,-,9.50,9.50,0.00,0.00,-,-,-,-,10.13,0.30%,21
AARCL,179.78M,-,-,-,0.47%,0.00,0.00,0.00,0.00,-,-,-,-,10.02,0.15%,"2,411"
AARCM,-,3.58%,-,-,-,-,-,-,-,-,-,-,-,100.11,0.01%,13
AARCO,1.67B,3.29%,7.07%,36.38%,8.95%,0.88,0.81,2.45,2.65,12.38%,5.98%,5.15%,Aug 13/b,8.01,-0.62%,"870,594"
AARCP,-,0.18%,-,-,-,-,-,-,-,-,-,-,-,24.68,-0.09%,16
AARCT,418.67M,-,-34.96%,-46.31%,-48.89%,5.88,5.88,0.11,0.13,85.37%,-563.29%,-498.16%,Aug 06/a,14.73,5.36%,"496,635"
AARCX,-,-,-,-,-,-,-,-,-,-,-,-,-,12.52,1.00%,"14,318"
AARDC,291.91M,11.03%,-,-,-,-,-,-,-,-,-,-,-,12.18,0.08%,"51,137"
AARDT,1.55B,-,1.52%,6.01%,2.18%,2.10,1.99,1.66,1.68,14.84%,4.03%,1.22%,Aug 04/a,10.98,0.73%,"349,562"
AARDX,892.09M,-,-10.68%,-38.61%,-13.80%,3.34,3.15,1.71,1.72,93.62%,-7.86%,-12.35%,Aug 06/a,3.58,-1.10%,"5,690,263"
AARE,8.91B,5.63%,-2.86%,-6.30%,-3.62%,1.57,1.57,0.83,0.85,23.41%,27.28%,-36.32%,Aug 03/a,51.14,3.19%,"2,191,473"
AAREC,228.92M,-,-17.90%,-,-34.10%,0.10,0.09,-,-,-,-31609.89%,-39087.51%,Aug 18,2.14,-2.28%,"1,312,602"
AARES,43.48B,4.11%,2.07%,14.13%,3.13%,0.53,0.53,3.74,3.75,78.90%,30.39%,6.96%,Jul 31/b,131.64,0.77%,"1,354,378"
AARGT,-,1.08%,-,-,-,-,-,-,-,-,-,-,-,95.40,-1.53%,"99,687"
AARGX,61.58B,-,19.92%,23.62%,20.27%,5.12,4.89,0.00,0.01,89.49%,28.83%,32.82%,Jul 23/b,984.39,0.04%,"181,875"
AARHS,1.15B,-,5.00%,17.28%,7.20%,1.33,0.60,1.32,1.47,39.65%,6.62%,4.91%,Aug 06/b,8.10,2.02%,"1,055,436"
AARI,852.25M,65.71%,2.03%,7.83%,7.47%,2.43,2.43,0.30,0.30,45.00%,224.12%,46.79%,Aug 10/a,6.63,-0.75%,"2,063,036"
AARIA,-,-,-,-,-,-,-,-,-,-,-,-,-,26.10,3.93%,23
AARIS,4.03B,-,11.34%,21.13%,12.84%,1.91,1.68,0.26,0.29,51.24%,46.31%,22.43%,Jul 29/a,19.54,0.67%,"1,373,322"
AARKB,-,-,-,-,-,-,-,-,-,-,-,-,-,25.62,0.16%,"1,953,902"
AARKD,-,-,-,-,-,-,-,-,-,-,-,-,-,20.67,0.33%,18
AARKE,-,-,-,-,-,-,-,-,-,-,-,-,-,20.34,0.33%,160
AARKF,-,0.10%,-,-,-,-,-,-,-,-,-,-,-,45.09,0.80%,"112,976"
AARKG,-,-,-,-,-,-,-,-,-,-,-,-,-,45.56,0.40%,"1,757,056"
AARKI,-,-,-,-,-,-,-,-,-,-,-,-,-,22.63,0.36%,32
AARKK,-,-,-,-,-,-,-,-,-,-,-,-,-,83.58,0.63%,"3,272,702"
AARKO,507.08M,2.65%,0.41%,3.41%,0.54%,1.60,1.15,4.44,4.65,3.53%,1.52%,0.11%,Aug 07/b,4.52,1.12%,"975,709"
AARKQ,-,0.25%,-,-,-,-,-,-,-,-,-,-,-,121.36,0.72%,"75,987"
AARKR,17.40M,-,-2.40%,-9.60%,-2.92%,0.78,0.68,2.45,2.66,5.53%,-1.56%,-2.04%,Aug 11/b,4.82,-2.92%,"18,428"
AARKT,-,0.24%,-,-,-,-,-,-,-,-,-,-,-,19.55,0.28%,129
AARKW,-,1.51%,-,-,-,-,-,-,-,-,-,-,-,155.49,0.50%,"51,718"
AARKX,-,-,-,-,-,-,-,-,-,-,-,-,-,31.84,0.55%,"296,198"
AARKY,-,-,-,-,-,-,-,-,-,-,-,-,-,20.29,0.25%,"13,482"
AARL,259.72M,-,0.77%,1.36%,1.03%,10.84,10.84,0.30,0.35,-5.73%,-18.30%,16.36%,-,16.08,2.10%,680
AARLI,-,-,-,-,-,-,-,-,-,-,-,-,-,26.59,0.76%,439
AARLO,1.42B,-,8.80%,22.07%,18.60%,1.40,1.15,0.04,0.05,45.97%,3.17%,5.20%,Aug 06/a,13.19,1.46%,"818,715"
AARLP,3.41B,9.05%,9.07%,14.79%,11.56%,1.75,1.32,0.29,0.33,20.68%,16.44%,12.12%,Jul 27/b,26.53,-1.27%,"206,734"
AARLU,-,-,-,-,-,-,-,-,-,-,-,-,-,32.37,0.75%,"9,284"
AARM,282.80B,-,10.14%,13.35%,11.53%,5.25,5.25,0.05,0.06,93.88%,17.26%,20.25%,Jul 29/a,264.79,4.17%,"4,271,222"
AARMA,-,-,-,-,-,-,-,-,-,-,-,-,-,12.83,8.20%,"14,599"
AARMG,-,1.47%,-,-,-,-,-,-,-,-,-,-,-,18.85,8.40%,"646,770"
AARMH,-,1.41%,-,-,-,-,-,-,-,-,-,-,-,11.14,4.36%,"16,610"
AARMK,15.44B,0.82%,2.81%,11.82%,3.92%,1.28,1.14,1.88,1.91,5.90%,4.39%,1.93%,Aug 11/b,58.55,3.15%,"2,854,170"
AARMP,200.04M,-,-225.11%,-,-,0.11,0.11,-,-,66.88%,-636.55%,-3467.04%,Aug 12/a,5.38,2.87%,"43,640"
AARMS,-,0.18%,-,-,-,-,-,-,-,-,-,-,-,24.88,-0.16%,133
AARMW,-,70.00%,-,-,-,-,-,-,-,-,-,-,-,42.45,4.71%,"65,013"
AARMY,-,-,-,-,-,-,-,-,-,-,-,-,-,23.46,0.48%,"4,522"
AAROC,5.75B,2.80%,7.32%,21.95%,8.31%,1.39,0.94,1.52,1.52,48.91%,38.33%,21.59%,Aug 04/a,32.77,1.27%,"1,082,601"
AAROW,725.20M,3.07%,1.15%,11.95%,10.61%,0.11,-,0.08,0.75,-,25.89%,20.47%,Jul 23/b,39.15,0.20%,"55,348"
AARP,-,5.73%,-,-,-,-,-,-,-,-,-,-,-,34.45,0.20%,"3,751"
AARQ,96.07M,-,-20.19%,-27.15%,-28.85%,1.03,0.61,0.08,0.23,18.11%,-6.55%,-42.33%,Aug 10/a,2.20,-1.35%,"126,375"
AARQQ,348.92M,-,-156.14%,-230.33%,-172.74%,4.88,4.88,0.04,0.08,9.30%,-4855.25%,-4715.38%,May 21/b,20.05,-2.58%,"131,617"
AARQT,3.00B,-,6.78%,15.86%,8.70%,2.92,2.67,0.49,0.52,91.14%,7.38%,6.15%,Aug 05/a,23.89,2.16%,"2,044,715"
AARR,2.24B,18.23%,2.21%,20.33%,16.71%,1.12,1.12,0.00,7.54,95.53%,114.37%,41.46%,Jul 22/a,15.80,-0.19%,"4,576,160"
AARRY,711.52M,-,-5.58%,-25.98%,-8.25%,2.20,1.81,2.52,2.54,21.62%,3.63%,-12.48%,Aug 05/a,4.62,1.54%,"6,018,056"
AARTC,347.98M,-,-,-,1.32%,20.59,20.59,0.00,0.00,-,-,-,-,10.00,0.00%,13
AARTL,2.97M,-,-234.30%,-705.71%,-253.22%,3.00,3.00,0.00,0.01,-,-,-,Aug 13/b,5.43,-3.55%,"41,932"
AARTNA,368.16M,3.54%,2.77%,9.42%,5.37%,1.01,0.89,0.71,0.72,37.35%,31.99%,20.18%,Aug 06/a,35.85,-0.14%,"35,604"
AARTV,499.66M,-,-33.76%,-36.58%,-25.65%,24.16,24.16,0.02,0.03,-,-,-,Aug 06/a,10.22,-1.92%,"228,437"
AARTW,15.71M,-,-0.10%,-0.16%,-0.13%,2.17,0.61,0.18,0.47,24.16%,1.51%,-0.08%,-,3.02,-0.33%,"4,502"
AARTY,-,0.06%,-,-,-,-,-,-,-,-,-,-,-,75.48,1.37%,"239,670"
AARVN,552.51M,-,1.17%,1.59%,1.64%,7.91,7.91,0.01,0.01,95.64%,-4.01%,2.94%,Aug 04/b,8.45,-2.99%,"908,559"
AARVR,-,0.64%,-,-,-,-,-,-,-,-,-,-,-,57.54,1.83%,14
AARW,11.62B,-,2.59%,12.17%,8.96%,1.22,1.01,0.29,0.31,10.92%,3.76%,2.26%,Aug 06/a,228.20,6.92%,"794,561"
AARWG,-,0.13%,-,-,-,-,-,-,-,-,-,-,-,26.17,1.88%,"4,691"
AARWR,11.70B,-,-18.32%,-64.78%,-17.81%,5.90,5.90,2.86,2.96,96.15%,-33.82%,-47.79%,Aug 04/a,82.85,0.11%,"1,335,818"
AARX,4.31B,-,-28.10%,-380.14%,-154.73%,1.64,-,0.17,0.17,-,23.37%,-181.92%,Aug 13/b,19.84,0.00%,"350,567"
AARXS,22.60B,-,-,-,-,5.21,3.79,0.40,0.40,-,-,-,Jul 29/a,52.45,0.90%,"446,892"
AAS,16.23B,-,5.68%,8.83%,7.15%,1.76,0.80,0.11,0.16,59.81%,12.86%,7.35%,Aug 18/b,28.07,2.41%,"7,369,369"
AASA,1.12B,0.12%,-,-,-,-,-,-,-,-,-,-,-,60.83,0.93%,"35,750"
AASAN,2.01B,-,-18.15%,-93.80%,-51.69%,0.87,0.87,1.86,2.48,87.56%,-14.97%,-18.63%,Sep 03/a,8.77,2.45%,"3,921,690"
AASB,5.67B,3.22%,1.05%,9.66%,7.78%,0.05,-,0.15,1.02,-,24.31%,19.17%,Jul 23/a,30.04,-0.99%,"1,848,649"
AASBP,12.71M,-,-152.09%,-1032.14%,-93.97%,7.99,7.81,0.00,0.00,18.35%,-7259.85%,-11314.12%,-,9.06,-0.66%,"26,835"
AASC,762.70M,9.98%,14.95%,16.23%,14.88%,5.45,4.84,0.05,0.05,35.27%,28.48%,28.67%,Jul 29/b,18.67,1.14%,"575,571"
AASCE,-,0.17%,-,-,-,-,-,-,-,-,-,-,-,34.37,0.44%,"66,602"
AASCI,-,0.75%,-,-,-,-,-,-,-,-,-,-,-,36.59,0.99%,"2,342"
AASD,-,0.02%,-,-,-,-,-,-,-,-,-,-,-,27.04,0.36%,58
AASEA,-,3.59%,-,-,-,-,-,-,-,-,-,-,-,21.64,0.21%,"18,633"
AASEC,-,1.32%,-,-,-,-,-,-,-,-,-,-,-,49.51,-0.15%,15
AASG,321.14M,9.33%,-,-,-,-,-,-,-,-,-,-,-,5.04,0.80%,"220,612"
AASGI,702.48M,11.84%,-,-,-,-,-,-,-,-,-,-,-,22.21,1.42%,"158,228"
AASGM,-,1.60%,-,-,-,-,-,-,-,-,-,-,-,33.15,-0.27%,"4,719"
AASH,3.25B,1.89%,1.63%,3.99%,1.56%,3.05,1.89,0.78,0.79,26.59%,8.57%,2.82%,Jul 28/a,70.91,0.30%,"723,256"
AASHR,-,2.25%,-,-,-,-,-,-,-,-,-,-,-,33.64,0.06%,"2,201,821"
AASHS,-,-,-,-,-,-,-,-,-,-,-,-,-,41.22,-0.63%,"3,373"
AASIA,-,0.86%,-,-,-,-,-,-,-,-,-,-,-,41.51,1.15%,479
AASIC,1.32B,-,8.43%,17.46%,16.04%,0.89,-,0.00,0.00,-,28.38%,20.67%,Jul 29/a,27.47,1.18%,"40,659"
AASIX,448.22M,3.86%,-1.07%,-2.19%,-1.50%,1.28,0.70,0.48,0.53,5.62%,-0.61%,-1.14%,Aug 07/b,16.60,-1.43%,"364,841"
AASLE,259.16M,-,-0.56%,-0.90%,-0.63%,3.27,0.69,0.41,0.42,28.86%,0.61%,-1.23%,Aug 06/a,5.43,1.12%,"390,998"
AASLV,-,0.80%,-,-,-,-,-,-,-,-,-,-,-,30.48,0.83%,"5,827"
AASM,1.10B,-,18.09%,21.05%,15.65%,5.85,5.31,0.02,0.03,55.48%,43.86%,37.02%,Aug 12/b,6.49,-8.85%,"6,029,863"
AASMB,606.75M,-,-0.02%,-0.03%,-0.01%,13.99,13.99,0.01,0.01,99.85%,-11.75%,-0.06%,Aug 13/a,29.80,-2.17%,"258,945"
AASMF,-,0.19%,-,-,-,-,-,-,-,-,-,-,-,26.89,0.49%,400
AASMG,-,5.70%,-,-,-,-,-,-,-,-,-,-,-,44.42,1.09%,"16,343"
AASMH,-,1.73%,-,-,-,-,-,-,-,-,-,-,-,11.50,0.74%,"10,475"
AASML,654.56B,0.63%,22.54%,54.37%,45.57%,1.33,0.80,0.09,0.09,52.73%,35.42%,30.11%,Jul 15/b,1698.30,0.64%,"881,944"
AASMU,-,0.64%,-,-,-,-,-,-,-,-,-,-,-,29.26,1.38%,"32,926"
AASMZ,-,-,-,-,-,-,-,-,-,-,-,-,-,19.02,1.10%,99
AASND,17.31B,-,44.55%,121.87%,41.62%,2.99,2.32,0.27,0.31,89.84%,10.32%,70.99%,Aug 13/b,263.52,0.87%,"443,605"
AASO,3.41B,0.79%,7.34%,18.61%,9.86%,1.74,0.35,0.84,0.90,35.78%,9.55%,6.39%,Sep 09/b,55.36,2.11%,"3,161,967"
AASPC,25.67M,-,1.27%,1.29%,12.93%,1.42,1.42,0.00,0.00,-,-,-,-,10.98,0.55%,"31,377"
AASPI,507.45M,-,-42.84%,-104.60%,-27.59%,3.86,3.84,0.81,1.02,-0.49%,-312.31%,-428.00%,Jun 03,3.31,-7.80%,"5,288,540"
AASPN,407.47M,-,-27.49%,-50.36%,-44.35%,2.51,2.22,0.48,0.65,5.31%,-41.49%,-62.45%,Aug 06/b,4.91,3.15%,"688,226"
AASPS,66.41M,-,-7.74%,-,-14.39%,1.17,1.17,-,-,42.52%,2.48%,-6.23%,Jul 23/b,5.82,-0.60%,"6,652"
AASR,6.97B,5.60%,11.74%,26.22%,13.07%,3.29,3.27,0.79,0.83,43.15%,42.15%,26.07%,Jul 23/a,251.77,0.24%,"32,263"
AASRV,83.03M,2.45%,0.59%,7.28%,4.72%,0.25,-,0.47,0.54,-,11.59%,9.51%,Apr 21/b,4.89,-1.21%,"6,620"
AASST,2.58B,-,-134.96%,-137.87%,-68.90%,7.62,7.62,0.00,0.00,-10.89%,-14415.58%,-17113.26%,Aug 10/b,27.62,2.68%,"8,934,950"
AASTC,15.01M,-,-64.54%,-76.35%,-98.81%,6.17,4.07,0.17,0.20,-88.10%,-1369.84%,-1397.82%,-,7.12,-1.25%,"25,235"
AASTE,953.71M,1.26%,1.58%,2.87%,1.86%,2.51,1.09,0.53,0.57,25.96%,5.38%,1.26%,Aug 05/b,41.42,-0.72%,"271,105"
AASTG,-,-,-,-,-,-,-,-,-,-,-,-,-,7.52,-0.79%,"12,489"
AASTH,1.88B,-,2.18%,5.08%,2.32%,1.23,1.23,1.10,1.18,8.82%,2.61%,1.05%,Aug 06/a,37.98,-0.13%,"191,720"
AASTI,28.07M,-,-65.05%,-86.58%,-51.65%,6.31,6.08,0.03,0.07,-447.04%,-4310.16%,-4252.98%,Aug 17,2.86,1.24%,"605,919"
AASTL,450.11M,-,-44.25%,-138.29%,-86.59%,2.49,1.35,3.43,3.68,-47.45%,-54.29%,-71.60%,Jul 29/a,4.26,-0.93%,"673,687"
AASTN,-,-,-,-,-,-,-,-,-,-,-,-,-,19.34,0.55%,"97,258"
AASTS,23.30B,-,-16.00%,-44.82%,-12.69%,13.05,12.90,1.57,1.58,-242.79%,-410.26%,-536.66%,Aug 10/a,59.86,-0.08%,"6,662,746"
AASTT,-,-,-,-,-,-,-,-,-,-,-,-,-,16.48,-0.40%,"1,339"
AASTX,-,-,-,-,-,-,-,-,-,-,-,-,-,10.17,-0.39%,"2,767,479"
AASTY,-,-,-,-,-,-,-,-,-,-,-,-,-,5.46,-0.36%,"72,231"
AASUP,-,-,-,-,-,-,-,-,-,-,-,-,-,6.97,-0.29%,"5,955"
AASUR,244.03M,-,-1.71%,-4.30%,-3.19%,1.06,1.05,0.34,0.38,55.60%,-1.16%,-5.42%,Jul 30/a,8.45,0.72%,"67,483"
AASX,86.79B,1.48%,6.52%,17.52%,9.98%,1.07,0.81,0.60,0.76,18.58%,9.90%,8.52%,Jul 30/b,39.47,-0.98%,"5,115,827"
AASYS,261.05M,-,3.25%,4.78%,3.05%,5.41,4.54,0.14,0.15,46.86%,8.25%,4.90%,Aug 05/a,14.91,-1.00%,"174,870"
AATAI,2.73B,-,-,-,-375.52%,8.58,8.58,0.01,0.01,-,-3274.31%,-14938.36%,Aug 12,7.35,0.00%,0
AATAT,3.66B,2.51%,23.00%,58.78%,45.76%,1.93,1.89,0.24,0.38,43.09%,21.23%,16.75%,Aug 20/b,32.41,-1.34%,"524,390"
AATC,-,11.36%,-,-,-,-,-,-,-,-,-,-,-,23.19,1.34%,247
AATCH,27.09M,-,4.25%,65.63%,7.55%,1.52,1.52,0.63,0.68,71.79%,-18.64%,16.82%,May 13/a,0.18,-0.99%,"883,588"
AATCL,-,6.89%,-,-,-,-,-,-,-,-,-,-,-,24.58,0.46%,"76,543"
AATCX,16.54M,-,-140.76%,-166.08%,-101.70%,11.68,11.62,0.00,0.00,-147.98%,-7345.14%,-7269.15%,-,3.31,4.42%,"7,453"
AATEC,1.63B,-,-13.91%,-373.44%,-20.22%,1.89,1.07,46.18,52.39,61.37%,-4.76%,-13.50%,Aug 04/a,10.58,19.68%,"6,458,430"
AATEN,1.80B,0.99%,6.68%,19.45%,17.99%,1.27,1.18,0.00,0.95,78.51%,16.56%,13.85%,Aug 05/a,24.74,1.44%,"661,179"
AATER,13.89M,-,-51.13%,-95.51%,-133.58%,2.13,2.13,0.00,0.00,56.08%,-36.65%,-49.30%,-,0.77,-9.81%,"1,178,731"
AATEX,1.61B,-,15.32%,27.92%,22.78%,4.85,4.85,0.01,0.01,93.74%,-578.88%,933.04%,Aug 11/a,82.18,-0.74%,"431,286"
AATFV,-,-,-,-,-,-,-,-,-,-,-,-,-,39.56,0.40%,"10,769"
AATGL,87.25M,-,-148.02%,-183.99%,-280.83%,3.25,3.25,0.02,0.20,49.18%,-769.45%,-950.55%,-,5.30,-11.67%,"3,271"
AATHE,77.31M,-,-51.53%,-55.71%,-53.83%,14.52,14.52,0.00,0.00,-,-,-,Aug 28/b,4.05,-1.46%,"22,302"
AATHM,2.51B,9.10%,3.35%,4.05%,4.14%,6.75,6.75,0.00,0.00,72.81%,1.49%,17.05%,Aug 20/b,21.68,0.05%,"451,383"
AATHR,42.34M,-,-91.26%,-146.55%,-133.68%,3.37,3.37,2.77,2.77,79.44%,-383.68%,-378.47%,Sep 02,3.46,9.49%,"19,060"
AATI,27.07B,-,8.84%,26.29%,12.91%,2.33,1.14,0.96,1.17,23.52%,16.01%,10.09%,Aug 06/b,198.77,-0.12%,"1,223,770"
AATII,314.84M,-,-54.23%,-79.91%,-133.10%,0.00,0.00,0.00,0.00,-,-,-,-,10.64,-0.09%,"57,049"
AATKR,3.18B,1.40%,-5.75%,-11.87%,-7.53%,2.73,2.04,0.69,0.72,19.09%,4.91%,-5.55%,Aug 03/b,94.15,-0.01%,"440,376"
AATLC,1.43B,-,2.77%,22.90%,2.20%,1.28,1.28,8.43,8.48,92.13%,24.52%,5.46%,Aug 06/a,94.46,1.18%,"48,419"
AATLO,287.77M,2.95%,1.09%,11.31%,10.00%,0.32,-,0.08,0.22,-,28.97%,22.64%,Jul 20,32.49,0.46%,"21,406"
AATLQ,283.77M,-,-,-,-,9.58,9.58,0.00,0.00,-,-,-,-,9.97,-0.10%,"78,095"
AATLX,91.20M,-,-48.88%,-103.01%,-78.28%,2.43,2.40,0.00,0.22,85.09%,-40347.94%,-33954.36%,-,3.03,-2.26%,"181,206"
AATMP,-,4.35%,-,-,-,-,-,-,-,-,-,-,-,36.76,0.08%,"3,418"
AATMU,3.71B,0.48%,13.43%,55.79%,14.49%,2.65,1.83,2.26,2.32,28.65%,16.85%,11.32%,Aug 07/b,45.41,0.00%,"528,622"
AATNI,467.03M,3.79%,9.23%,31.31%,13.56%,1.63,1.59,1.04,1.13,39.31%,8.40%,21.68%,Aug 05/a,30.32,-1.08%,"70,133"
AATNM,44.02M,-,21.92%,45.86%,36.60%,4.08,4.08,0.02,0.04,96.97%,27.23%,32.23%,Aug 03,1.40,6.87%,"242,667"
AATO,27.58B,2.45%,4.73%,9.79%,5.59%,0.81,0.73,0.64,0.68,46.41%,36.97%,28.49%,Aug 05/a,163.19,-0.98%,"970,690"
AATOM,161.95M,-,-69.69%,-76.78%,-59.07%,17.02,17.02,0.02,0.03,-566.52%,-10212.17%,-9742.17%,Aug 04/a,4.15,1.97%,"314,132"
AATOS,25.05M,-,-77.91%,-89.23%,-140.55%,5.69,5.69,0.00,0.00,-,-,-,Aug 07/b,2.51,7.26%,"60,410"
AATPC,2.38M,-,-4.84%,-5.30%,-5.49%,8.45,8.37,0.00,0.00,56.99%,-295.88%,-114.76%,-,2.38,0.42%,"4,311"
AATR,7.94B,1.57%,7.25%,13.61%,9.56%,1.61,1.10,0.44,0.54,28.26%,12.37%,9.22%,Jul 30/a,124.84,1.45%,"491,968"
AATRA,94.15M,-,-57.62%,-,-135.76%,1.98,1.98,-,-,91.38%,-238.73%,-269.42%,Aug 12/a,9.38,-5.16%,"16,034"
AATRC,2.77B,-,1.64%,2.15%,1.80%,4.22,3.19,0.14,0.14,75.77%,2.44%,1.85%,Jul 23/a,54.54,2.98%,"1,098,948"
AATRO,3.18B,-,11.24%,33.68%,14.51%,2.97,1.63,1.75,1.78,32.54%,13.66%,8.40%,Aug 11/a,73.98,0.67%,"459,797"
AATS,1.88B,-,1.09%,2.70%,1.53%,1.63,1.31,0.75,0.77,25.11%,6.81%,1.60%,Aug 06/b,19.20,0.89%,"384,879"
AATTO,1.04B,-,-,-,-,9.39,9.39,0.02,0.04,-,-,-,Sep 02/a,22.79,1.15%,"175,783"
AATTR,-,-,-,-,-,-,-,-,-,-,-,-,-,95.49,0.36%,"2,607"
AATTT,17.39M,-,10.77%,16.20%,11.64%,2.36,2.36,0.11,0.11,27.61%,12.64%,11.70%,Aug 05/b,2.96,-8.07%,"392,477"
AATXG,8.10M,-,-5.81%,-9.55%,-6.64%,3.71,3.65,0.00,0.21,12.30%,-23.18%,-21.14%,-,3.85,11.92%,"10,701"
AATYR,42.16M,-,-70.97%,-98.37%,-103.73%,5.12,5.12,0.20,0.23,-732.63%,-33609.47%,-32003.68%,Aug 07/a,0.43,-0.49%,"1,425,365"
AAU,52.73B,4.67%,25.65%,46.50%,35.67%,2.71,2.07,0.19,0.20,57.69%,50.68%,32.19%,Jul 31/b,104.42,0.52%,"2,035,267"
AAUAU,-,0.55%,-,-,-,-,-,-,-,-,-,-,-,41.74,0.94%,825
AAUB,5.67B,3.75%,1.29%,9.76%,8.06%,0.07,-,0.17,0.39,-,31.55%,21.44%,Jul 21/b,39.72,0.25%,"1,223,966"
AAUBN,92.47M,4.07%,0.79%,9.32%,8.94%,0.27,-,0.00,0.00,-,23.69%,18.60%,Apr 28/b,26.54,-1.08%,"1,285"
AAUC,135.19M,-,-68.36%,-80.54%,-11.88%,23.67,23.67,0.00,0.00,-,-70.20%,-383.17%,-,7.00,-3.71%,"6,217"
AAUDC,230.26M,4.16%,2.18%,4.23%,3.93%,1.90,1.63,0.23,0.28,65.73%,5.76%,2.83%,Aug 04/b,9.61,6.42%,"69,486"
AAUGC,-,-,-,-,-,-,-,-,-,-,-,-,-,25.33,0.60%,6
AAUGM,-,-,-,-,-,-,-,-,-,-,-,-,-,35.36,0.07%,"377,013"
AAUGO,7.30B,3.15%,20.81%,100.16%,35.85%,1.06,0.82,0.82,1.00,57.56%,53.42%,23.18%,Aug 05/a,87.08,1.24%,"901,751"
AAUGP,-,-,-,-,-,-,-,-,-,-,-,-,-,33.93,0.55%,"5,054"
AAUGT,-,-,-,-,-,-,-,-,-,-,-,-,-,39.16,0.61%,788
AAUGU,-,-,-,-,-,-,-,-,-,-,-,-,-,32.09,0.67%,759
AAUGW,-,-,-,-,-,-,-,-,-,-,-,-,-,34.69,0.39%,"1,143"
AAUGZ,-,3.34%,-,-,-,-,-,-,-,-,-,-,-,45.98,0.74%,421
AAUID,6.75M,-,-159.32%,-245.13%,-902.27%,0.55,0.55,0.00,1.87,95.96%,-1404.38%,-1450.45%,May 14/a,0.40,12.51%,"209,483"
AAUMI,-,0.78%,-,-,-,-,-,-,-,-,-,-,-,99.95,0.97%,549
AAUNA,382.65M,-,0.19%,0.81%,0.27%,1.08,1.00,1.77,2.01,36.89%,12.51%,0.30%,Aug 18/a,5.17,-0.19%,"62,838"
AAUPH,2.14B,-,48.52%,66.12%,47.53%,5.42,4.97,0.07,0.10,90.36%,45.15%,100.84%,Aug 06/b,16.10,-0.06%,"745,441"
AAUR,12.89B,-,-41.09%,-45.64%,-44.49%,11.38,11.38,0.04,0.04,-1560.00%,-19400.00%,-18000.00%,Jul 29/a,6.43,1.58%,"33,402,993"
AAURA,725.42M,-,-47.42%,-53.49%,-39.87%,16.82,16.82,0.04,0.05,-,-,-,Aug 11/b,6.99,0.07%,"830,854"
AAURE,55.74M,-,-2.51%,-3.34%,-1.56%,59.93,59.93,0.36,0.36,-130.14%,-52.60%,-136.76%,-,1.44,2.86%,"356,156"
AAUSF,-,2.69%,-,-,-,-,-,-,-,-,-,-,-,51.21,0.59%,"29,767"
AAUSM,-,2.72%,-,-,-,-,-,-,-,-,-,-,-,24.99,-0.06%,11
AAUST,15.75M,-,-32.54%,-32.98%,-38.23%,19.45,19.45,0.00,0.00,-,-,-,-,1.15,-1.71%,"9,828"
AAUTL,500.38M,-,-46.04%,-132.68%,-65.92%,4.85,4.36,4.66,4.91,12.87%,-210.52%,-238.34%,Aug 11/b,1.88,-4.08%,"1,724,835"
AAUUD,5.70M,-,-128.56%,-142.00%,-90.08%,11.34,11.34,0.00,0.00,-19599.70%,-100698.17%,-126962.00%,-,0.98,0.22%,"1,025,846"
AAUXX,655.71M,-,-30.58%,-36.49%,-33.23%,3.68,3.68,0.00,0.00,-,-,-,-,6.48,-4.85%,"20,490"
AAV,-,-,-,-,-,-,-,-,-,-,-,-,-,26.20,0.70%,50
AAVA,3.08B,5.40%,2.73%,8.31%,3.82%,1.10,0.69,1.11,1.19,24.96%,18.76%,11.83%,Aug 03/b,36.79,-0.92%,"527,539"
AAVAH,3.07B,-,14.17%,199.62%,17.20%,1.16,1.16,4.56,5.24,31.84%,11.39%,10.56%,Aug 13/b,14.08,1.59%,"2,372,382"
AAVAL,2.02B,4.46%,0.57%,10.82%,1.84%,0.66,-,3.79,3.81,-,10.37%,3.81%,Aug 12/a,5.35,-0.74%,"66,207"
AAVAT,43.72M,-,-22.16%,-24.50%,-44.23%,1.11,1.11,0.00,0.26,0.00%,-202.63%,-2514.88%,Aug 26/a,1.00,5.15%,"994,752"
AAVAV,7.46B,-,-3.57%,-4.60%,-3.88%,4.26,3.33,0.19,0.19,21.31%,0.73%,-10.13%,Sep 09/a,146.71,-0.24%,"4,618,744"
AAVAZ,-,0.29%,-,-,-,-,-,-,-,-,-,-,-,9.27,-3.94%,"23,160"
AAVBC,434.75M,0.73%,0.61%,6.06%,4.17%,0.04,-,0.08,0.50,-,15.34%,11.51%,Jul 23/a,21.77,0.09%,"164,102"
AAVBH,346.49M,-,-0.56%,-5.64%,-4.39%,0.07,-,0.09,0.09,-,-20.04%,-14.12%,Jul 23/a,31.57,-0.09%,"34,184"
AAVBP,1.43B,-,-49.30%,-53.10%,-44.63%,14.16,14.16,0.00,0.00,-,-,-,Aug 12/a,29.00,1.05%,"1,131,972"
AAVD,66.67M,-,-8.48%,-26.48%,-11.92%,2.47,1.40,1.52,1.57,27.02%,1.79%,-10.70%,Aug 10/a,2.26,1.35%,"228,410"
AAVDE,-,2.72%,-,-,-,-,-,-,-,-,-,-,-,92.94,0.88%,"796,476"
AAVDS,-,2.55%,-,-,-,-,-,-,-,-,-,-,-,79.53,0.72%,"17,420"
AAVDV,-,3.11%,-,-,-,-,-,-,-,-,-,-,-,111.61,0.72%,"511,239"
AAVEE,-,2.93%,-,-,-,-,-,-,-,-,-,-,-,69.16,0.84%,"7,838"
AAVEM,-,2.52%,-,-,-,-,-,-,-,-,-,-,-,95.35,1.29%,"1,226,633"
AAVES,-,3.37%,-,-,-,-,-,-,-,-,-,-,-,66.29,1.16%,"111,471"
AAVEX,1.83B,0.09%,-2.85%,-7.69%,-,5.66,5.50,-,-,23.00%,11.38%,6.34%,Aug 12/a,16.08,1.07%,"2,633,283"
AAVGB,-,3.65%,-,-,-,-,-,-,-,-,-,-,-,49.99,-0.10%,678
AAVGC,-,-,-,-,-,-,-,-,-,-,-,-,-,22.24,0.54%,"1,294"
AAVGE,-,1.71%,-,-,-,-,-,-,-,-,-,-,-,100.64,0.81%,"73,053"
AAVGG,-,2.60%,-,-,-,-,-,-,-,-,-,-,-,23.52,0.38%,"259,728"
AAVGO,1728.01B,0.72%,21.63%,44.25%,24.39%,2.50,2.29,0.57,0.60,66.54%,48.57%,42.94%,Sep 02/a,361.99,0.32%,"21,166,937"
AAVGU,-,-,-,-,-,-,-,-,-,-,-,-,-,30.07,0.39%,"63,215"
AAVGV,-,1.96%,-,-,-,-,-,-,-,-,-,-,-,87.38,0.70%,"64,603"
AAVGW,-,68.22%,-,-,-,-,-,-,-,-,-,-,-,33.93,0.27%,"21,232"
AAVGX,-,1.92%,-,-,-,-,-,-,-,-,-,-,-,40.38,0.60%,"467,897"
AAVIE,-,1.46%,-,-,-,-,-,-,-,-,-,-,-,80.14,0.07%,284
AAVIG,-,4.46%,-,-,-,-,-,-,-,-,-,-,-,40.01,-0.17%,"150,022"
AAVIR,425.89M,-,-52.99%,-58.14%,-80.96%,8.13,8.13,0.00,0.00,-,-,-,Aug 12/a,5.31,2.51%,"489,582"
AAVIV,-,2.74%,-,-,-,-,-,-,-,-,-,-,-,82.73,0.99%,"56,593"
AAVK,539.94M,11.48%,-,-,-,-,-,-,-,-,-,-,-,12.23,0.58%,"161,529"
AAVL,-,1.91%,-,-,-,-,-,-,-,-,-,-,-,38.42,0.63%,"576,801"
AAVLC,-,0.86%,-,-,-,-,-,-,-,-,-,-,-,91.04,0.83%,"104,211"
AAVLN,1.49B,-,-,-,-,33.10,33.10,0.04,0.04,-,-,-,Aug 12/b,33.57,-3.17%,"132,883"
AAVLV,-,1.10%,-,-,-,-,-,-,-,-,-,-,-,93.53,0.69%,"1,324,456"
AAVMA,-,2.43%,-,-,-,-,-,-,-,-,-,-,-,73.06,0.51%,"11,571"
AAVMC,-,0.99%,-,-,-,-,-,-,-,-,-,-,-,78.60,0.94%,"25,007"
AAVMU,-,3.66%,-,-,-,-,-,-,-,-,-,-,-,43.78,0.37%,"43,639"
AAVMV,-,1.10%,-,-,-,-,-,-,-,-,-,-,-,80.15,0.79%,"27,437"
AAVNM,-,2.75%,-,-,-,-,-,-,-,-,-,-,-,85.26,0.92%,"68,373"
AAVNT,3.80B,2.67%,2.80%,7.09%,3.94%,1.90,1.35,0.77,0.77,32.15%,10.79%,5.10%,Aug 06/b,41.41,-0.74%,"626,702"
AAVNV,-,3.06%,-,-,-,-,-,-,-,-,-,-,-,86.99,1.10%,"7,666"
AAVNW,265.38M,-,0.41%,0.96%,0.71%,1.97,1.66,0.34,0.37,30.81%,4.86%,0.58%,Aug 27/b,20.73,4.59%,"241,872"
AAVO,1.14B,-,0.12%,0.24%,0.13%,1.92,1.24,0.64,0.68,11.28%,3.83%,0.12%,Sep 08/a,13.01,-1.74%,"823,240"
AAVOS,-,-,-,-,-,-,-,-,-,-,-,-,-,27.63,0.81%,44
AAVPT,2.68B,-,9.81%,16.25%,15.77%,2.00,2.00,0.04,0.06,73.33%,9.78%,15.33%,Aug 06/a,12.66,-0.94%,"2,382,262"
AAVR,813.78M,-,-66.31%,-75.10%,-40.82%,14.20,14.20,0.01,0.01,-2.54%,-4738.36%,-4619.27%,Aug 10/a,8.35,0.60%,"640,397"
AAVRE,-,2.98%,-,-,-,-,-,-,-,-,-,-,-,46.22,0.43%,"38,722"
AAVRY,-,-,-,-,-,-,-,-,-,-,-,-,-,25.23,0.73%,"7,327"
AAVS,-,3.36%,-,-,-,-,-,-,-,-,-,-,-,8.07,-0.19%,"7,603,886"
AAVSC,-,0.98%,-,-,-,-,-,-,-,-,-,-,-,71.48,0.53%,"95,368"
AAVSD,-,2.69%,-,-,-,-,-,-,-,-,-,-,-,81.73,1.06%,"5,062"
AAVSE,-,2.67%,-,-,-,-,-,-,-,-,-,-,-,80.05,1.37%,"4,223"
AAVSF,-,4.39%,-,-,-,-,-,-,-,-,-,-,-,45.86,-0.11%,"49,793"
AAVSU,-,0.89%,-,-,-,-,-,-,-,-,-,-,-,88.56,0.85%,"3,240"
AAVT,8.18B,1.41%,2.42%,6.67%,4.34%,1.78,0.97,0.53,0.69,10.43%,3.11%,1.21%,Aug 05/b,99.63,7.16%,"1,961,386"
AAVTM,-,0.54%,-,-,-,-,-,-,-,-,-,-,-,55.13,0.98%,"4,035"
AAVTR,10.02B,-,-4.74%,-9.70%,-6.22%,1.78,1.18,0.65,0.66,30.67%,8.20%,-8.81%,Jul 29/b,14.81,-0.47%,"6,179,079"
AAVTX,864.52M,0.07%,-32.50%,-36.27%,-22.26%,19.31,19.31,0.00,0.00,-84.75%,-154844.07%,-170055.93%,Aug 06/b,16.12,-6.17%,"2,525,470"
AAVUQ,-,0.31%,-,-,-,-,-,-,-,-,-,-,-,66.69,0.87%,"3,862"
AAVUS,-,0.92%,-,-,-,-,-,-,-,-,-,-,-,129.65,0.79%,"264,558"
AAVUV,-,1.22%,-,-,-,-,-,-,-,-,-,-,-,124.50,0.58%,"945,624"
AAVX,29.07M,-,-137.45%,-165.28%,-85.31%,2.16,2.16,0.00,0.11,25.95%,-105.70%,-1534.26%,Aug 13/a,3.93,4.94%,"149,458"
AAVXC,-,2.13%,-,-,-,-,-,-,-,-,-,-,-,84.01,1.45%,"58,086"
AAVXL,242.87M,-,-11.70%,-12.80%,-11.58%,15.62,15.62,0.00,0.00,-,-,-,Aug 25/b,2.62,-1.50%,"624,490"
AAVXX,-,1.86%,-,-,-,-,-,-,-,-,-,-,-,23.10,-0.26%,"410,244"
AAVY,12.84B,2.34%,7.93%,31.16%,12.82%,1.13,0.79,1.37,1.58,28.98%,13.32%,7.62%,Jul 30/b,169.38,0.36%,"796,443"
AAWAY,-,-,-,-,-,-,-,-,-,-,-,-,-,17.78,0.54%,"6,646"
AAWF,858.85M,7.46%,-,-,-,-,-,-,-,-,-,-,-,9.96,-0.50%,"253,027"
AAWI,6.93B,0.85%,16.30%,36.62%,21.97%,1.52,1.06,0.62,0.66,40.30%,19.31%,18.60%,Jul 28/b,163.87,0.70%,"307,367"
AAWK,27.36B,2.56%,3.21%,10.10%,4.38%,0.52,0.49,1.21,1.38,43.79%,37.11%,21.35%,Jul 29/a,137.69,-1.54%,"1,403,645"
AAWP,344.04M,12.91%,-,-,-,-,-,-,-,-,-,-,-,11.15,0.27%,"84,050"
AAWR,3.43B,2.42%,5.30%,13.62%,7.26%,0.98,0.90,0.75,0.82,50.92%,31.85%,20.45%,Aug 05/a,86.48,-1.13%,"200,341"
AAWRE,26.61M,-,-25.20%,-35.04%,-35.89%,3.73,3.73,0.15,0.18,89.31%,-54.23%,-51.92%,Jul 29/a,1.22,0.00%,"36,477"
AAWX,10.37M,-,1.36%,3.19%,1.68%,1.02,0.92,0.87,0.90,16.12%,3.55%,1.39%,-,2.66,0.38%,"2,532"
AAX,5.29B,-,1.78%,16.77%,12.34%,0.37,-,0.26,0.42,-,29.52%,22.39%,Jul 30/a,93.26,-0.49%,"327,943"
AAXG,411.31M,-,-41.96%,-88.44%,-50.14%,1.55,1.55,0.05,0.31,20.43%,-46.35%,-46.95%,-,2.13,-2.29%,"286,770"
AAXGN,2.27B,-,-13.15%,-18.21%,-12.23%,6.60,5.04,0.07,0.08,74.56%,-5.12%,-13.36%,Jul 29/b,42.16,0.74%,"3,477,622"
AAXIL,42.06M,-,17.51%,23.67%,20.21%,3.19,2.20,0.02,0.03,62.44%,9.65%,8.75%,Aug 18/a,6.16,2.58%,"17,178"
AAXIN,281.66M,-,2.87%,3.00%,3.01%,0.46,0.46,0.00,0.00,-,-,-,-,10.33,0.00%,"18,273"
AAXON,38.94B,-,2.91%,6.22%,3.62%,2.15,1.80,0.50,0.50,59.41%,1.15%,6.19%,Aug 05/a,479.34,0.10%,"613,954"
AAXP,219.27B,1.17%,3.77%,34.15%,12.45%,2.59,2.59,1.66,1.72,59.74%,20.94%,13.45%,Jul 24/b,324.69,1.24%,"1,930,293"
AAXR,122.15M,-,4.10%,4.26%,4.16%,26.02,10.82,0.00,0.00,38.17%,14.82%,14.31%,Sep 11/a,22.94,-0.13%,"14,106"
AAXS,7.17B,1.81%,3.35%,17.42%,13.82%,0.70,-,0.23,0.23,-,20.45%,15.83%,Jul 28/a,98.24,-0.66%,"885,810"
AAXSM,11.56B,-,-27.35%,-245.10%,-82.65%,1.43,1.34,1.78,2.70,91.96%,-23.55%,-24.68%,Aug 10/b,220.75,4.56%,"1,228,406"
AAXTA,7.31B,-,4.51%,14.58%,6.88%,1.53,1.12,1.01,1.22,32.16%,14.12%,6.78%,Jul 28/b,34.16,0.41%,"1,225,445"
AAXTC,-,-,-,-,-,-,-,-,-,-,-,-,-,15.50,0.17%,"4,608"
AAXTI,4.25B,-,0.57%,0.76%,0.45%,4.77,4.00,0.02,0.11,32.18%,3.09%,3.09%,Jul 30/a,64.77,0.11%,"6,523,419"
AAXTL,-,-,-,-,-,-,-,-,-,-,-,-,-,2.52,0.20%,"1,006,687"
AAXTQ,-,-,-,-,-,-,-,-,-,-,-,-,-,41.98,-0.05%,"179,484"
AAXTU,-,-,-,-,-,-,-,-,-,-,-,-,-,35.07,-0.23%,"44,289"
AAXTX,-,-,-,-,-,-,-,-,-,-,-,-,-,6.53,0.15%,"12,565,359"
AAYA,4.03B,-,17.78%,25.70%,20.61%,2.02,1.70,0.12,0.18,61.36%,53.03%,32.79%,-,27.97,-1.58%,"1,276,212"
AAYI,9.55B,0.23%,10.18%,17.38%,13.02%,2.05,1.47,0.27,0.28,47.11%,14.67%,10.25%,Oct 01/b,318.96,0.86%,"185,653"
AAYTU,21.36M,-,-28.93%,-97.42%,-74.66%,1.12,1.00,0.30,0.65,60.09%,-12.19%,-60.17%,May 13/a,1.99,-2.93%,"61,565"
AAZ,254.91M,-,-,-,-49.47%,7.52,6.56,0.04,0.07,17.86%,-268.48%,-229.06%,Aug 12/a,5.79,1.05%,"258,184"
AAZI,149.85M,-,-112.19%,-,-,1.16,0.98,-,-,1.42%,-46.93%,-51.82%,May 29/b,1.25,2.46%,"31,893"
AAZIO,19.43M,-,-159.61%,-5847.81%,-,0.15,0.15,-,-,-130.01%,-286.09%,-331.80%,-,1.18,0.00%,"85,639"
AAZN,248.41B,2.08%,9.15%,21.99%,13.69%,0.89,0.67,0.52,0.64,73.93%,22.38%,17.02%,Jul 27/b,160.17,0.33%,"2,229,344"
AAZO,46.96B,-,12.54%,-,26.06%,0.89,0.14,-,-,51.75%,18.02%,12.40%,Sep 22/b,2876.75,-0.16%,"354,470"
AAZTA,1.35B,-,-5.75%,-7.04%,-7.86%,2.50,2.21,0.04,0.04,44.05%,-2.57%,-20.02%,Aug 04/a,30.85,2.22%,"748,607"
AAZTD,-,0.95%,-,-,-,-,-,-,-,-,-,-,-,31.57,0.96%,10
AAZTR,10.79M,-,-190.69%,-256.67%,-166.18%,4.86,4.86,0.01,0.06,-,-,-,Aug 12/a,0.18,-1.11%,"300,408"
AAZUL,1.26B,1.68%,5.80%,-,13.24%,0.42,0.32,-,-,20.99%,13.60%,7.67%,Aug 13/b,6.85,-2.97%,"121,454"
AAZYY,-,55.20%,-,-,-,-,-,-,-,-,-,-,-,14.31,0.24%,781
AAZZ,4.12B,0.67%,8.99%,15.32%,10.39%,1.92,1.39,0.39,0.39,24.04%,16.23%,11.83%,Jul 08/a,137.07,0.40%,"126,965"
BB,71.89B,2.45%,13.10%,25.04%,20.41%,3.01,2.36,0.17,0.17,53.19%,52.17%,31.60%,Aug 10/b,43.68,0.51%,"7,678,920"
BBA,166.33B,0.02%,1.52%,173.55%,5.13%,1.14,0.33,6.78,7.52,4.71%,-5.38%,2.22%,Jul 28/b,210.45,2.76%,"4,141,212"
BBAB,-,4.33%,-,-,-,-,-,-,-,-,-,-,-,25.97,-0.12%,"168,938"
BBABA,271.68B,1.02%,3.83%,7.07%,5.52%,1.36,1.36,0.22,0.25,37.70%,4.06%,7.00%,Aug 20/b,109.30,0.68%,"5,943,718"
BBABC,-,-,-,-,-,-,-,-,-,-,-,-,-,23.12,1.20%,13
BBABO,-,96.69%,-,-,-,-,-,-,-,-,-,-,-,7.35,1.10%,"25,197"
BBABU,-,1.06%,-,-,-,-,-,-,-,-,-,-,-,9.16,1.33%,"31,407"
BBABW,-,63.70%,-,-,-,-,-,-,-,-,-,-,-,20.01,0.73%,"1,191"
BBABX,-,-,-,-,-,-,-,-,-,-,-,-,-,16.93,1.32%,"401,202"
BBAC,438.38B,1.90%,0.97%,11.25%,5.34%,1.03,-,1.10,2.47,-,21.32%,16.53%,Jul 14/b,62.69,0.21%,"28,877,552"
BBACC,293.60M,-,2.13%,2.22%,2.20%,0.14,0.14,0.00,0.00,-,-,-,-,10.50,-0.28%,129
BBAER,61.18M,-,-4.12%,-32.42%,-4.19%,1.73,1.68,7.64,7.81,36.28%,10.58%,-35.04%,Aug 06/a,1.04,0.00%,"546,575"
BBAFE,-,0.28%,-,-,-,-,-,-,-,-,-,-,-,29.44,0.67%,"73,365"
BBAFN,235.92M,-,-4.95%,-54.74%,-45.67%,0.16,-,0.16,0.17,-,-94.65%,-79.06%,Aug 13/a,8.75,6.97%,"125,462"
BBAGX,-,-,-,-,-,-,-,-,-,-,-,-,-,99.96,1.45%,"5,061"
BBAGY,-,49.68%,-,-,-,-,-,-,-,-,-,-,-,23.69,0.55%,"3,036"
BBAH,9.13B,3.17%,10.45%,68.11%,14.53%,1.59,1.59,3.42,3.46,20.91%,9.74%,6.96%,Jul 24/b,75.90,0.29%,"1,950,947"
BBAI,-,1.33%,-,-,-,-,-,-,-,-,-,-,-,44.51,1.11%,"1,462,628"
BBAIG,-,33.96%,-,-,-,-,-,-,-,-,-,-,-,14.00,2.38%,"11,376"
BBAIV,-,-,-,-,-,-,-,-,-,-,-,-,-,28.56,0.52%,414
BBAK,358.86M,-,-6.11%,-,-15.10%,0.77,0.42,-,-,9.24%,0.76%,-7.30%,Aug 13/a,2.08,-1.42%,"1,187,765"
BBALI,-,7.80%,-,-,-,-,-,-,-,-,-,-,-,34.41,0.70%,"195,985"
BBALL,15.86B,1.34%,4.88%,17.26%,7.54%,1.07,0.66,1.18,1.32,15.16%,11.48%,6.55%,Aug 04/b,59.90,0.27%,"2,777,763"
BBALQ,-,7.71%,-,-,-,-,-,-,-,-,-,-,-,55.49,1.09%,"7,669"
BBALT,-,-,-,-,-,-,-,-,-,-,-,-,-,34.77,0.26%,"308,912"
BBALY,462.81M,-,-8.22%,-119.88%,-10.36%,0.91,0.85,10.44,10.70,40.41%,-0.30%,-25.83%,Aug 14/a,9.17,1.10%,"91,604"
BBAM,77.42B,4.18%,15.49%,35.10%,25.55%,1.24,1.24,0.46,0.71,94.81%,61.57%,48.89%,Aug 05/b,47.26,0.04%,"2,539,735"
BBAMA,-,1.42%,-,-,-,-,-,-,-,-,-,-,-,36.68,0.66%,"3,861"
BBAMB,-,3.10%,-,-,-,-,-,-,-,-,-,-,-,25.25,-0.08%,"6,030"
BBAMD,-,3.33%,-,-,-,-,-,-,-,-,-,-,-,34.16,0.96%,"14,440"
BBAMG,-,0.01%,-,-,-,-,-,-,-,-,-,-,-,44.22,1.02%,"32,786"
BBAMO,-,1.36%,-,-,-,-,-,-,-,-,-,-,-,34.82,0.59%,"4,943"
BBAMU,-,2.92%,-,-,-,-,-,-,-,-,-,-,-,25.18,-0.06%,"4,408"
BBAMV,-,1.20%,-,-,-,-,-,-,-,-,-,-,-,37.65,0.73%,"39,505"
BBAMY,-,7.00%,-,-,-,-,-,-,-,-,-,-,-,26.99,0.04%,"9,135"
BBANC,2.94B,2.41%,-0.06%,-0.66%,-0.49%,0.11,-,0.35,0.89,-,-3.06%,-4.02%,Jul 29/b,18.55,0.82%,"2,850,835"
BBAND,1.83B,-,0.21%,0.59%,0.24%,2.01,2.01,1.45,1.47,34.10%,-1.82%,0.27%,Jul 29/b,56.87,10.17%,"1,302,414"
BBANF,3.73B,1.79%,1.73%,13.67%,12.32%,0.47,-,0.04,0.05,-,33.28%,26.23%,Jul 23/a,110.90,0.05%,"113,024"
BBANL,13.22M,-,-0.56%,-1.89%,-1.88%,1.25,1.25,0.00,0.01,0.96%,-0.08%,-0.06%,-,6.30,4.13%,"46,304"
BBANR,2.61B,2.89%,1.26%,10.78%,9.87%,0.06,-,0.06,0.27,-,28.78%,23.54%,Jul 22/a,71.30,0.68%,"298,316"
BBANX,203.13M,9.95%,-,-,-,-,-,-,-,-,-,-,Mar 10,20.97,0.05%,"18,918"
BBAOS,10.05M,-,-71.42%,-132.75%,-365.70%,0.75,0.75,0.00,0.22,-26.44%,-1310.33%,-2112.79%,-,0.30,-1.60%,"1,261,647"
BBAP,30.01B,4.06%,2.80%,20.56%,13.11%,0.37,-,0.46,0.95,-,33.73%,23.18%,Aug 14/b,377.90,-0.41%,"248,862"
BBAPR,-,-,-,-,-,-,-,-,-,-,-,-,-,54.46,0.45%,"4,558"
BBAR,-,-,-,-,-,-,-,-,-,-,-,-,-,42.78,0.52%,"402,644"
BBARK,86.63M,-,-14.58%,-36.70%,-29.03%,2.02,0.84,0.41,0.48,61.15%,-7.02%,-8.42%,Aug 06/a,9.59,-0.10%,"43,407"
BBASG,-,-,-,-,-,-,-,-,-,-,-,-,-,27.87,0.95%,"2,535"
BBASV,-,0.37%,-,-,-,-,-,-,-,-,-,-,-,31.23,1.36%,"43,772"
BBATL,76.76M,-,-8.57%,-40.33%,-11.10%,2.19,2.19,0.77,0.78,12.72%,-3.19%,-51.40%,Aug 12/a,1.34,-2.19%,"7,046,059"
BBATRA,3.14B,-,-3.75%,-12.38%,-5.99%,0.49,0.49,1.08,1.73,14.00%,-5.40%,-8.56%,Aug 05/b,54.10,-1.12%,"59,684"
BBATRK,3.14B,-,-3.75%,-12.38%,-5.99%,0.49,0.49,1.08,1.73,14.00%,-5.40%,-8.56%,Aug 05/b,48.84,-1.25%,"316,467"
BBATT,-,1.70%,-,-,-,-,-,-,-,-,-,-,-,15.06,-0.49%,"16,906"
BBAUG,-,-,-,-,-,-,-,-,-,-,-,-,-,55.20,0.62%,"5,201"
BBAVA,-,-,-,-,-,-,-,-,-,-,-,-,-,20.28,-1.61%,"1,224"
BBAX,12.30B,0.17%,-4.74%,-14.31%,-6.96%,1.95,1.32,1.29,1.43,31.85%,5.62%,-8.63%,Jul 30/b,23.80,-1.57%,"5,450,859"
BBAY,-,-,-,-,-,-,-,-,-,-,-,-,-,29.34,0.85%,16
BBB,4.50B,-,4.88%,8.10%,6.15%,2.20,2.20,0.29,0.29,75.43%,13.23%,10.31%,Sep 24/b,7.67,1.72%,"6,896,837"
BBBAG,-,4.50%,-,-,-,-,-,-,-,-,-,-,-,44.47,-0.08%,"48,739"
BBBAI,1.38B,-,-11.91%,-16.55%,-11.07%,5.67,5.67,0.01,0.03,27.92%,-71.17%,-65.20%,Jul 30/a,2.87,1.77%,"16,127,208"
BBBAR,3.04B,3.47%,1.19%,7.97%,6.22%,0.38,-,0.19,0.35,-,16.65%,4.24%,Aug 27/a,14.89,-2.93%,"309,840"
BBBAX,-,3.53%,-,-,-,-,-,-,-,-,-,-,-,63.80,0.62%,"147,001"
BBBB,-,0.15%,-,-,-,-,-,-,-,-,-,-,-,31.45,0.71%,792
BBBBI,-,4.99%,-,-,-,-,-,-,-,-,-,-,-,49.56,-0.16%,"98,072"
BBBBL,-,5.98%,-,-,-,-,-,-,-,-,-,-,-,45.18,0.11%,21
BBBBS,-,4.16%,-,-,-,-,-,-,-,-,-,-,-,50.17,-0.09%,"12,767"
BBBC,-,1.33%,-,-,-,-,-,-,-,-,-,-,-,49.38,-1.05%,"42,369"
BBBCA,-,1.70%,-,-,-,-,-,-,-,-,-,-,-,104.47,0.52%,"238,255"
BBBCB,-,5.17%,-,-,-,-,-,-,-,-,-,-,-,43.75,-0.05%,"3,481"
BBBCP,525.60M,-,1.15%,3.58%,1.42%,1.71,1.60,1.49,1.51,35.92%,11.54%,2.03%,Sep 03/a,10.43,2.46%,"142,700"
BBBD,20.09B,8.31%,1.06%,13.79%,4.06%,0.69,-,2.25,4.62,-,7.99%,6.15%,Aug 05/a,3.60,0.56%,"23,245,668"
BBBDC,918.28M,11.86%,3.24%,7.50%,3.43%,3.15,3.15,1.22,1.22,79.00%,64.46%,32.95%,Aug 05/a,8.77,0.69%,"519,335"
BBBEM,-,2.73%,-,-,-,-,-,-,-,-,-,-,-,78.06,1.33%,"3,211"
BBBEU,-,2.90%,-,-,-,-,-,-,-,-,-,-,-,78.51,0.68%,"1,729,360"
BBBGI,29.55M,-,-25.66%,-115.84%,-50.93%,1.23,1.23,4.37,4.55,3.55%,-4.82%,-55.68%,Aug 12/a,15.95,0.31%,"86,398"
BBBH,-,0.42%,-,-,-,-,-,-,-,-,-,-,-,229.39,0.33%,"2,845"
BBBHL,-,-,-,-,-,-,-,-,-,-,-,-,-,17.06,0.90%,"38,592"
BBBHM,-,-,-,-,-,-,-,-,-,-,-,-,-,11.60,1.58%,"239,371"
BBBHY,-,7.13%,-,-,-,-,-,-,-,-,-,-,-,45.20,-0.04%,"42,786"
BBBIB,-,4.03%,-,-,-,-,-,-,-,-,-,-,-,95.06,-0.14%,"1,229"
BBBIN,-,3.58%,-,-,-,-,-,-,-,-,-,-,-,80.25,1.09%,"30,881"
BBBIO,14.16B,-,-60.23%,-,-225.61%,1.23,1.17,-,-,94.12%,-67.01%,-97.03%,Aug 10/a,72.44,-0.08%,"1,766,612"
BBBJP,-,4.45%,-,-,-,-,-,-,-,-,-,-,-,79.55,2.26%,"1,143,204"
BBBLB,-,5.09%,-,-,-,-,-,-,-,-,-,-,-,76.36,0.09%,19
BBBLG,1.52M,-,-50.55%,-54.96%,-73.66%,8.67,8.67,0.00,0.00,-,-,-,Sep 02,0.55,-1.82%,"18,504"
BBBLS,-,-,-,-,-,-,-,-,-,-,-,-,-,25.57,0.29%,"2,515"
BBBLU,-,1.10%,-,-,-,-,-,-,-,-,-,-,-,17.36,0.75%,"102,764"
BBBMC,-,1.13%,-,-,-,-,-,-,-,-,-,-,-,124.22,0.81%,"2,826"
BBBN,940.48M,7.81%,-,-,-,-,-,-,-,-,-,-,-,15.22,-0.39%,"117,488"
BBBNX,745.48M,-,-23.45%,-26.16%,-27.93%,8.88,7.96,0.02,0.03,58.31%,-69.75%,-61.32%,Jul 29/a,16.57,-0.12%,"726,146"
BBBOT,396.86M,-,-63.44%,-71.09%,-56.02%,4.69,4.69,0.01,0.01,-,-,-,Aug 11/a,4.95,-10.33%,"1,631,034"
BBBP,-,-,-,-,-,-,-,-,-,-,-,-,-,103.46,-0.01%,"8,283"
BBBRE,-,2.72%,-,-,-,-,-,-,-,-,-,-,-,104.27,0.38%,"23,165"
BBBSB,-,3.80%,-,-,-,-,-,-,-,-,-,-,-,97.38,-0.08%,695
BBBSC,-,1.03%,-,-,-,-,-,-,-,-,-,-,-,88.10,0.61%,"3,256"
BBBSI,808.24M,0.96%,4.92%,16.33%,15.87%,1.14,1.14,0.08,0.12,19.30%,4.13%,2.77%,Aug 05/a,33.35,1.49%,"126,477"
BBBT,2.63B,4.12%,0.66%,6.05%,3.24%,0.13,-,0.38,0.39,-,19.14%,9.49%,Jul 29/a,31.34,0.00%,"785,535"
BBBUC,5.41B,0.95%,-1.30%,-23.52%,-1.27%,1.44,1.22,8.01,8.41,17.68%,13.30%,-3.81%,Jul 31/b,26.41,0.11%,"302,407"
BBBUL,-,-,-,-,-,-,-,-,-,-,-,-,-,10.23,2.95%,"8,420"
BBBUS,-,0.99%,-,-,-,-,-,-,-,-,-,-,-,137.95,0.87%,"228,650"
BBBVA,162.65B,4.02%,1.26%,18.97%,5.37%,0.28,-,2.52,3.44,-,31.32%,14.80%,Jul 30/b,29.55,2.46%,"979,362"
BBBW,339.77M,3.34%,15.81%,32.81%,20.12%,1.60,0.55,0.61,0.79,56.15%,12.34%,9.96%,Aug 27/b,27.58,-2.13%,"534,102"
BBBWI,3.74B,4.35%,15.67%,-,24.10%,1.20,0.68,-,-,43.05%,14.87%,10.83%,Aug 26/b,18.57,6.42%,"6,346,926"
BBBY,19.04B,4.26%,8.11%,43.13%,19.01%,1.12,0.41,1.10,1.30,22.66%,4.34%,3.01%,Aug 27/b,90.80,3.08%,"3,003,260"
BBBYY,-,126.31%,-,-,-,-,-,-,-,-,-,-,-,8.77,-0.24%,397
BBC,4.58B,2.49%,-1.53%,-4.83%,-2.34%,1.45,0.65,1.19,1.36,24.73%,5.88%,-1.53%,Jul 30/b,70.72,1.20%,"810,155"
BBCACU,-,-,-,-,-,-,-,-,-,-,-,-,-,-,-,0
BBCAL,701.20M,1.96%,1.51%,10.61%,10.02%,0.13,-,0.02,0.09,-,36.87%,26.03%,Jul 27/b,21.81,-0.05%,"174,777"
BBCAT,1.57B,21.15%,-,-,-,-,-,-,-,-,-,-,-,14.80,-6.98%,"5,109,793"
BBCAX,1.51B,-,-38.38%,-41.01%,-39.54%,11.59,11.59,0.00,0.00,-,-,-,Aug 11/b,22.81,-1.26%,"471,459"
BBCBP,155.31M,1.86%,-0.54%,-5.81%,-3.76%,0.42,-,0.61,0.61,-,-11.44%,-12.12%,Aug 03/b,8.58,-1.27%,"86,904"
BBCC,2.63B,1.18%,3.09%,5.06%,4.12%,2.71,1.31,0.26,0.27,13.95%,2.54%,1.64%,Aug 03/a,75.44,0.52%,"239,004"
BBCCC,-,43.67%,-,-,-,-,-,-,-,-,-,-,-,12.84,0.46%,"10,023"
BBCCQ,459.08M,-,-,-,-,0.04,0.04,-,-,-,-,-,-,9.98,0.00%,"4,777"
BBCD,-,13.59%,-,-,-,-,-,-,-,-,-,-,-,39.20,-0.88%,"23,651"
BBCDA,16.35M,-,-214.47%,-1803.19%,-271.81%,2.09,2.09,0.00,0.11,-,-,-,Aug 12/a,1.08,-1.82%,"137,031"
BBCDF,-,2.30%,-,-,-,-,-,-,-,-,-,-,-,33.16,-0.34%,201
BBCE,21.81B,5.35%,8.52%,30.98%,10.76%,0.65,0.60,1.57,1.75,30.77%,21.57%,25.34%,Aug 06/b,23.39,0.60%,"2,590,206"
BBCEM,-,-,-,-,-,-,-,-,-,-,-,-,-,26.98,0.94%,447
BBCFN,-,-,-,-,-,-,-,-,-,-,-,-,-,22.80,0.51%,57
BBCG,21.84M,-,5.99%,22.41%,9.40%,0.97,0.97,1.13,1.23,20.80%,3.56%,1.35%,-,1.28,1.59%,"24,948"
BBCGD,-,-,-,-,-,-,-,-,-,-,-,-,-,26.22,0.61%,"4,858"
BBCGS,-,0.44%,-,-,-,-,-,-,-,-,-,-,-,27.41,1.52%,10
BBCH,21.07B,5.31%,2.27%,21.80%,7.68%,0.38,-,1.79,2.45,-,33.17%,26.25%,Jul 30/b,41.72,-0.33%,"338,490"
BBCHP,-,-,-,-,-,-,-,-,-,-,-,-,-,37.55,1.02%,"11,195"
BBCHT,36.30M,-,-29.78%,-134.41%,-50.01%,1.42,1.38,0.02,0.03,38.53%,-16.81%,-21.73%,Aug 13/a,1.38,3.76%,"52,173"
BBCI,-,12.16%,-,-,-,-,-,-,-,-,-,-,-,26.48,-1.23%,"1,701,243"
BBCIC,88.30M,15.95%,-0.88%,-2.30%,-0.86%,1.45,1.45,1.56,1.56,78.46%,40.18%,-7.72%,Aug 06/a,7.13,0.56%,"17,096"
BBCIL,-,0.75%,-,-,-,-,-,-,-,-,-,-,-,29.14,1.17%,797
BBCKT,-,25.46%,-,-,-,-,-,-,-,-,-,-,-,39.26,-0.09%,12
BBCLO,-,6.44%,-,-,-,-,-,-,-,-,-,-,-,49.72,0.05%,"12,002"
BBCML,328.70M,3.99%,0.50%,3.93%,3.69%,0.11,-,0.06,0.14,-,14.01%,9.20%,Jul 23/a,30.10,-0.43%,"34,163"
BBCO,4.61B,0.95%,2.51%,64.13%,4.00%,1.62,1.62,13.55,14.67,26.43%,10.38%,3.30%,Aug 05/b,111.98,2.46%,"445,539"
BBCOR,-,3.06%,-,-,-,-,-,-,-,-,-,-,-,26.14,1.11%,"3,072"
BBCPC,5.24B,0.71%,9.77%,12.79%,11.22%,2.66,1.56,0.13,0.13,36.29%,21.25%,15.14%,Jul 31/b,164.39,-1.37%,"287,215"
BBCPL,-,2.79%,-,-,-,-,-,-,-,-,-,-,-,24.15,0.08%,"29,838"
BBCRX,2.07B,-,-75.79%,-,-114.64%,2.32,2.29,-,-,97.53%,40.89%,-40.90%,Aug 05/b,8.12,-2.05%,"3,591,765"
BBCS,89.50B,3.06%,0.41%,10.59%,2.92%,5.97,-,2.59,3.05,-,33.77%,22.27%,Jul 28/b,26.70,1.87%,"2,758,447"
BBCSF,744.04M,14.65%,2.37%,5.76%,2.48%,7.30,7.30,1.39,1.39,75.96%,66.66%,28.56%,Aug 10/a,11.47,0.61%,"518,572"
BBCSM,-,-,-,-,-,-,-,-,-,-,-,-,-,23.86,0.41%,"3,324"
BBCSS,600.94M,-,5.18%,5.37%,2.68%,1.36,1.36,0.00,0.00,-,-,-,-,10.29,-0.10%,144
BBCTK,-,-,-,-,-,-,-,-,-,-,-,-,-,29.82,1.10%,"10,638"
BBCTX,31.58M,-,-139.20%,-168.21%,-127.51%,7.07,7.07,0.00,0.00,-,-,-,Jun 10/b,3.63,0.83%,"74,714"
BBCUS,-,0.28%,-,-,-,-,-,-,-,-,-,-,-,34.93,1.22%,"1,825"
BBCV,137.99M,5.59%,-,-,-,-,-,-,-,-,-,-,-,24.52,0.62%,"2,206"
BBCX,985.00M,6.50%,-,-,-,-,-,-,-,-,-,-,-,12.92,-0.54%,"125,834"
BBCYC,194.47M,-,-26.41%,-32.23%,-36.23%,12.08,12.08,0.03,0.03,91.36%,-387.53%,-311.16%,Jul 30/b,3.86,0.78%,"621,158"
BBD,-,0.93%,-,-,-,-,-,-,-,-,-,-,-,24.25,-0.08%,209
BBDBT,-,4.02%,-,-,-,-,-,-,-,-,-,-,-,24.48,-0.06%,"30,344"
BBDC,4.78B,0.16%,7.01%,18.64%,9.01%,2.14,1.49,0.96,0.97,35.82%,12.67%,8.52%,Jul 30/b,122.26,6.17%,"285,823"
BBDCI,352.85M,-,-,-,-,8.73,8.73,-,-,-,-,-,-,10.15,-0.10%,28
BBDCX,-,20.23%,-,-,-,-,-,-,-,-,-,-,-,20.21,0.37%,24
BBDCZ,-,11.59%,-,-,-,-,-,-,-,-,-,-,-,15.11,0.07%,653
BBDEC,-,-,-,-,-,-,-,-,-,-,-,-,-,54.55,0.75%,"1,404"
BBDGS,-,0.51%,-,-,-,-,-,-,-,-,-,-,-,37.28,0.42%,786
BBDIV,-,1.05%,-,-,-,-,-,-,-,-,-,-,-,24.65,0.49%,"1,711"
BBDJ,1.71B,7.65%,-,-,-,-,-,-,-,-,-,-,-,9.69,0.52%,"607,567"
BBDL,84.42M,1.32%,4.45%,9.90%,5.40%,2.04,1.68,0.76,0.83,20.44%,4.70%,3.09%,-,45.42,-1.73%,"14,826"
BBDMD,46.43M,-,-21.18%,-45.40%,-45.93%,1.29,1.26,0.00,0.41,85.63%,-58.52%,-65.20%,Sep 03/b,1.10,1.85%,"44,410"
BBDN,527.03M,10.63%,-4.15%,-18.29%,-4.30%,4.40,4.40,3.83,3.83,23.32%,15.93%,-28.83%,Jul 22/a,3.01,1.35%,"1,297,167"
BBDRX,1.34M,-,-31.88%,-41.72%,-46.48%,2.41,2.41,0.00,0.00,-,-,-,Sep 11/a,1.30,96.94%,"142,437,102"
BBDRY,-,-,-,-,-,-,-,-,-,-,-,-,-,16.01,0.57%,"51,312"
BBDSX,284.51M,-,-30.33%,-540.01%,-35.00%,2.85,2.77,7.68,7.86,82.50%,-19.99%,-26.97%,Aug 05/a,26.97,3.55%,"47,060"
BBDTX,113.76M,-,-29.21%,-37.21%,-38.97%,7.28,7.28,0.14,0.18,-,-,-,Aug 05/a,1.98,1.02%,"590,205"
BBDVG,-,1.41%,-,-,-,-,-,-,-,-,-,-,-,15.16,1.46%,"1,140"
BBDVL,-,-,-,-,-,-,-,-,-,-,-,-,-,26.50,1.05%,"225,348"
BBDX,48.44B,2.24%,2.44%,5.17%,2.48%,0.87,0.51,0.55,0.69,46.44%,14.54%,4.52%,Aug 06/b,177.85,0.81%,"1,584,105"
BBDYN,-,0.31%,-,-,-,-,-,-,-,-,-,-,-,28.03,0.92%,"375,810"
BBE,81.22B,-,6.00%,22.20%,5.65%,4.03,3.32,1.69,1.74,31.22%,11.21%,7.87%,Jul 28/a,275.75,6.68%,"13,631,266"
BBEAG,335.10M,-,2.94%,3.05%,3.00%,0.29,0.29,0.00,0.00,-,-,-,-,10.70,-0.65%,"23,338"
BBEAM,2.48B,-,-6.15%,-8.08%,-6.57%,14.57,14.57,0.22,0.23,85.74%,-242.27%,-54.75%,Aug 04/b,23.99,-1.56%,"1,194,468"
BBEAT,22.90M,-,-244.27%,-328.44%,-248.21%,3.66,3.61,0.00,0.00,-,-,-,Aug 13/a,0.41,-0.97%,"275,825"
BBEBE,200.60M,-,-,-,1.69%,2.60,2.60,0.00,0.00,-,-,-,-,10.03,0.50%,"74,129"
BBEC,-,-,-,-,-,-,-,-,-,-,-,-,-,18.52,13.31%,"26,392"
BBEDY,-,5.22%,-,-,-,-,-,-,-,-,-,-,-,29.62,0.61%,"84,570"
BBEEM,32.37M,-,-40.37%,-72.69%,-79.01%,1.46,0.67,0.07,0.09,9.42%,-64.95%,-64.60%,Aug 19/a,1.43,3.62%,"229,054"
BBEEP,115.64M,-,-6.10%,-16.08%,-7.66%,0.40,0.40,1.35,1.52,34.74%,6.66%,-69.65%,Aug 11/a,2.80,-1.75%,"19,441"
BBEEX,-,0.32%,-,-,-,-,-,-,-,-,-,-,-,27.63,1.06%,"1,294"
BBEEZ,-,0.54%,-,-,-,-,-,-,-,-,-,-,-,34.04,1.28%,280
BBEG,-,-,-,-,-,-,-,-,-,-,-,-,-,52.19,13.79%,"437,284"
BBEGS,-,61.67%,-,-,-,-,-,-,-,-,-,-,-,17.81,1.66%,"5,378"
BBEKE,17.87B,2.42%,4.04%,7.11%,6.57%,1.69,1.61,0.08,0.22,24.04%,5.56%,5.39%,Aug 21/b,16.93,1.44%,"4,070,670"
BBELFA,3.53B,0.17%,4.85%,8.17%,5.74%,4.48,3.20,0.03,0.04,39.52%,16.48%,6.75%,Jul 29/a,208.72,3.27%,"43,020"
BBELFB,3.53B,0.11%,4.85%,8.17%,5.74%,4.48,3.20,0.03,0.04,39.52%,16.48%,6.75%,Jul 29/a,250.36,3.03%,"95,960"
BBEMB,-,6.14%,-,-,-,-,-,-,-,-,-,-,-,52.10,0.03%,962
BBEMD,-,-,-,-,-,-,-,-,-,-,-,-,-,24.70,-0.06%,8
BBEN,17.10B,4.23%,2.21%,6.34%,2.67%,1.48,1.48,1.42,1.42,73.05%,15.21%,8.11%,Jul 31/b,33.65,-0.03%,"2,205,410"
BBENF,16.38M,-,-3.09%,-,-,0.12,0.12,-,-,-28.11%,-10018.13%,-1844.40%,Aug 14/b,1.06,-12.52%,"14,469,947"
BBENJ,-,-,-,-,-,-,-,-,-,-,-,-,-,53.20,0.05%,"19,245"
BBEP,9.12B,5.16%,-0.11%,-2.61%,-0.31%,0.80,0.79,7.01,8.43,16.64%,12.53%,-2.16%,Jul 31/b,30.39,-0.39%,"1,131,657"
BBEPC,5.71B,4.57%,-8.19%,-473.82%,-35.18%,0.40,0.40,-,-,25.53%,21.56%,-102.02%,Jul 31,30.77,-0.26%,"1,841,059"
BBERZ,-,-,-,-,-,-,-,-,-,-,-,-,-,19.08,-1.90%,"69,851"
BBESF,-,5.52%,-,-,-,-,-,-,-,-,-,-,-,41.55,-0.12%,117
BBESO,-,-,-,-,-,-,-,-,-,-,-,-,-,33.46,2.10%,151
BBESS,21.43M,-,-17.61%,-20.21%,-16.23%,2.94,2.93,0.01,0.01,60.90%,-68.93%,-68.55%,Aug 17/b,3.02,1.00%,"34,878"
BBETA,4.95B,-,-,-,-47.38%,14.47,14.47,0.12,0.13,12.95%,-1129.31%,-2343.89%,Aug 12/b,21.17,6.44%,"2,717,551"
BBETE,-,37.11%,-,-,-,-,-,-,-,-,-,-,-,38.62,1.61%,756
BBETH,-,26.24%,-,-,-,-,-,-,-,-,-,-,-,43.26,0.72%,169
BBETR,246.19M,-,-11.56%,-224.02%,-70.10%,0.30,0.30,3.43,11.36,85.28%,-52.35%,-83.29%,Aug 06/a,12.95,-1.97%,"312,781"
BBETZ,-,4.95%,-,-,-,-,-,-,-,-,-,-,-,19.36,0.91%,"6,156"
BBEX,-,-,-,-,-,-,-,-,-,-,-,-,-,37.65,12.93%,"1,799,437"
BBEZ,-,-,-,-,-,-,-,-,-,-,-,-,-,5.71,-13.22%,"4,531,936"
BBF-A,12.10B,3.56%,9.01%,18.12%,11.91%,3.26,1.14,0.52,0.62,60.84%,28.53%,18.33%,Sep 02/b,26.64,-1.26%,"187,473"
BBF-B,12.10B,3.62%,9.01%,18.12%,11.91%,3.26,1.14,0.52,0.62,60.84%,28.53%,18.33%,Sep 02/b,26.22,-1.39%,"2,586,942"
BBFAM,3.17B,-,4.54%,14.94%,6.55%,0.48,0.48,1.83,2.18,23.74%,10.91%,5.78%,Jul 30/a,65.12,1.32%,"1,243,751"
BBFAP,-,1.61%,-,-,-,-,-,-,-,-,-,-,-,15.55,0.36%,"1,864"
BBFC,1.71B,1.47%,1.56%,11.27%,8.97%,0.18,-,0.10,0.13,-,33.88%,27.88%,Jul 24/b,154.41,-0.53%,"54,533"
BBFEB,-,-,-,-,-,-,-,-,-,-,-,-,-,53.90,0.62%,"2,362"
BBFEW,-,-,-,-,-,-,-,-,-,-,-,-,-,21.69,0.81%,"1,200"
BBFH,4.09B,0.87%,2.57%,17.39%,8.54%,1.44,-,0.98,0.98,-,14.37%,11.86%,Jul 23/b,106.37,-0.46%,"545,202"
BBFIX,-,3.55%,-,-,-,-,-,-,-,-,-,-,-,24.77,-0.10%,"2,328"
BBFJA,-,-,-,-,-,-,-,-,-,-,-,-,-,18.44,0.00%,10
BBFJL,-,0.79%,-,-,-,-,-,-,-,-,-,-,-,18.54,0.27%,8
BBFLB,-,-,-,-,-,-,-,-,-,-,-,-,-,55.38,0.52%,55
BBFLX,-,-,-,-,-,-,-,-,-,-,-,-,-,25.84,1.00%,"291,271"
BBFLY,1.99B,-,-25.11%,-35.46%,-36.39%,4.06,3.02,0.09,0.10,52.64%,-60.03%,-66.74%,Jul 30/b,7.33,2.95%,"3,423,742"
BBFOC,-,-,-,-,-,-,-,-,-,-,-,-,-,17.03,0.42%,"6,906"
BBFOR,-,0.52%,-,-,-,-,-,-,-,-,-,-,-,23.61,0.77%,"16,203"
BBFRG,8.82M,-,-113.54%,-130.71%,-85.82%,10.57,10.57,0.00,0.01,40.34%,-2042.19%,-2006.87%,Sep 02,0.48,-1.98%,"65,939"
BBFRI,23.02M,-,-28.80%,-988.35%,-49.01%,1.18,1.08,1.18,1.26,89.47%,-2.97%,-13.78%,Aug 13/b,1.55,6.16%,"1,456,056"
BBFRZ,-,0.27%,-,-,-,-,-,-,-,-,-,-,-,26.98,0.48%,"20,809"
BBFS,772.90M,7.55%,1.62%,11.28%,1.88%,0.91,0.91,5.25,5.42,49.98%,40.29%,7.79%,Aug 06/a,31.27,-1.23%,"81,839"
BBFST,1.02B,1.94%,1.10%,10.01%,6.99%,0.26,-,0.32,0.61,-,22.29%,16.32%,Jul 23/a,31.42,-0.10%,"169,941"
BBFXU,-,-,-,-,-,-,-,-,-,-,-,-,-,23.63,0.91%,9
BBG,23.52B,2.35%,2.59%,7.53%,3.81%,1.57,0.63,0.66,1.06,4.87%,2.19%,1.10%,Jul 29/b,122.41,-1.75%,"1,212,190"
BBGB,501.30M,8.29%,-,-,-,-,-,-,-,-,-,-,-,11.22,0.18%,"118,467"
BBGC,5.79B,0.66%,3.74%,19.54%,6.44%,1.94,1.94,1.79,1.81,93.25%,9.03%,5.80%,Jul 30/b,12.17,-0.41%,"2,476,050"
BBGCG,-,-,-,-,-,-,-,-,-,-,-,-,-,27.34,0.60%,"5,669"
BBGDE,38.46M,-,-39.28%,-1076.32%,-166.45%,0.71,0.71,0.07,2.61,19.00%,-96.38%,-80.68%,Aug 12/a,6.79,9.34%,"30,921"
BBGDV,-,0.98%,-,-,-,-,-,-,-,-,-,-,-,30.66,0.43%,"10,218"
BBGEG,-,-,-,-,-,-,-,-,-,-,-,-,-,23.70,0.70%,22
BBGFI,-,-,-,-,-,-,-,-,-,-,-,-,-,24.83,0.08%,19
BBGGG,-,-,-,-,-,-,-,-,-,-,-,-,-,34.89,0.41%,"7,789"
BBGH,277.94M,10.58%,-,-,-,-,-,-,-,-,-,-,-,13.84,-0.86%,"90,727"
BBGIA,-,-,-,-,-,-,-,-,-,-,-,-,-,25.37,0.69%,"3,596"
BBGIG,-,1.70%,-,-,-,-,-,-,-,-,-,-,-,36.34,0.58%,"127,601"
BBGIN,205.91M,-,-,-,-324.03%,1.68,1.47,0.00,0.00,-112.16%,-163.28%,-262.42%,Apr 24/a,1.82,-3.70%,"6,095"
BBGL,8.96M,-,-,-,-,-,-,-,-,-,-,-,-,0.21,-4.17%,"161,264"
BBGLC,4.72M,-,-28.38%,-33.66%,-32.54%,6.08,5.28,0.02,0.03,10.73%,-87.18%,-82.36%,-,1.61,8.78%,"1,826"
BBGLD,-,45.17%,-,-,-,-,-,-,-,-,-,-,-,16.79,0.53%,"10,106"
BBGM,110.62M,-,-6.58%,-7.30%,-5.32%,1.25,0.65,0.00,0.00,12.81%,-23.42%,-44.22%,-,0.26,-4.57%,"39,584"
BBGMS,5.78M,-,-215.98%,-245.28%,-184.83%,8.63,7.22,0.00,0.00,19.29%,-147.13%,-715.48%,May 14/a,0.87,3.18%,"17,495"
BBGR,448.79M,6.60%,-,-,-,-,-,-,-,-,-,-,-,17.63,0.11%,"63,562"
BBGRN,-,4.41%,-,-,-,-,-,-,-,-,-,-,-,46.26,-0.12%,"30,122"
BBGRO,-,0.03%,-,-,-,-,-,-,-,-,-,-,-,43.27,1.25%,64
BBGS,256.02M,14.92%,-2.25%,-15.80%,-2.90%,1.62,1.09,5.18,6.52,21.00%,11.28%,-4.00%,Aug 11/a,3.15,-2.17%,"3,435,449"
BBGSF,54.97M,-,-6.48%,-10.56%,-11.82%,5.11,5.11,0.00,0.01,34.08%,-6.40%,-5.94%,Aug 05/a,5.15,-1.34%,"17,800"
BBGSI,2.52B,0.50%,0.27%,0.70%,0.25%,0.58,0.45,1.07,1.17,38.39%,4.53%,0.25%,Aug 12/b,90.40,10.85%,"129,302"
BBGT,327.77M,13.10%,-,-,-,-,-,-,-,-,-,-,-,10.99,0.27%,"104,805"
BBGUS,-,-,-,-,-,-,-,-,-,-,-,-,-,26.23,0.90%,17
BBGX,134.96M,9.18%,-,-,-,-,-,-,-,-,-,-,-,10.62,-0.09%,"56,662"
BBGY,527.38M,8.87%,-,-,-,-,-,-,-,-,-,-,-,5.82,0.52%,"223,188"
BBH,1.18B,-,-3.10%,-5.25%,-3.45%,2.45,2.42,0.58,0.66,29.01%,5.17%,-7.33%,-,372.67,2.36%,"99,012"
BBHAV,140.75M,-,-,-,-,3.65,3.65,0.00,0.00,-,-,-,-,10.03,0.10%,841
BBHB,680.03M,3.30%,1.12%,9.70%,7.21%,0.04,-,0.25,0.51,-,23.34%,18.46%,Jul 21/b,40.56,0.40%,"52,434"
BBHC,2.19B,-,-4.22%,-,-6.06%,1.44,1.08,-,-,63.02%,25.17%,-10.12%,Jul 29/a,5.86,-3.46%,"2,406,578"
BBHDG,-,-,-,-,-,-,-,-,-,-,-,-,-,22.73,-0.58%,231
BBHE,2.79B,0.87%,2.50%,4.78%,3.82%,1.99,1.31,0.25,0.26,10.23%,4.29%,1.89%,Jul 29/a,77.80,5.16%,"333,638"
BBHF,2.88B,-,0.34%,13.60%,8.56%,5.24,-,0.48,0.48,-,16.94%,10.96%,Aug 05/a,50.11,-1.44%,"843,243"
BBHK,631.96M,10.29%,-,-,-,-,-,-,-,-,-,-,-,8.75,-0.11%,"262,043"
BBHM,97.52M,5.88%,0.20%,0.81%,0.32%,8.64,8.64,1.49,1.54,-12.67%,-30.39%,-18.30%,-,8.50,1.43%,"1,036"
BBHP,221.49B,3.33%,8.56%,20.00%,13.08%,1.88,1.48,0.48,0.53,39.13%,39.13%,16.73%,Aug 17/a,87.15,-0.23%,"1,916,075"
BBHR,127.74M,5.38%,-0.17%,-0.56%,-0.27%,1.48,1.47,1.52,1.74,13.46%,6.11%,-7.22%,Aug 05/a,1.86,0.54%,"255,273"
BBHRB,1.44B,3.09%,1.02%,9.79%,7.01%,0.04,-,0.15,0.59,-,23.81%,18.68%,Jul 23/a,71.53,0.04%,"63,550"
BBHST,41.94M,-,-30.60%,-142.50%,-33.66%,2.24,1.75,0.66,0.89,58.95%,-17.99%,-31.21%,Aug 11/b,1.85,-1.07%,"28,347"
BBHV,19.68M,4.60%,-,-,-,-,-,-,-,-,-,-,-,12.39,-0.80%,955
BBHVN,1.92B,-,-127.41%,-799.46%,-192.67%,4.73,4.73,23.93,24.31,-,-,-,Aug 10/a,12.71,-0.63%,"2,863,329"
BBHYB,-,6.31%,-,-,-,-,-,-,-,-,-,-,-,53.40,0.00%,164
BBHYP,-,-,-,-,-,-,-,-,-,-,-,-,-,45.43,0.98%,"308,661"
BBIAF,4.78M,-,-245.51%,-1860.15%,-307.49%,1.44,1.41,0.31,0.38,27.61%,-209.82%,-257.33%,Aug 07/b,7.95,-15.34%,"827,861"
BBIB,-,0.29%,-,-,-,-,-,-,-,-,-,-,-,109.77,0.16%,"14,723"
BBIBL,-,0.94%,-,-,-,-,-,-,-,-,-,-,-,54.94,1.50%,"33,558"
BBID,191.06M,-,-,-,-,1.24,1.24,0.00,0.00,-,-,-,-,9.91,-0.30%,8
BBIDD,-,2.13%,-,-,-,-,-,-,-,-,-,-,-,30.83,1.08%,"9,746"
BBIDG,-,-,-,-,-,-,-,-,-,-,-,-,-,6.75,1.78%,"113,170"
BBIDU,25.24B,1.94%,-0.92%,-1.56%,-1.18%,2.33,2.33,0.29,0.42,40.84%,6.96%,-3.35%,Aug 18/b,91.40,0.89%,"2,482,427"
BBIGY,-,12.08%,-,-,-,-,-,-,-,-,-,-,-,52.19,0.83%,"3,192"
BBIIB,32.08B,-,2.76%,4.58%,3.16%,1.87,1.26,0.40,0.44,64.29%,19.50%,8.64%,Jul 29/b,217.15,0.80%,"1,075,556"
BBIII,231.38M,-,-,-,1.10%,0.93,0.93,0.00,0.00,-,-,-,-,10.06,0.00%,"87,515"
BBIL,-,3.72%,-,-,-,-,-,-,-,-,-,-,-,91.50,0.03%,"13,945,335"
BBILD,-,4.86%,-,-,-,-,-,-,-,-,-,-,-,28.91,-0.12%,30
BBILI,5.27B,-,3.75%,10.12%,7.21%,1.32,1.32,0.29,0.60,37.01%,4.44%,4.87%,Aug 27/b,15.54,0.45%,"3,658,010"
BBILL,4.03B,-,-0.11%,-0.30%,-0.21%,1.51,1.51,0.50,0.54,76.87%,1.06%,-0.68%,Aug 19/a,47.25,-0.80%,"1,372,500"
BBILS,-,3.70%,-,-,-,-,-,-,-,-,-,-,-,99.19,0.01%,"535,586"
BBILT,-,5.91%,-,-,-,-,-,-,-,-,-,-,-,27.19,0.15%,"22,497"
BBILZ,-,3.90%,-,-,-,-,-,-,-,-,-,-,-,100.73,0.00%,"197,312"
BBINC,-,5.66%,-,-,-,-,-,-,-,-,-,-,-,51.28,-0.08%,"1,827,069"
BBINT,-,1.70%,-,-,-,-,-,-,-,-,-,-,-,32.97,1.03%,"21,814"
BBINV,-,2.11%,-,-,-,-,-,-,-,-,-,-,-,44.10,0.48%,"25,779"
BBIO,9.93B,-,2.17%,3.11%,2.74%,3.14,2.33,0.13,0.19,51.86%,9.08%,8.59%,Aug 04/a,369.32,0.15%,"344,893"
BBIOA,389.66M,-,-26.27%,-28.21%,-25.05%,17.19,17.19,0.01,0.01,97.58%,-1026.28%,-912.25%,Aug 05/a,8.49,-1.85%,"672,078"
BBIOT,10.65M,-,-99.87%,-,-,0.00,0.00,-,-,-,-,-,-,0.37,-5.13%,"406,076"
BBIOX,26.50M,-,-10.91%,-39.98%,-57.01%,0.85,0.67,0.97,3.75,33.93%,-1.46%,-27.17%,Sep 15/b,0.42,-0.80%,"63,480"
BBIOY,-,24.21%,-,-,-,-,-,-,-,-,-,-,-,20.33,-1.88%,"1,149"
BBIP,24.00B,4.94%,0.28%,6.13%,0.48%,0.89,0.84,12.05,12.99,26.53%,24.75%,1.11%,Jul 30/b,36.88,1.26%,"617,625"
BBIPC,5.03B,5.11%,-1.44%,-,-3.29%,0.53,0.53,-,-,62.43%,60.16%,-9.41%,Jul 30/b,37.01,1.01%,"996,480"
BBIRD,28.81M,-,-80.26%,-156.38%,-209.40%,3.70,3.70,0.56,0.64,30.88%,-62.63%,-69.42%,Aug 12,2.44,0.41%,"127,282"
BBIRK,5.54B,-,6.40%,12.45%,7.34%,3.78,2.09,0.67,0.69,52.96%,24.46%,14.82%,Aug 13/b,31.13,1.43%,"1,667,562"
BBIS,-,6.59%,-,-,-,-,-,-,-,-,-,-,-,11.96,-0.25%,"4,478"
BBIT,668.77M,12.70%,-,-,-,-,-,-,-,-,-,-,-,11.72,-0.42%,"280,244"
BBITA,-,3.35%,-,-,-,-,-,-,-,-,-,-,-,58.92,0.10%,"27,574"
BBITB,-,-,-,-,-,-,-,-,-,-,-,-,-,41.94,0.19%,"1,220,331"
BBITC,-,3.08%,-,-,-,-,-,-,-,-,-,-,-,39.83,0.02%,"1,992"
BBITI,-,28.98%,-,-,-,-,-,-,-,-,-,-,-,19.20,-0.16%,"1,298,243"
BBITO,-,30.94%,-,-,-,-,-,-,-,-,-,-,-,10.37,0.00%,"84,468,283"
BBITQ,-,-,-,-,-,-,-,-,-,-,-,-,-,25.82,1.93%,"199,079"
BBITS,-,21.88%,-,-,-,-,-,-,-,-,-,-,-,65.00,1.22%,"3,382"
BBITU,-,11.66%,-,-,-,-,-,-,-,-,-,-,-,13.20,0.23%,"5,373,498"
BBITW,-,-,-,-,-,-,-,-,-,-,-,-,-,50.84,0.88%,"15,316"
BBITX,-,15.54%,-,-,-,-,-,-,-,-,-,-,-,17.03,0.29%,"12,894,729"
BBITY,-,32.18%,-,-,-,-,-,-,-,-,-,-,-,27.56,0.52%,734
BBIV,-,4.43%,-,-,-,-,-,-,-,-,-,-,-,74.06,-0.13%,"1,429,136"
BBIVI,16.31M,-,-123.27%,-150.76%,-211.13%,3.59,3.59,0.02,0.03,-,-,-,-,1.93,1.05%,"170,760"
BBIXI,303.59M,-,-,-,1.59%,12.07,12.07,0.00,0.00,-,-,-,-,10.09,-0.05%,116
BBIYA,13.98M,-,-58.15%,-81.28%,-41.51%,5.54,5.54,0.00,0.01,11.54%,-58.12%,-57.85%,-,2.22,-2.20%,"22,700"
BBIZD,-,11.68%,-,-,-,-,-,-,-,-,-,-,-,13.05,0.54%,"2,256,515"
BBJ,11.56B,-,7.81%,27.67%,13.06%,0.73,0.19,1.07,1.26,18.24%,3.94%,2.61%,Aug 21/b,91.49,2.05%,"1,675,540"
BBJAN,-,-,-,-,-,-,-,-,-,-,-,-,-,60.36,0.66%,"4,100"
BBJDX,4.01M,-,-81.07%,-98.89%,-77.21%,4.64,4.64,0.00,0.01,-,-,-,Aug 13/b,0.90,-11.16%,"340,904"
BBJRI,1.29B,-,4.06%,10.44%,5.19%,0.29,0.22,0.99,1.09,9.72%,3.03%,2.86%,Jul 30/a,60.78,1.11%,"337,350"
BBJUL,-,-,-,-,-,-,-,-,-,-,-,-,-,55.38,0.61%,"5,072"
BBJUN,-,-,-,-,-,-,-,-,-,-,-,-,-,49.62,0.66%,"7,580"
BBKAG,-,4.36%,-,-,-,-,-,-,-,-,-,-,-,40.70,-0.07%,"144,340"
BBKCG,-,0.59%,-,-,-,-,-,-,-,-,-,-,-,38.85,0.98%,"3,075"
BBKCH,-,1.68%,-,-,-,-,-,-,-,-,-,-,-,72.69,2.71%,"12,648"
BBKCI,-,1.36%,-,-,-,-,-,-,-,-,-,-,-,52.49,0.10%,"21,011"
BBKD,2.90B,-,-2.30%,-362.06%,-2.60%,1.14,1.14,-,-,10.55%,5.00%,-4.53%,Aug 10/a,12.14,-0.49%,"5,580,696"
BBKDV,-,0.52%,-,-,-,-,-,-,-,-,-,-,-,34.50,0.64%,"719,276"
BBKE,2.10B,11.71%,20.80%,45.76%,26.65%,2.08,1.39,0.69,0.86,48.95%,22.27%,16.62%,Aug 21/b,40.70,1.02%,"446,317"
BBKEM,-,1.88%,-,-,-,-,-,-,-,-,-,-,-,30.86,1.11%,"6,493"
BBKF,-,1.59%,-,-,-,-,-,-,-,-,-,-,-,39.84,0.10%,"2,519"
BBKFI,-,2.97%,-,-,-,-,-,-,-,-,-,-,-,23.14,-0.34%,"9,675"
BBKGI,-,2.98%,-,-,-,-,-,-,-,-,-,-,-,43.89,-0.34%,"184,257"
BBKH,5.44B,3.94%,2.83%,7.89%,3.77%,0.52,0.41,1.01,1.21,26.87%,23.86%,13.00%,Aug 05/a,71.30,-1.36%,"1,024,756"
BBKHA,49.37M,-,0.77%,0.83%,1.88%,0.02,0.02,0.00,0.13,-,-,-,-,11.99,0.88%,38
BBKHY,-,7.46%,-,-,-,-,-,-,-,-,-,-,-,46.69,0.03%,"8,937"
BBKIE,-,3.10%,-,-,-,-,-,-,-,-,-,-,-,34.39,1.11%,"256,128"
BBKKT,368.67M,-,-2.25%,-3.42%,-8.74%,3.14,3.14,0.00,0.00,-5.36%,-10.65%,-2.78%,Aug 10/a,8.18,3.15%,"828,339"
BBKLC,-,1.04%,-,-,-,-,-,-,-,-,-,-,-,48.86,0.87%,"243,871"
BBKLG,-,-,-,-,-,-,-,-,-,-,-,-,-,25.55,0.97%,8
BBKLN,-,6.42%,-,-,-,-,-,-,-,-,-,-,-,20.59,0.00%,"8,481,236"
BBKMC,-,1.43%,-,-,-,-,-,-,-,-,-,-,-,39.94,0.85%,"15,008"
BBKMI,-,1.88%,-,-,-,-,-,-,-,-,-,-,-,25.48,0.12%,"97,826"
BBKMS,-,1.93%,-,-,-,-,-,-,-,-,-,-,-,25.28,0.08%,"70,806"
BBKNG,130.68B,0.88%,23.88%,-,91.13%,1.09,1.09,-,-,97.47%,35.17%,25.53%,Aug 04/a,173.92,-0.24%,"5,783,522"
BBKR,58.63B,1.58%,6.78%,16.47%,8.75%,2.09,1.76,0.78,0.82,23.57%,12.96%,11.17%,Jul 26/a,59.06,-0.57%,"10,197,172"
BBKSE,-,1.24%,-,-,-,-,-,-,-,-,-,-,-,43.20,0.57%,"4,240"
BBKSY,843.46M,-,-16.12%,-44.75%,-15.85%,5.83,5.72,0.99,1.05,39.42%,-43.44%,-61.24%,Aug 06/b,20.61,-0.67%,"932,347"
BBKT,324.54M,10.53%,-,-,-,-,-,-,-,-,-,-,-,10.02,0.10%,"147,499"
BBKTI,273.92M,-,20.27%,30.64%,25.83%,4.20,3.15,0.01,0.03,50.99%,17.87%,15.00%,Aug 13/b,72.67,1.91%,"32,018"
BBKU,3.19B,2.94%,0.76%,9.01%,7.48%,0.03,-,0.19,0.74,-,19.63%,14.47%,Jul 22/b,44.78,-0.86%,"889,008"
BBKUI,-,4.11%,-,-,-,-,-,-,-,-,-,-,-,49.55,-0.02%,"18,185"
BBKV,2.65B,-,8.24%,13.86%,8.02%,1.15,1.10,0.46,0.54,17.59%,-0.86%,19.32%,Aug 06/b,24.23,-2.92%,"2,574,367"
BBKYI,3.81M,-,-38.54%,-62.01%,-78.50%,1.26,1.14,0.02,0.20,81.75%,-47.00%,-50.58%,Aug 13/a,2.65,-3.60%,"14,652"
BBL,1.65B,-,2.13%,9.53%,3.47%,1.72,1.72,2.17,2.18,75.53%,6.72%,4.75%,Aug 04/a,28.35,-1.39%,"851,749"
BBLBD,1.96B,-,32.36%,64.29%,36.85%,1.64,0.67,0.17,0.18,20.57%,11.77%,17.48%,Aug 05/a,61.84,-0.34%,"403,707"
BBLCK,-,-,-,-,-,-,-,-,-,-,-,-,-,24.45,1.85%,38
BBLCO,6.16B,-,-1.24%,-2.67%,-1.49%,1.55,1.02,0.80,0.80,56.97%,7.61%,-3.21%,Jul 29/b,17.25,-1.71%,"460,187"
BBLCR,-,0.29%,-,-,-,-,-,-,-,-,-,-,-,49.26,0.94%,"306,013"
BBLCV,-,1.22%,-,-,-,-,-,-,-,-,-,-,-,42.74,0.68%,"1,618"
BBLDG,-,5.35%,-,-,-,-,-,-,-,-,-,-,-,26.51,0.15%,"7,657"
BBLDP,775.91M,-,-11.20%,-12.92%,-13.41%,11.19,10.36,0.03,0.04,14.74%,-47.54%,-72.78%,Jul 31/b,2.21,-0.45%,"1,893,971"
BBLDR,6.50B,-,0.90%,2.51%,1.12%,1.79,1.09,1.28,1.31,29.19%,3.01%,0.71%,Jul 30/b,60.37,2.37%,"2,029,606"
BBLDX,-,1.00%,-,-,-,-,-,-,-,-,-,-,-,25.40,0.20%,"3,569"
BBLES,-,1.78%,-,-,-,-,-,-,-,-,-,-,-,49.05,0.39%,"7,217"
BBLFS,1.71B,-,12.09%,13.15%,11.00%,9.69,7.14,0.03,0.04,64.76%,2.90%,46.35%,Aug 06/a,34.95,0.09%,"968,021"
BBLGR,-,0.32%,-,-,-,-,-,-,-,-,-,-,-,32.24,0.87%,"13,367"
BBLIN,11.10M,-,-8.58%,-14.34%,-14.09%,0.61,0.61,0.08,0.11,60.31%,-8.78%,-8.65%,Aug 13/a,0.88,-3.19%,"42,537"
BBLIV,24.45M,-,-129.64%,-151.45%,-74.43%,17.14,17.14,0.00,0.00,-1.27%,-857.58%,-877.03%,-,2.25,-4.26%,"8,894"
BBLK,175.42B,2.11%,4.08%,12.32%,9.06%,4.46,4.46,0.26,0.26,76.80%,33.95%,23.80%,Jul 15/b,1079.65,1.62%,"479,814"
BBLKB,2.06B,-,5.77%,194.45%,12.61%,0.81,0.81,16.82,17.16,59.41%,20.18%,13.13%,Jul 29/b,45.48,2.85%,"294,258"
BBLLN,4.66B,-,6.13%,9.05%,4.74%,11.69,11.31,0.26,0.27,71.27%,10.90%,8.04%,Aug 05/a,98.77,0.26%,"406,055"
BBLMN,744.05M,-,0.89%,6.91%,1.35%,0.24,0.17,4.03,4.45,8.85%,2.84%,0.74%,Aug 05/b,8.69,0.23%,"1,688,482"
BBLND,333.48M,-,-10.65%,-48.15%,-20.43%,1.59,1.59,0.02,0.02,74.47%,-11.08%,-15.16%,Aug 06/a,1.41,-0.70%,"2,021,028"
BBLNE,33.92M,-,-32.29%,-40.40%,-40.61%,1.07,1.07,0.00,0.21,28.21%,-205.02%,-220.62%,Aug 13/a,1.03,-4.63%,"231,830"
BBLNK,78.88M,-,-34.68%,-85.07%,-99.47%,1.17,0.98,0.06,0.09,-18.99%,-48.86%,-52.24%,Aug 06/a,0.54,1.19%,"663,521"
BBLOK,-,0.76%,-,-,-,-,-,-,-,-,-,-,-,63.90,1.69%,"119,127"
BBLOX,-,42.77%,-,-,-,-,-,-,-,-,-,-,-,14.00,1.38%,"225,147"
BBLRK,178.02M,-,-,-,1.61%,3.31,3.31,0.00,0.00,-,-,-,-,10.11,0.05%,"26,420"
BBLRX,12.17M,-,-20.94%,-47.48%,-47.39%,1.20,1.04,0.23,0.58,55.01%,-875.98%,-574.29%,Aug 31/b,2.51,-2.32%,"9,539"
BBLSG,-,-,-,-,-,-,-,-,-,-,-,-,-,3.31,7.22%,"104,114"
BBLSH,5.28B,-,-43.56%,-55.73%,-47.16%,23.52,22.41,0.21,0.21,79.64%,18.09%,-390.07%,Aug 13/b,35.12,3.66%,"1,417,791"
BBLSM,639.23M,-,-,-,-,7.37,7.37,-,-,-,-,-,Sep 02,20.86,-3.02%,"148,974"
BBLST,-,3.85%,-,-,-,-,-,-,-,-,-,-,-,24.60,-0.12%,"17,652"
BBLTD,-,4.55%,-,-,-,-,-,-,-,-,-,-,-,24.02,-0.12%,"24,322"
BBLTE,7.00B,-,-21.60%,-22.10%,-13.28%,50.02,50.02,0.00,0.00,-,-,-,Aug 13/b,173.79,-0.73%,"154,553"
BBLUC,-,0.62%,-,-,-,-,-,-,-,-,-,-,-,31.82,0.84%,"15,018"
BBLUI,-,5.17%,-,-,-,-,-,-,-,-,-,-,-,25.40,-0.06%,"4,462"
BBLUW,334.87M,-,3.21%,3.33%,3.28%,0.16,0.16,0.00,0.00,-,-,-,-,10.37,0.00%,39
BBLUX,-,0.99%,-,-,-,-,-,-,-,-,-,-,-,32.09,0.70%,"24,100"
BBLV,-,5.07%,-,-,-,-,-,-,-,-,-,-,-,64.84,0.02%,"963,756"
BBLW,484.05M,10.95%,-,-,-,-,-,-,-,-,-,-,-,12.38,0.00%,"88,925"
BBLX,1.94B,4.87%,1.67%,15.21%,5.06%,0.78,-,1.87,2.95,-,27.75%,26.84%,Jul 27/a,55.29,-0.61%,"193,488"
BBLZE,767.56M,-,-9.97%,-24.29%,-13.66%,1.00,1.00,0.69,0.93,62.17%,-6.98%,-13.07%,Aug 03/a,12.40,0.73%,"1,359,315"
BBLZR,351.66M,-,5.38%,5.61%,2.81%,5.94,5.94,0.00,0.00,-,-,-,-,10.24,0.29%,41
BBMA,4.89B,4.07%,1.82%,7.46%,5.79%,0.71,-,0.22,0.27,-,26.67%,5.95%,Aug 19/a,77.82,-1.28%,"196,701"
BBMAR,-,-,-,-,-,-,-,-,-,-,-,-,-,58.98,0.61%,836
BBMAY,-,-,-,-,-,-,-,-,-,-,-,-,-,48.46,0.70%,"6,075"
BBMBL,394.59M,-,-31.16%,-96.36%,-57.28%,1.59,1.59,0.78,0.89,70.87%,27.90%,-58.99%,Aug 05/a,2.99,0.34%,"2,417,545"
BBME,571.50M,7.11%,-,-,-,-,-,-,-,-,-,-,-,44.22,0.36%,"20,728"
BBMEA,126.12M,-,-59.14%,-164.14%,-268.09%,3.47,3.47,0.00,0.07,-,-,-,Aug 05/a,1.74,2.35%,"1,481,264"
BBMED,-,0.25%,-,-,-,-,-,-,-,-,-,-,-,32.97,0.49%,"1,067"
BBMEZ,1.03B,8.35%,-,-,-,-,-,-,-,-,-,-,-,16.45,-0.66%,"173,672"
BBMGL,7.17M,-,-57.05%,-148.66%,-79.19%,1.88,1.84,0.96,1.57,-2.33%,-31.64%,-68.00%,-,4.59,0.22%,331
BBMHL,130.66M,-,9.60%,16.26%,11.78%,7.80,5.97,0.00,0.04,25.93%,4.57%,16.33%,-,5.12,-11.83%,951
BBMI,3.63B,1.34%,13.00%,18.48%,18.41%,2.42,1.39,0.00,0.00,41.31%,18.58%,14.27%,Jul 22/b,125.13,0.10%,"206,455"
BBMM,452.06M,-,-29.16%,-32.40%,-22.71%,3.85,3.85,0.00,0.04,-,-,-,Aug 13/a,5.45,-1.89%,"103,929"
BBMN,151.26M,4.58%,-,-,-,-,-,-,-,-,-,-,-,24.61,0.22%,"7,022"
BBMNG,-,-,-,-,-,-,-,-,-,-,-,-,-,26.63,6.58%,"464,432"
BBMNR,15.10B,0.04%,-150.74%,-151.21%,-75.62%,36.68,36.68,0.00,0.00,81.88%,-484.57%,-14335.10%,Jul 29,25.03,3.43%,"63,044,646"
BBMNU,-,-,-,-,-,-,-,-,-,-,-,-,-,19.50,7.03%,"9,413,508"
BBMNZ,-,-,-,-,-,-,-,-,-,-,-,-,-,5.26,-7.23%,"6,055,865"
BBMO,121.92B,2.80%,0.62%,10.63%,7.56%,0.56,-,0.42,1.93,-,15.26%,11.20%,Aug 25/b,174.88,0.69%,"477,850"
BBMOP,-,2.25%,-,-,-,-,-,-,-,-,-,-,-,24.05,0.21%,"151,862"
BBMR,20.97M,-,-45.14%,-48.40%,-62.01%,8.08,8.08,0.00,0.00,88.25%,-256.87%,-248.76%,-,1.35,2.27%,"18,033"
BBMRA,10.28M,-,-59.43%,-112.10%,-88.24%,1.62,0.93,0.63,0.90,8.09%,-119.54%,-84.79%,Sep 01/b,2.24,0.45%,"11,944"
BBMRC,450.04M,3.60%,-0.38%,-3.41%,-3.08%,0.10,-,0.17,0.17,-,-21.53%,-13.07%,Jul 27/b,27.79,0.29%,"98,258"
BBMRN,12.71B,-,0.76%,1.18%,0.74%,2.39,1.32,0.56,0.67,73.93%,18.50%,2.11%,Aug 06/a,65.68,0.26%,"1,604,794"
BBMSI,-,0.46%,-,-,-,-,-,-,-,-,-,-,-,24.95,-0.06%,6
BBMVP,-,1.70%,-,-,-,-,-,-,-,-,-,-,-,53.78,0.76%,46
BBMY,130.00B,3.67%,10.18%,46.70%,14.03%,1.53,1.38,1.96,2.02,66.64%,32.35%,18.87%,Jul 30/b,63.64,-0.17%,"7,055,798"
BBN,85.32B,0.77%,0.28%,3.07%,0.50%,0.83,0.71,5.16,5.77,25.87%,24.86%,1.59%,Aug 13/b,38.22,0.45%,"3,544,308"
BBNAI,60.13M,-,-51.73%,-98.11%,-61.63%,0.28,0.28,0.03,0.10,-1092.55%,-2385.37%,-2353.53%,Aug 14/b,8.03,-2.55%,"202,986"
BBNAV,-,-,-,-,-,-,-,-,-,-,-,-,-,30.74,0.09%,"4,604"
BBNC,197.63M,-,63.36%,74.03%,37.76%,0.62,0.46,0.00,0.06,27.61%,-128.45%,378.32%,Sep 11/a,4.80,-3.81%,"2,372,912"
BBND,-,4.11%,-,-,-,-,-,-,-,-,-,-,-,71.22,-0.07%,"9,360,054"
BBNDC,-,4.27%,-,-,-,-,-,-,-,-,-,-,-,21.42,-0.07%,"8,167"
BBNDD,-,3.66%,-,-,-,-,-,-,-,-,-,-,-,96.97,0.84%,426
BBNDI,-,5.69%,-,-,-,-,-,-,-,-,-,-,-,45.54,-0.02%,"32,605"
BBNDP,-,3.30%,-,-,-,-,-,-,-,-,-,-,-,72.02,-0.10%,"1,894"
BBNDS,-,8.12%,-,-,-,-,-,-,-,-,-,-,-,50.01,0.14%,"19,036"
BBNDW,-,4.37%,-,-,-,-,-,-,-,-,-,-,-,66.47,-0.03%,"115,620"
BBNDX,-,4.66%,-,-,-,-,-,-,-,-,-,-,-,46.99,0.05%,"4,437,057"
BBNDY,-,6.71%,-,-,-,-,-,-,-,-,-,-,-,24.35,0.04%,"32,479"
BBNED,389.29M,0.71%,2.47%,8.29%,4.58%,1.66,0.62,0.74,0.98,19.57%,2.80%,1.29%,Sep 08/a,11.23,2.84%,"262,919"
BBNGE,-,0.38%,-,-,-,-,-,-,-,-,-,-,-,32.26,1.40%,"2,302"
BBNGO,14.37M,-,-52.04%,-83.56%,-85.92%,2.48,1.96,0.18,0.21,47.50%,-106.67%,-106.58%,Aug 10/a,1.22,1.67%,"57,986"
BBNKD,-,-,-,-,-,-,-,-,-,-,-,-,-,26.53,-1.61%,190
BBNKK,11.12M,-,-228.40%,-332.40%,-305.61%,1.05,0.91,0.00,0.01,46.78%,-272.55%,-909.56%,-,1.39,2.21%,"111,904"
BBNKU,-,-,-,-,-,-,-,-,-,-,-,-,-,45.15,1.50%,"5,082"
BBNL,3.92B,5.71%,2.54%,4.91%,2.53%,2.83,2.83,0.95,0.95,58.72%,49.66%,29.46%,Jul 29/a,20.42,-0.54%,"1,093,195"
BBNMC,-,-,-,-,-,-,-,-,-,-,-,-,-,63.06,6.12%,141
BBNO,-,-,-,-,-,-,-,-,-,-,-,-,-,61.37,-2.79%,"1,970,999"
BBNOV,-,-,-,-,-,-,-,-,-,-,-,-,-,48.98,0.82%,"2,528"
BBNR,107.94M,-,-8.63%,-12.81%,-12.69%,3.03,2.87,0.05,0.09,74.52%,-13.02%,-13.60%,Sep 10/b,12.28,5.68%,"50,958"
BBNS,115.18B,3.47%,0.68%,11.64%,8.11%,0.67,-,0.40,3.06,-,16.94%,13.48%,Aug 25/b,93.45,0.66%,"2,387,251"
BBNT,11.36B,-,0.06%,0.66%,0.46%,-,-,0.33,0.33,-,5.96%,0.91%,-,38.19,0.45%,"6,016"
BBNTC,418.73M,-,-28.43%,-29.58%,-22.61%,56.82,56.82,0.00,0.00,-,-,-,May 14/b,12.19,-0.25%,"88,586"
BBNTX,24.30B,-,-8.08%,-9.35%,-9.54%,7.85,7.80,0.01,0.02,63.87%,-37.57%,-63.55%,Aug 04/b,96.73,0.34%,"1,176,646"
BBNY,110.37B,1.43%,1.25%,14.22%,8.40%,1.59,-,0.68,1.96,-,19.32%,14.87%,Jul 15/b,162.66,0.04%,"2,267,343"
BBOAT,-,5.38%,-,-,-,-,-,-,-,-,-,-,-,52.00,1.90%,"92,240"
BBOBP,-,0.69%,-,-,-,-,-,-,-,-,-,-,-,30.16,1.18%,"2,265"
BBOBS,2.07B,-,6.18%,38.76%,10.25%,0.90,0.28,1.46,1.68,46.92%,8.79%,5.43%,Aug 06/b,15.85,4.28%,"567,033"
BBOC,408.82M,-,-1.94%,-2.65%,-2.21%,2.05,2.05,0.19,0.20,13.38%,-4.91%,-12.12%,Aug 13/a,13.57,0.44%,"195,092"
BBOCT,-,-,-,-,-,-,-,-,-,-,-,-,-,54.66,0.73%,"5,675"
BBODI,38.10M,-,8.80%,43.32%,21.00%,0.78,0.60,0.59,0.67,71.68%,8.18%,5.66%,Aug 10/a,5.23,-5.77%,"30,009"
BBOE,676.65M,8.18%,-,-,-,-,-,-,-,-,-,-,-,12.17,0.75%,"77,558"
BBOEG,-,-,-,-,-,-,-,-,-,-,-,-,-,12.14,5.25%,"33,797"
BBOEU,-,2.10%,-,-,-,-,-,-,-,-,-,-,-,30.69,5.26%,"35,290"
BBOF,63.25M,-,-53.34%,-202.60%,-85.28%,1.03,0.55,1.13,2.00,9.60%,-49.79%,-56.77%,Aug 13/a,3.89,0.26%,"10,224"
BBOH,2.99B,3.69%,0.99%,13.02%,9.51%,0.04,-,0.32,0.35,-,25.97%,20.09%,Jul 27/b,75.80,-0.03%,"227,782"
BBOIL,-,-,-,-,-,-,-,-,-,-,-,-,-,19.26,-0.10%,"3,701,035"
BBOKF,8.25B,1.83%,1.24%,10.81%,6.77%,0.19,-,0.57,0.82,-,24.47%,18.78%,Jul 20/a,135.69,0.36%,"269,012"
BBOLD,64.38M,-,-50.56%,-67.86%,-97.02%,9.48,9.48,0.00,0.00,-,-,-,Aug 17,2.83,-0.35%,"63,841"
BBOLT,7.61M,-,-49.62%,-111.65%,-92.19%,2.61,2.61,1.47,1.71,80.45%,-605.85%,-611.47%,Aug 11/a,3.95,5.90%,"77,082"
BBON,9.03M,-,-2.71%,-3.93%,-3.41%,1.74,1.01,0.02,0.21,20.77%,-8.69%,-10.68%,-,1.11,-3.45%,"3,109"
BBOND,-,5.35%,-,-,-,-,-,-,-,-,-,-,-,88.84,-0.12%,"460,935"
BBOOM,130.64M,-,-2.88%,-7.59%,-5.66%,2.56,1.19,0.39,0.44,16.83%,-1.00%,-3.17%,Jul 29/a,6.36,-3.20%,"89,634"
BBOOT,4.37B,-,10.41%,19.18%,11.68%,2.53,0.44,0.53,0.59,38.45%,13.61%,10.35%,Jul 29/a,144.39,2.64%,"503,015"
BBORR,1.32B,-,-6.83%,-24.37%,-6.98%,2.42,2.42,2.58,2.58,26.19%,20.84%,-23.69%,Aug 11/a,4.27,-2.29%,"4,800,058"
BBOSC,32.85M,-,8.43%,13.16%,11.12%,2.73,2.18,0.06,0.07,24.07%,6.63%,7.22%,Aug 20/b,4.66,0.00%,"19,744"
BBOT,635.97M,-,-,-,-,-,-,-,-,-,-,-,-,26.85,-2.36%,"175,436"
BBOTJ,124.81M,1.82%,1.12%,14.84%,12.51%,0.28,-,0.10,0.10,-,21.98%,17.72%,-,27.47,-1.54%,"38,851"
BBOTT,-,-,-,-,-,-,-,-,-,-,-,-,-,41.29,0.34%,"7,032"
BBOTZ,-,0.50%,-,-,-,-,-,-,-,-,-,-,-,35.28,1.50%,"1,051,519"
BBOUT,-,0.29%,-,-,-,-,-,-,-,-,-,-,-,43.45,-0.49%,"5,982"
BBOW,1.11B,-,3.62%,14.10%,10.02%,0.40,-,0.31,0.31,-,14.87%,10.16%,Aug 03/b,33.67,0.15%,"225,599"
BBOX,4.63B,0.11%,8.63%,70.23%,19.46%,1.00,1.00,3.59,3.59,79.55%,9.44%,8.14%,Aug 25/a,33.75,-1.08%,"1,715,975"
BBOXA,-,0.13%,-,-,-,-,-,-,-,-,-,-,-,103.74,0.08%,"5,850"
BBOXL,3.80M,-,-23.82%,-677.22%,-586.64%,0.94,0.40,-,-,23.28%,-12.09%,-22.17%,Aug 12/a,5.69,0.35%,"13,132"
BBOXX,-,-,-,-,-,-,-,-,-,-,-,-,-,118.19,0.05%,"2,551,656"
BBP,118.73B,4.38%,1.90%,9.33%,4.49%,1.27,0.95,1.09,1.24,19.55%,11.07%,2.53%,Aug 04/b,46.10,0.04%,"5,634,208"
BBPAC,75.25M,-,0.89%,0.92%,0.46%,0.22,0.22,0.00,0.00,-,-,-,-,10.20,0.20%,24
BBPAY,-,3.02%,-,-,-,-,-,-,-,-,-,-,-,26.65,0.39%,424
BBPH,-,2.35%,-,-,-,-,-,-,-,-,-,-,-,71.85,-0.12%,"1,206"
BBPI,-,22.57%,-,-,-,-,-,-,-,-,-,-,-,24.37,0.39%,209
BBPOP,10.44B,1.93%,1.25%,15.65%,13.36%,0.10,-,0.13,0.25,-,24.90%,21.28%,Jul 23/b,163.71,-0.15%,"438,740"
BBPRE,-,8.15%,-,-,-,-,-,-,-,-,-,-,-,12.15,1.00%,"503,384"
BBPRN,295.35M,3.23%,1.15%,9.54%,8.71%,0.06,-,0.06,0.07,-,24.54%,18.98%,Jul 23/a,43.35,-0.55%,"21,186"
BBPRO,-,-,-,-,-,-,-,-,-,-,-,-,-,21.32,0.47%,"2,340"
BBQ,2.46M,-,-1.70%,-2.48%,-2.40%,3.25,1.87,0.01,0.16,26.27%,-7.21%,-1.28%,-,0.85,2.41%,"25,059"
BBR,19.13B,2.56%,12.86%,40.92%,17.79%,1.24,1.21,1.22,1.24,31.78%,17.63%,15.04%,Aug 04/b,167.74,-0.30%,"592,597"
BBRAG,41.62M,-,-8.06%,-12.26%,-12.76%,0.89,0.89,0.03,0.11,35.97%,-4.53%,-7.48%,Aug 13/b,1.34,2.29%,"11,937"
BBRAI,1.17B,-,-346.48%,-,-,0.03,0.03,-,-,-,-,-,Sep 02,5.68,2.90%,"12,907"
BBRAZ,-,2.44%,-,-,-,-,-,-,-,-,-,-,-,32.72,-1.08%,87
BBRBI,-,9.28%,-,-,-,-,-,-,-,-,-,-,-,11.20,-1.41%,"3,841"
BBRBR,1.06B,-,16.76%,-,25.65%,2.25,0.86,-,-,27.33%,12.71%,7.28%,Aug 04/b,9.14,-1.72%,"2,614,109"
BBRBS,361.45M,-,0.38%,3.03%,2.71%,0.07,-,0.26,0.62,-,9.07%,6.88%,Apr 23/a,4.09,-0.49%,"2,642,700"
BBRC,4.08B,1.13%,11.45%,16.11%,14.42%,1.94,1.30,0.05,0.06,51.72%,15.83%,12.36%,Sep 03/b,86.94,1.20%,"231,676"
BBRCB,424.62M,-,-,-,0.65%,0.71,0.62,3.30,3.50,23.65%,3.27%,0.69%,Aug 11/a,8.48,-3.09%,"341,584"
BBRCC,214.25M,-,-1.77%,-13.06%,-3.76%,1.42,0.80,1.10,1.19,18.59%,0.67%,-0.89%,Aug 03/a,8.56,2.88%,"54,291"
BBRCE,-,0.50%,-,-,-,-,-,-,-,-,-,-,-,30.23,0.82%,218
BBREE,-,-,-,-,-,-,-,-,-,-,-,-,-,27.69,1.12%,50
BBREM,-,5.43%,-,-,-,-,-,-,-,-,-,-,-,50.25,-0.02%,145
BBRES,-,0.17%,-,-,-,-,-,-,-,-,-,-,-,26.66,0.86%,574
BBREW,-,-,-,-,-,-,-,-,-,-,-,-,-,26.05,0.23%,82
BBREZ,144.93M,-,-,-,-,0.12,0.12,-,-,-,-,-,-,10.03,0.10%,11
BBRF,-,5.35%,-,-,-,-,-,-,-,-,-,-,-,16.61,-2.02%,"18,757"
BBRFH,20.22M,-,-43.36%,-364.24%,-48.43%,0.71,0.31,-,-,12.60%,-18.90%,-17.88%,Aug 14/a,1.24,1.22%,"2,821"
BBRHY,-,6.32%,-,-,-,-,-,-,-,-,-,-,-,50.46,0.11%,"5,890"
BBRIA,44.10M,9.24%,-,-,-,-,-,-,-,-,-,-,-,1.44,-4.00%,"2,820"
BBRID,54.28M,-,-9.89%,-12.67%,-13.29%,2.38,0.96,0.01,0.09,18.84%,-8.82%,-6.36%,-,5.98,2.40%,"9,820"
BBRIE,-,0.35%,-,-,-,-,-,-,-,-,-,-,-,31.10,0.79%,"203,159"
BBRIF,-,0.42%,-,-,-,-,-,-,-,-,-,-,-,37.15,1.03%,"16,482"
BBRK-A,982.67B,-,7.07%,12.11%,9.82%,7.29,6.88,0.17,0.17,23.52%,16.25%,22.30%,Aug 08/a,766000.00,0.62%,210
BBRK-B,982.67B,-,7.07%,12.11%,9.82%,7.29,6.88,0.17,0.17,23.52%,16.25%,22.30%,Aug 08/a,510.37,0.66%,"3,588,370"
BBRKC,-,20.74%,-,-,-,-,-,-,-,-,-,-,-,40.07,0.64%,"3,052"
BBRKH,117.96M,-,-,-,-,2.51,2.51,0.00,0.00,-,-,-,May 14/a,10.07,0.09%,8
BBRKL,-,-,-,-,-,-,-,-,-,-,-,-,-,24.74,1.05%,11
BBRKR,8.14B,0.28%,-1.15%,-3.40%,-1.70%,1.85,0.92,0.76,0.77,47.29%,8.54%,-3.05%,Aug 04/b,53.43,-0.24%,"2,091,333"
BBRKU,-,2.52%,-,-,-,-,-,-,-,-,-,-,-,23.38,1.02%,"41,864"
BBRKW,-,18.84%,-,-,-,-,-,-,-,-,-,-,-,39.21,0.64%,"1,147"
BBRLN,-,6.13%,-,-,-,-,-,-,-,-,-,-,-,50.78,0.05%,"15,772"
BBRLS,30.05M,-,-33.48%,-5302.44%,-,0.09,0.05,-,-,11.28%,-39.83%,-59.81%,-,1.40,-2.10%,"3,629"
BBRLT,144.63M,-,-1.96%,-32.76%,-9.55%,1.58,0.97,2.87,3.45,54.86%,-2.02%,-1.00%,Aug 06/b,1.42,-5.33%,"63,139"
BBRN,15.01M,-,-24.07%,-62.45%,-58.84%,1.90,1.90,0.01,0.01,7.72%,-46.54%,-45.31%,-,1.04,1.96%,"74,344"
BBRNS,30.23M,-,-39.41%,-52.27%,-63.48%,5.54,5.54,0.15,0.18,-,-,-,Aug 06/b,0.74,0.00%,0
BBRNX,1.83M,-,-109.91%,-433.39%,-154.36%,1.58,1.18,0.77,1.20,-,-,-,Sep 09/b,2.54,-10.88%,"515,744"
BBRNY,-,0.20%,-,-,-,-,-,-,-,-,-,-,-,57.91,1.11%,"8,985"
BBRO,22.15B,1.03%,4.29%,9.85%,5.90%,1.13,1.13,0.60,0.64,92.59%,29.50%,17.54%,Jul 27/a,66.19,-0.21%,"1,198,464"
BBROL,-,-,-,-,-,-,-,-,-,-,-,-,-,25.76,0.74%,121
BBROS,7.67B,-,2.99%,12.88%,4.71%,1.35,1.19,1.46,1.51,24.82%,9.66%,4.91%,Aug 05/a,43.90,1.06%,"3,051,706"
BBRR,275.71M,-,-,-,-,0.18,0.18,0.00,0.36,-,-,-,-,3.12,4.70%,"1,856,337"
BBRRR,-,-,-,-,-,-,-,-,-,-,-,-,-,21.79,0.26%,"66,196"
BBRSL,1.99B,8.52%,1.94%,15.73%,3.24%,1.10,1.00,5.23,5.23,39.51%,24.59%,6.93%,Aug 04/b,10.80,1.31%,"2,654,168"
BBRSM,-,-,-,-,-,-,-,-,-,-,-,-,-,25.53,0.71%,33
BBRSP,563.03M,14.38%,-0.75%,-2.89%,-0.80%,1.92,1.92,2.90,2.96,59.96%,34.54%,-8.60%,Jul 28/a,4.45,-0.89%,"1,970,381"
BBRSV,-,-,-,-,-,-,-,-,-,-,-,-,-,43.84,0.65%,"3,168"
BBRT,266.68M,7.05%,-1.86%,-7.34%,-1.93%,1.02,1.02,3.17,3.17,27.45%,11.99%,-12.93%,Aug 11,14.19,-0.35%,"37,683"
BBRTM,434.48M,-,-,-,-,0.11,0.11,-,-,-,-,-,-,9.87,0.15%,"32,195"
BBRTR,-,4.70%,-,-,-,-,-,-,-,-,-,-,-,48.68,-0.14%,"85,737"
BBRTX,3.69M,-,-147.75%,-241.14%,-365.43%,2.35,2.35,0.00,0.01,33.24%,-3975.00%,-3089.55%,May 20,2.67,-3.26%,"11,650"
BBRUN,1.39B,-,-16.97%,-65.36%,-20.86%,0.87,0.87,2.55,3.57,36.21%,-47.10%,-238.02%,Aug 14/b,16.63,1.03%,"825,432"
BBRVE,2.40B,-,-,-,-,13.63,13.63,0.00,0.00,-,-,-,Sep 08/a,26.64,-2.24%,"283,591"
BBRW,325.73M,15.94%,-,-,-,-,-,-,-,-,-,-,-,6.40,0.63%,"131,157"
BBRX,8.82B,4.33%,4.90%,14.46%,5.05%,65.19,65.19,1.83,1.83,44.76%,36.82%,30.74%,Jul 27/a,28.73,-0.21%,"2,387,519"
BBRZD,-,-,-,-,-,-,-,-,-,-,-,-,-,35.30,3.53%,81
BBRZE,2.72B,-,-10.50%,-18.86%,-16.78%,1.27,1.27,0.12,0.16,65.98%,-13.19%,-13.55%,Sep 08/a,23.94,-1.34%,"3,505,102"
BBRZL,-,-,-,-,-,-,-,-,-,-,-,-,-,33.57,-3.63%,"1,664"
BBRZU,-,1.67%,-,-,-,-,-,-,-,-,-,-,-,106.66,-1.88%,"13,717"
BBRZX,-,-,-,-,-,-,-,-,-,-,-,-,-,27.66,-2.35%,8
BBSAA,22.93M,-,4.16%,4.18%,42.82%,6.25,6.25,0.00,0.00,-,-,-,-,11.10,0.86%,952
BBSAC,16.58B,4.36%,1.67%,24.05%,7.98%,0.48,-,1.86,3.37,-,26.41%,21.09%,Jul 29/b,35.19,-0.23%,"172,099"
BBSBK,115.49M,-,0.29%,1.85%,1.34%,0.26,-,0.36,1.07,-,6.84%,5.99%,Jul 30/a,9.05,-0.98%,"2,073"
BBSBR,22.54B,6.56%,1.10%,11.11%,2.42%,3.61,-,3.38,3.38,-,9.20%,7.16%,Jul 29/b,6.02,2.38%,"2,471,636"
BBSCA,-,1.12%,-,-,-,-,-,-,-,-,-,-,-,19.36,-0.12%,"65,118"
BBSCQ,-,4.06%,-,-,-,-,-,-,-,-,-,-,-,19.56,0.05%,"1,579,517"
BBSCR,-,4.24%,-,-,-,-,-,-,-,-,-,-,-,19.61,0.00%,"654,430"
BBSCS,-,4.45%,-,-,-,-,-,-,-,-,-,-,-,20.24,-0.07%,"600,944"
BBSCT,-,4.56%,-,-,-,-,-,-,-,-,-,-,-,18.35,-0.14%,"1,340,320"
BBSCU,-,4.65%,-,-,-,-,-,-,-,-,-,-,-,16.33,-0.03%,"1,105,014"
BBSCV,-,4.79%,-,-,-,-,-,-,-,-,-,-,-,16.00,-0.06%,"457,496"
BBSCW,-,4.95%,-,-,-,-,-,-,-,-,-,-,-,19.91,-0.18%,"426,524"
BBSCX,-,5.04%,-,-,-,-,-,-,-,-,-,-,-,20.41,-0.15%,"343,931"
BBSCY,-,5.02%,-,-,-,-,-,-,-,-,-,-,-,19.97,-0.08%,"125,223"
BBSCZ,-,4.75%,-,-,-,-,-,-,-,-,-,-,-,19.68,-0.15%,"109,265"
BBSEM,76.86M,-,-35.05%,-74.74%,-102.44%,0.98,0.76,0.00,0.04,76.08%,-67.47%,-81.80%,Aug 12/a,4.31,3.23%,"143,079"
BBSEP,-,-,-,-,-,-,-,-,-,-,-,-,-,53.94,0.57%,"12,698"
BBSET,153.16M,4.52%,1.69%,3.31%,2.34%,1.97,1.05,0.43,0.53,56.32%,2.21%,1.65%,Jul 01/a,17.69,-2.27%,"28,694"
BBSGR,-,0.79%,-,-,-,-,-,-,-,-,-,-,-,25.01,0.00%,"3,296"
BBSGT,-,0.84%,-,-,-,-,-,-,-,-,-,-,-,24.76,-0.20%,"2,714"
BBSIN,82.41M,-,-19.95%,-32.83%,-25.63%,1.13,1.13,0.12,0.13,-8.56%,-141.28%,-155.30%,Aug 11/b,1.57,-3.68%,"695,766"
BBSJQ,-,5.53%,-,-,-,-,-,-,-,-,-,-,-,22.89,-0.00%,"282,650"
BBSJR,-,5.52%,-,-,-,-,-,-,-,-,-,-,-,22.31,0.00%,"71,862"
BBSJS,-,6.13%,-,-,-,-,-,-,-,-,-,-,-,21.67,-0.07%,"36,418"
BBSJT,-,6.59%,-,-,-,-,-,-,-,-,-,-,-,21.03,-0.24%,"40,363"
BBSJU,-,6.74%,-,-,-,-,-,-,-,-,-,-,-,25.48,-0.06%,"39,350"
BBSJV,-,6.66%,-,-,-,-,-,-,-,-,-,-,-,25.67,0.01%,"7,677"
BBSJW,-,6.62%,-,-,-,-,-,-,-,-,-,-,-,24.96,-0.38%,"10,170"
BBSJX,-,6.93%,-,-,-,-,-,-,-,-,-,-,-,24.75,-0.02%,120
BBSJY,-,1.30%,-,-,-,-,-,-,-,-,-,-,-,24.65,0.10%,127
BBSL,168.74M,8.19%,-,-,-,-,-,-,-,-,-,-,-,12.96,0.23%,"60,272"
BBSM,3.19B,8.41%,21.53%,25.59%,21.66%,3.76,3.76,0.18,0.18,76.57%,63.30%,56.93%,Aug 03/a,14.99,0.40%,"463,606"
BBSMC,-,0.92%,-,-,-,-,-,-,-,-,-,-,-,39.28,0.72%,"13,818"
BBSMQ,-,2.75%,-,-,-,-,-,-,-,-,-,-,-,23.51,0.18%,"36,674"
BBSMR,-,2.71%,-,-,-,-,-,-,-,-,-,-,-,23.50,0.05%,"80,922"
BBSMS,-,2.80%,-,-,-,-,-,-,-,-,-,-,-,23.18,0.08%,"98,998"
BBSMT,-,2.77%,-,-,-,-,-,-,-,-,-,-,-,22.61,0.21%,"110,681"
BBSMU,-,2.86%,-,-,-,-,-,-,-,-,-,-,-,21.33,0.12%,"106,635"
BBSMV,-,3.02%,-,-,-,-,-,-,-,-,-,-,-,20.33,-0.23%,"88,057"
BBSMW,-,3.35%,-,-,-,-,-,-,-,-,-,-,-,24.20,0.26%,"81,742"
BBSMY,-,3.77%,-,-,-,-,-,-,-,-,-,-,-,23.40,0.32%,"26,409"
BBSMZ,-,3.19%,-,-,-,-,-,-,-,-,-,-,-,24.19,0.40%,"54,400"
BBSOL,-,-,-,-,-,-,-,-,-,-,-,-,-,14.03,2.63%,"4,637,544"
BBSP,24.63B,-,-,-,-,0.64,0.64,3.30,3.94,-,-,-,Aug 13/b,38.77,-2.27%,"2,066,516"
BBSR,-,1.03%,-,-,-,-,-,-,-,-,-,-,-,30.57,0.71%,25
BBSRR,528.00M,2.60%,1.20%,12.46%,7.41%,0.07,-,0.66,0.99,-,29.71%,22.48%,Jul 27/b,40.73,-0.34%,"54,709"
BBSSX,-,3.45%,-,-,-,-,-,-,-,-,-,-,-,24.74,0.58%,"40,325"
BBST,1.75B,5.92%,-,-,-,-,-,-,-,-,-,-,-,50.33,1.57%,"92,309"
BBSTP,-,-,-,-,-,-,-,-,-,-,-,-,-,40.13,0.68%,"2,665"
BBSTS,-,0.83%,-,-,-,-,-,-,-,-,-,-,-,24.89,-0.10%,632
BBSTU,-,0.85%,-,-,-,-,-,-,-,-,-,-,-,24.67,-0.18%,13
BBSTV,-,0.87%,-,-,-,-,-,-,-,-,-,-,-,24.58,-0.12%,"1,873"
BBSTZ,2.13B,6.42%,-,-,-,-,-,-,-,-,-,-,-,31.04,0.84%,"128,624"
BBSV,-,4.08%,-,-,-,-,-,-,-,-,-,-,-,76.74,-0.10%,"2,031,507"
BBSVN,522.87M,2.02%,2.24%,16.85%,15.76%,0.14,-,0.00,0.00,-,39.91%,30.36%,Jul 16/b,54.89,0.15%,"28,886"
BBSVO,-,1.20%,-,-,-,-,-,-,-,-,-,-,-,29.46,0.58%,"134,190"
BBSX,62.29B,-,8.47%,15.52%,10.25%,1.24,0.74,0.44,0.51,66.36%,21.80%,17.50%,Jul 29/b,42.98,-0.28%,"26,986,794"
BBSY,9.36B,0.89%,8.28%,24.53%,11.83%,0.59,0.59,1.04,1.05,79.78%,24.37%,18.10%,Aug 06/b,30.97,-0.10%,"1,829,983"
BBTA,-,-,-,-,-,-,-,-,-,-,-,-,-,25.55,-0.74%,192
BBTAI,2.31M,-,-259.62%,-,-,0.21,0.21,-,-,22.78%,-5970.89%,-9549.87%,May 15/b,0.07,0.00%,0
BBTAL,-,2.93%,-,-,-,-,-,-,-,-,-,-,-,12.22,-0.89%,"908,646"
BBTBD,10.39M,-,-5.42%,-8.95%,-6.39%,4.34,3.85,0.45,0.54,7.96%,-1.09%,-4.57%,-,1.74,-1.69%,"27,163"
BBTBT,573.41M,-,-29.74%,-56.67%,-37.99%,1.50,1.50,0.94,1.15,23.85%,-60.18%,-237.19%,Aug 13/b,1.59,1.92%,"29,573,354"
BBTC,-,-,-,-,-,-,-,-,-,-,-,-,-,34.15,0.23%,"1,755,987"
BBTCC,-,76.87%,-,-,-,-,-,-,-,-,-,-,-,13.45,0.48%,"45,199"
BBTCI,-,33.48%,-,-,-,-,-,-,-,-,-,-,-,32.13,0.53%,"695,026"
BBTCK,-,-,-,-,-,-,-,-,-,-,-,-,-,28.34,0.80%,"3,666"
BBTCL,-,2.82%,-,-,-,-,-,-,-,-,-,-,-,17.36,0.06%,"75,063"
BBTCO,-,-,-,-,-,-,-,-,-,-,-,-,-,76.86,0.25%,"30,098"
BBTCS,69.26M,-,-190.71%,-354.79%,-268.40%,2.06,2.06,0.19,1.28,26.90%,-41.18%,-746.26%,Aug 20/b,1.32,0.00%,"2,483,482"
BBTCT,13.80M,-,-,-,-,-,-,-,-,-,-,-,-,1.45,11.54%,"10,192,811"
BBTCU,-,0.18%,-,-,-,-,-,-,-,-,-,-,-,23.77,0.72%,"20,972"
BBTCW,-,-,-,-,-,-,-,-,-,-,-,-,-,81.60,0.17%,"2,249"
BBTCZ,-,-,-,-,-,-,-,-,-,-,-,-,-,3.55,-0.42%,"24,052,223"
BBTDL,-,-,-,-,-,-,-,-,-,-,-,-,-,17.84,7.29%,"31,827"
BBTDR,3.25B,-,-16.33%,-49.51%,-17.74%,1.01,1.01,1.29,1.77,0.47%,-29.95%,-55.15%,Aug 10/b,11.96,3.73%,"6,968,999"
BBTE,3.52B,1.28%,2.77%,5.16%,9.51%,2.82,2.79,0.06,0.07,23.47%,20.11%,7.03%,Jul 30/a,5.03,-0.20%,"12,786,462"
BBTF,-,175.32%,-,-,-,-,-,-,-,-,-,-,-,21.53,0.74%,"36,270"
BBTG,7.11B,1.49%,14.60%,22.29%,18.36%,1.58,0.58,0.11,0.11,49.13%,45.95%,21.33%,Aug 06/a,5.38,0.37%,"16,461,121"
BBTGD,-,4.37%,-,-,-,-,-,-,-,-,-,-,-,26.38,0.69%,"10,992"
BBTGO,899.22M,-,-,-,-22.54%,1.07,1.07,0.01,1.06,1.00%,-0.70%,-0.48%,Aug 12/a,7.65,3.24%,"1,492,073"
BBTI,118.95B,6.12%,5.78%,13.27%,8.08%,0.84,0.50,0.64,0.72,60.95%,37.94%,24.63%,Jul 30/b,55.24,0.69%,"9,412,866"
BBTLN,19.75M,-,-125.04%,-154.41%,-551.91%,3.42,3.42,0.00,0.06,63.79%,-66.49%,-218.91%,May 14/a,0.91,-1.19%,"101,320"
BBTMD,47.78M,-,5.67%,-,9.92%,1.43,0.81,-,-,66.93%,12.03%,3.19%,Aug 05/a,1.33,1.53%,"138,435"
BBTO,769.13M,6.70%,-,-,-,-,-,-,-,-,-,-,-,38.78,-1.75%,"51,588"
BBTOC,12.74M,-,-12.88%,-94.99%,-21.15%,0.54,0.54,6.28,8.98,-2.83%,-10.31%,-10.70%,May 13/a,0.28,-3.31%,"26,270"
BBTOT,-,3.35%,-,-,-,-,-,-,-,-,-,-,-,48.03,-0.08%,"1,628"
BBTQ,416.24M,-,-377.52%,-497.88%,-313.44%,1.94,1.94,0.05,0.06,-,-,-,Aug 14/b,2.83,4.04%,"1,611,717"
BBTR,-,1.16%,-,-,-,-,-,-,-,-,-,-,-,28.02,0.65%,19
BBTRN,-,29.56%,-,-,-,-,-,-,-,-,-,-,-,25.82,0.27%,29
BBTSG,11.62B,-,4.17%,13.11%,6.77%,1.59,1.22,1.12,1.17,12.38%,3.68%,2.05%,Jul 31/b,58.73,1.47%,"2,489,938"
BBTT,1.42B,2.48%,-,-,-,-,-,-,-,-,-,-,-,22.25,-0.18%,"100,796"
BBTTC,3.92M,-,-69.73%,-124.41%,-159.81%,1.40,1.40,0.00,0.00,-,-,-,-,0.36,-0.87%,"70,031"
BBTU,3.44B,1.08%,-3.26%,-5.32%,-4.99%,2.01,1.46,0.13,0.13,-0.76%,-3.71%,-4.56%,Jul 29/b,28.21,-2.82%,"1,807,782"
BBTX,-,7.33%,-,-,-,-,-,-,-,-,-,-,-,8.87,0.68%,"301,466"
BBTZ,905.25M,10.39%,-,-,-,-,-,-,-,-,-,-,-,9.70,-0.51%,"257,580"
BBUCK,-,6.44%,-,-,-,-,-,-,-,-,-,-,-,23.33,0.09%,"117,287"
BBUD,136.87B,1.81%,4.34%,10.71%,5.74%,0.66,0.50,0.74,0.77,56.50%,25.77%,14.90%,Jul 30/b,78.23,0.75%,"1,617,428"
BBUDA,97.52M,-,-,-,10.87%,15.21,14.77,0.03,0.03,38.78%,18.16%,17.15%,Aug 13/b,7.76,-1.52%,"3,871"
BBUFB,-,-,-,-,-,-,-,-,-,-,-,-,-,40.19,0.65%,"25,364"
BBUFC,-,-,-,-,-,-,-,-,-,-,-,-,-,43.28,0.39%,"20,265"
BBUFD,-,-,-,-,-,-,-,-,-,-,-,-,-,30.31,0.40%,"135,997"
BBUFE,-,-,-,-,-,-,-,-,-,-,-,-,-,21.97,0.49%,"1,441"
BBUFF,-,-,-,-,-,-,-,-,-,-,-,-,-,53.73,0.39%,"125,238"
BBUFG,-,-,-,-,-,-,-,-,-,-,-,-,-,29.90,0.47%,"12,249"
BBUFH,-,-,-,-,-,-,-,-,-,-,-,-,-,21.62,0.05%,"3,849"
BBUFI,-,-,-,-,-,-,-,-,-,-,-,-,-,43.22,0.62%,"7,018"
BBUFM,-,-,-,-,-,-,-,-,-,-,-,-,-,41.03,0.29%,"8,695"
BBUFP,-,0.01%,-,-,-,-,-,-,-,-,-,-,-,32.80,0.55%,"59,953"
BBUFQ,-,-,-,-,-,-,-,-,-,-,-,-,-,39.80,0.53%,"83,059"
BBUFR,-,-,-,-,-,-,-,-,-,-,-,-,-,37.36,0.54%,"945,394"
BBUFS,-,-,-,-,-,-,-,-,-,-,-,-,-,25.08,0.28%,"25,344"
BBUFT,-,-,-,-,-,-,-,-,-,-,-,-,-,26.36,0.19%,"10,632"
BBUFX,-,-,-,-,-,-,-,-,-,-,-,-,-,22.58,0.27%,"2,445"
BBUFY,-,-,-,-,-,-,-,-,-,-,-,-,-,23.97,0.51%,"23,116"
BBUFZ,-,-,-,-,-,-,-,-,-,-,-,-,-,28.49,0.42%,"296,630"
BBUG,-,0.03%,-,-,-,-,-,-,-,-,-,-,-,40.04,-1.50%,"661,563"
BBUI,703.81M,6.16%,-,-,-,-,-,-,-,-,-,-,-,26.51,-0.15%,"132,290"
BBUL,-,0.21%,-,-,-,-,-,-,-,-,-,-,-,62.71,0.56%,"10,366"
BBULD,-,0.27%,-,-,-,-,-,-,-,-,-,-,-,34.09,1.15%,893
BBULG,-,-,-,-,-,-,-,-,-,-,-,-,-,57.76,-1.51%,"1,277"
BBULL,4.88B,-,1.26%,4.75%,4.05%,1.29,1.29,0.01,0.08,77.46%,12.44%,6.26%,Aug 19/a,9.22,-0.86%,"11,586,420"
BBULZ,-,-,-,-,-,-,-,-,-,-,-,-,-,39.42,1.81%,"411,020"
BBUR,955.19M,2.16%,-31.82%,-101.53%,-52.14%,9.37,9.37,2.95,2.95,-,97.92%,110.36%,Aug 06/b,4.35,-0.68%,"1,822,622"
BBURL,15.02B,-,7.38%,41.41%,9.60%,1.17,0.47,2.72,2.95,40.89%,8.15%,5.85%,Aug 27/b,239.04,0.42%,"1,332,712"
BBUSA,-,1.39%,-,-,-,-,-,-,-,-,-,-,-,41.55,0.66%,"18,465"
BBUSE,2.51B,3.42%,1.24%,9.62%,8.63%,0.14,-,0.12,0.19,-,27.32%,19.29%,Jul 28/a,30.44,0.20%,"491,905"
BBUSM,-,-,-,-,-,-,-,-,-,-,-,-,-,16.46,0.31%,"2,815"
BBUUU,658.66M,-,-,-,-,4.73,4.73,0.03,0.10,-,-,-,-,39.50,1.49%,"39,071"
BBUXX,-,4.50%,-,-,-,-,-,-,-,-,-,-,-,20.21,0.15%,"370,769"
BBUYB,-,0.12%,-,-,-,-,-,-,-,-,-,-,-,42.19,0.96%,"4,714"
BBUYO,-,0.00%,-,-,-,-,-,-,-,-,-,-,-,32.60,0.90%,69
BBUYW,-,5.89%,-,-,-,-,-,-,-,-,-,-,-,14.59,0.07%,"276,579"
BBUYZ,-,-,-,-,-,-,-,-,-,-,-,-,-,34.84,1.15%,172
BBUZZ,-,-,-,-,-,-,-,-,-,-,-,-,-,37.25,1.28%,"30,408"
BBV,1.04B,-,0.60%,1.15%,0.76%,1.28,1.28,0.53,0.55,20.39%,4.23%,-0.81%,Aug 04/a,11.19,1.73%,"1,337,565"
BBVAL,-,1.29%,-,-,-,-,-,-,-,-,-,-,-,31.97,0.85%,"14,921"
BBVC,135.07M,-,10.79%,19.70%,17.41%,610.62,609.67,0.00,0.00,91.69%,-639.38%,521.23%,-,16.08,2.16%,"17,127"
BBVFL,177.21M,-,1.47%,6.87%,7.13%,0.21,-,0.00,0.00,-,36.54%,24.93%,-,20.92,-3.59%,"29,413"
BBVN,8.64B,2.95%,19.49%,28.77%,22.44%,2.59,2.43,0.16,0.16,50.76%,44.43%,50.90%,Jul 31/b,34.04,0.56%,"842,705"
BBVS,1.09B,-,7.89%,27.96%,11.61%,1.69,1.17,1.05,1.16,67.82%,10.56%,9.36%,Aug 05/b,12.98,-0.61%,"421,805"
BBW,1.18B,-,-8.37%,-,-29.79%,1.45,1.33,4.45,5.62,19.97%,4.00%,-12.79%,Aug 10/a,7.94,10.74%,"5,671,798"
BBWA,13.57B,1.00%,2.93%,7.19%,4.30%,2.13,1.76,0.72,0.72,19.52%,10.19%,2.89%,Aug 05/b,66.65,1.46%,"1,489,810"
BBWAY,560.13M,-,8.14%,12.90%,11.17%,3.59,3.27,0.07,0.09,75.32%,12.47%,15.56%,Aug 12/b,13.93,0.14%,"68,033"
BBWB,596.43M,-,1.05%,11.00%,8.16%,0.04,-,0.26,0.79,-,24.05%,17.10%,Jul 21/a,21.39,0.00%,"53,439"
BBWEN,94.16M,-,4.47%,8.69%,6.78%,2.72,1.73,0.27,0.33,11.24%,0.45%,4.06%,Aug 11/b,3.98,0.00%,"191,907"
BBWET,-,-,-,-,-,-,-,-,-,-,-,-,-,726.92,11.83%,"287,266"
BBWFG,546.64M,1.17%,1.26%,13.90%,10.72%,0.09,-,0.22,0.31,-,26.92%,19.45%,Jul 23/b,68.57,1.36%,"61,046"
BBWG,125.27M,12.87%,-,-,-,-,-,-,-,-,-,-,-,7.46,-0.40%,"42,381"
BBWIN,4.14B,-,-1.64%,-10.72%,-2.38%,1.07,1.07,2.86,2.90,19.48%,-2.65%,-4.67%,Jul 30/a,29.65,0.88%,"941,900"
BBWIV,176.70M,-,-,-,0.51%,10.19,10.19,0.00,0.00,-,-,-,-,9.95,-0.20%,136
BBWLP,3.81B,10.24%,13.16%,24.19%,17.25%,1.44,1.18,0.35,0.49,22.35%,15.48%,12.64%,Aug 28/b,25.13,0.52%,"543,316"
BBWMN,735.30M,-,1.19%,2.72%,1.94%,0.90,0.90,0.38,1.11,47.53%,4.83%,1.30%,Aug 10/b,42.42,-0.21%,"269,099"
BBWMX,578.77M,8.16%,9.88%,71.90%,13.42%,1.11,0.58,2.96,3.42,66.21%,16.50%,8.35%,Jul 23/a,15.54,0.78%,"29,435"
BBWOW,-,-,-,-,-,-,-,-,-,-,-,-,-,13.84,0.54%,"3,509"
BBWQG,-,-,-,-,-,-,-,-,-,-,-,-,-,25.90,0.72%,15
BBWTG,-,0.33%,-,-,-,-,-,-,-,-,-,-,-,41.85,0.63%,19
BBWX,-,2.40%,-,-,-,-,-,-,-,-,-,-,-,21.77,0.00%,"454,181"
BBWXT,13.75B,0.73%,8.75%,28.20%,10.59%,2.40,2.33,1.51,1.51,22.07%,9.67%,10.10%,Aug 03/a,150.12,-1.55%,"764,773"
BBWZ,-,2.06%,-,-,-,-,-,-,-,-,-,-,-,27.39,0.11%,"34,277"
BBX,159.59B,4.07%,7.39%,40.53%,15.83%,0.70,0.70,1.47,1.56,99.43%,53.86%,22.15%,Jul 23/b,128.51,2.47%,"3,403,026"
BBXBL,37.07M,-,-15.73%,-17.26%,-18.89%,0.01,0.01,0.00,0.00,-,-,-,-,3.94,-2.96%,"173,779"
BBXC,626.93M,-,-0.12%,-0.31%,-0.15%,4.01,2.59,1.03,1.08,14.38%,1.02%,-0.06%,Aug 04/a,79.76,0.01%,"190,984"
BBXDC,2.00B,-,-,-,-,224.15,224.15,0.00,0.00,-,-,-,Aug 04/b,19.90,1.12%,"1,150,553"
BBXMT,2.25B,13.56%,0.08%,0.45%,0.10%,0.14,0.14,3.64,4.85,77.13%,61.14%,1.02%,Jul 30/b,13.35,-0.96%,"1,902,947"
BBXP,11.29B,4.33%,1.17%,5.69%,1.51%,0.91,0.91,2.81,3.17,33.53%,28.27%,8.44%,Jul 28/a,64.70,1.54%,"993,133"
BBXSL,5.69B,12.42%,2.13%,4.80%,2.18%,1.37,1.37,1.27,1.27,82.21%,59.12%,24.91%,Aug 06/b,24.41,0.62%,"1,215,133"
BBY,1.75B,1.28%,1.52%,11.97%,10.25%,0.03,-,0.12,0.47,-,31.56%,23.43%,Jul 23/a,38.67,0.76%,"203,847"
BBYAH,5.58M,-,-81.95%,-113.04%,-100.03%,3.36,3.31,0.01,0.04,87.46%,-212.16%,-214.17%,-,2.38,-1.24%,"40,813"
BBYD,5.59B,1.01%,27.44%,93.33%,32.22%,0.77,0.74,1.26,1.30,40.45%,18.71%,44.34%,Jul 23/a,77.00,0.72%,"983,173"
BBYFC,109.95M,-,-1.48%,-7.59%,-5.82%,0.05,-,0.36,0.67,-,9.88%,-34.68%,Apr 28/a,11.85,-0.21%,"1,196"
BBYLD,-,5.45%,-,-,-,-,-,-,-,-,-,-,-,21.97,-0.14%,"217,087"
BBYND,175.55M,-,31.19%,-,45.09%,2.63,2.07,6.63,7.25,2.17%,-73.97%,75.40%,Aug 05/a,10.21,-2.30%,"795,396"
BBYRE,-,2.77%,-,-,-,-,-,-,-,-,-,-,-,26.74,0.69%,"1,805"
BBYRN,84.73M,-,-5.06%,-6.30%,-6.33%,4.86,1.86,0.02,0.04,48.37%,-8.31%,-3.39%,Jul 09/b,3.62,2.55%,"439,522"
BBYSI,31.42M,-,-31.92%,-,-,0.70,0.70,-,-,-,-,-,Mar 25/b,0.76,-0.37%,"95,112"
BBZ,6.47B,1.62%,19.18%,24.39%,21.29%,4.19,4.19,0.00,0.01,85.92%,33.14%,53.22%,Aug 25/b,16.44,0.18%,"6,584,647"
BBZAI,81.11M,-,-121.52%,-426.62%,-189.33%,3.72,3.21,0.00,0.00,11.67%,-194.43%,-160.85%,Aug 13/a,0.56,7.46%,"3,376,951"
BBZFD,90.00M,-,-26.48%,-52.66%,-32.49%,1.01,1.01,0.25,0.33,30.10%,-13.88%,-35.83%,Aug 04/a,1.08,1.89%,"162,849"
BBZH,887.10M,-,-0.28%,-0.65%,-0.30%,9.99,0.87,1.25,1.25,12.08%,-1.80%,-0.37%,Aug 07/b,33.25,0.00%,"1,101,173"
BBZQ,-,8.91%,-,-,-,-,-,-,-,-,-,-,-,18.52,2.09%,"8,019"
BBZUN,146.63M,-,-1.37%,-3.55%,-3.15%,1.90,1.59,0.12,0.58,73.92%,1.55%,-1.26%,Aug 27/b,2.73,-0.36%,"65,204"
BBZZ,-,-,-,-,-,-,-,-,-,-,-,-,-,23.22,0.95%,256
CC,232.86B,1.85%,0.64%,8.31%,3.22%,1.51,-,1.59,3.85,-,14.30%,9.35%,Jul 14/b,138.82,0.23%,"7,395,115"
CCAAA,-,4.73%,-,-,-,-,-,-,-,-,-,-,-,19.97,-0.10%,"2,314"
CCAAP,4.01B,1.62%,6.36%,17.54%,10.44%,1.51,1.48,0.50,0.58,33.88%,23.04%,13.54%,Aug 18/b,24.59,-0.77%,"238,596"
CCAAS,161.71M,-,4.63%,11.41%,9.65%,1.45,1.20,0.00,0.17,18.61%,6.14%,5.59%,Aug 13/b,5.36,1.90%,"10,877"
CCABA,462.86M,-,-75.36%,-93.20%,-83.63%,5.79,5.79,0.03,0.12,-,-,-,Aug 13/b,2.73,-0.36%,"7,437,306"
CCABO,120.91M,-,-20.20%,-126.21%,-31.26%,0.46,0.46,9.29,9.41,50.49%,25.88%,-72.83%,Aug 06/a,21.31,-0.75%,"212,370"
CCABR,-,-,-,-,-,-,-,-,-,-,-,-,-,1.19,4.39%,"40,051"
CCABZ,-,-,-,-,-,-,-,-,-,-,-,-,-,20.57,0.76%,246
CCAC,979.01M,2.91%,1.28%,12.87%,10.89%,0.03,-,0.12,0.83,-,30.01%,23.65%,Jul 28/b,57.94,0.31%,"63,634"
CCACC,6.27B,-,5.79%,31.93%,7.69%,0.29,0.29,3.11,3.96,97.69%,48.56%,21.54%,Aug 04/a,604.24,-0.20%,"59,151"
CCACI,13.73B,-,5.24%,12.82%,5.50%,1.48,1.37,1.18,1.21,30.63%,9.61%,5.60%,Aug 05/a,621.17,-0.46%,"272,335"
CCADL,806.89M,-,-56.37%,-81.84%,-50.54%,16.09,16.09,0.39,0.39,-,-,-,Aug 13/b,10.55,-6.93%,"3,596,201"
CCAE,7.68B,-,2.62%,5.60%,3.66%,0.83,0.65,0.48,0.59,28.57%,12.63%,5.75%,Aug 12/a,23.98,1.27%,"779,925"
CCAES,320.73M,-,-,-,-,7.07,7.07,0.00,0.00,-,-,-,-,10.07,-0.20%,"65,950"
CCAF,245.86M,1.43%,-,-,-,-,-,-,-,-,-,-,-,18.41,0.14%,"2,307"
CCAFG,-,0.35%,-,-,-,-,-,-,-,-,-,-,-,32.70,1.03%,"15,718"
CCAFX,-,4.10%,-,-,-,-,-,-,-,-,-,-,-,24.22,0.04%,"48,785"
CCAG,6.99B,4.95%,-10.03%,-25.06%,-14.76%,0.90,0.31,1.04,1.18,23.97%,11.49%,-16.99%,Sep 30/b,14.60,-0.68%,"16,957,774"
CCAGE,-,-,-,-,-,-,-,-,-,-,-,-,-,28.51,1.64%,"58,906"
CCAH,54.56B,0.89%,3.10%,-,34.40%,0.88,0.49,-,-,3.70%,1.29%,0.67%,Aug 11/b,234.57,-0.61%,"1,111,694"
CCAI,6.88B,-,9.62%,20.13%,10.13%,5.53,4.88,0.75,0.76,69.66%,15.49%,10.62%,Aug 05/a,24.34,1.25%,"1,822,971"
CCAIE,-,11.80%,-,-,-,-,-,-,-,-,-,-,-,26.66,1.14%,"932,666"
CCAII,339.23M,-,-,-,-,4.08,4.08,0.00,0.00,-,-,-,-,10.00,0.05%,"2,611"
CCAIQ,-,11.88%,-,-,-,-,-,-,-,-,-,-,-,25.40,0.79%,"191,123"
CCAKE,5.11B,1.19%,5.54%,38.83%,7.36%,0.59,0.52,3.68,4.01,13.58%,6.98%,4.61%,Jul 28/a,102.70,1.52%,"1,232,809"
CCAL,431.66M,2.24%,2.32%,7.72%,4.36%,1.11,0.31,0.69,1.30,45.67%,3.51%,1.74%,Sep 09/b,12.51,5.30%,"743,802"
CCALC,13.52M,-,-110.10%,-365.70%,-144.36%,5.58,5.58,1.67,1.67,-,-,-,Aug 11/b,1.98,-6.60%,"23,158"
CCALF,-,1.14%,-,-,-,-,-,-,-,-,-,-,-,55.94,0.72%,"569,617"
CCALI,-,2.52%,-,-,-,-,-,-,-,-,-,-,-,50.16,0.12%,"232,912"
CCALM,3.47B,0.59%,10.16%,12.20%,12.03%,7.70,5.87,0.00,0.00,23.08%,11.79%,10.88%,Sep 30/b,73.98,0.37%,"780,303"
CCALX,2.22B,-,5.46%,6.91%,7.10%,2.83,1.97,0.02,0.02,56.58%,5.51%,4.61%,Jul 20/a,35.24,0.89%,"653,309"
CCALY,2.76B,-,1.35%,3.01%,-9.94%,3.04,1.78,0.09,0.13,56.25%,8.61%,-9.03%,Aug 04/a,15.46,1.11%,"1,519,868"
CCAM,-,3.06%,-,-,-,-,-,-,-,-,-,-,-,24.47,0.12%,"274,476"
CCAMC,-,-,-,-,-,-,-,-,-,-,-,-,-,16.56,5.17%,106
CCAML,-,-,-,-,-,-,-,-,-,-,-,-,-,39.95,1.11%,"15,950"
CCAMP,266.70M,-,-148.23%,-545.85%,-12228.51%,4.70,4.70,-,-,57.12%,-1242.50%,-2543.74%,Aug 13/a,4.25,-2.07%,"101,146"
CCAMT,6.91B,-,3.26%,5.64%,3.14%,7.38,6.58,0.69,0.69,50.05%,23.19%,7.40%,Aug 10/b,147.97,2.58%,"228,826"
CCAMX,-,1.65%,-,-,-,-,-,-,-,-,-,-,-,34.61,0.67%,35
CCAN,236.91M,-,-57.77%,-97.34%,-91.43%,2.84,1.45,0.12,0.21,-4.76%,-34.71%,-67.77%,Sep 08/b,0.34,9.04%,"14,620,140"
CCANC,-,0.05%,-,-,-,-,-,-,-,-,-,-,-,41.53,-0.56%,"28,720"
CCANE,-,-,-,-,-,-,-,-,-,-,-,-,-,11.52,-2.54%,"768,090"
CCANF,7.06M,-,-121.89%,-212.72%,-197.98%,3.60,3.60,0.00,0.01,99.51%,-2402.92%,-2358.72%,Sep 08/b,2.33,7.87%,"154,994"
CCANG,75.07M,-,-83.32%,-149.94%,-344.54%,1.00,1.00,0.33,0.39,-5.57%,-11.09%,-107.22%,Aug 31/a,1.83,1.67%,"78,965"
CCANQ,-,4.33%,-,-,-,-,-,-,-,-,-,-,-,29.71,0.81%,28
CCAOS,-,-,-,-,-,-,-,-,-,-,-,-,-,90.51,-0.08%,"20,782"
CCAPA,-,-,-,-,-,-,-,-,-,-,-,-,-,25.66,1.12%,"13,579"
CCAPE,-,1.39%,-,-,-,-,-,-,-,-,-,-,-,32.28,1.14%,"16,384"
CCAPL,870.35M,9.21%,5.22%,-,7.28%,0.76,0.37,-,-,9.31%,5.18%,1.36%,Aug 05/a,22.80,-0.44%,"36,868"
CCAPN,59.46M,-,2.46%,2.62%,3.59%,0.05,0.05,0.00,0.05,-,-,-,-,11.20,-0.44%,7
CCAPR,486.62M,-,-51.53%,-73.70%,-38.54%,7.35,7.35,0.36,0.37,-,-,-,Aug 13/a,8.37,0.84%,"2,074,936"
CCAPS,3.94M,-,-41.47%,-114.21%,-89.92%,0.99,0.39,0.98,2.46,25.21%,-4.82%,-36.68%,Aug 12/b,0.18,-0.82%,"227,440"
CCAQ,312.40M,-,-,-,-,7.47,7.47,0.00,0.00,-,-,-,-,10.04,0.00%,26
CCAR,4.30B,-,-1.97%,-,-2.53%,0.81,0.81,-,-,25.61%,11.22%,-5.43%,Jul 28/a,121.74,-3.95%,"577,369"
CCARD,-,-,-,-,-,-,-,-,-,-,-,-,-,2.41,-1.43%,"22,156"
CCARE,692.18M,0.64%,2.65%,26.87%,23.54%,0.08,-,0.00,0.00,-,47.36%,36.32%,Jul 23/b,31.23,-1.17%,"230,987"
CCARG,3.07B,-,28.08%,51.41%,40.02%,1.71,1.71,0.66,0.70,89.85%,25.71%,18.06%,Aug 06/a,34.42,3.38%,"1,168,967"
CCARK,-,0.01%,-,-,-,-,-,-,-,-,-,-,-,47.38,1.12%,14
CCARL,402.17M,-,-42.39%,-66.14%,-34.46%,8.84,8.66,0.25,0.26,76.63%,-61.09%,-57.42%,Aug 05/a,14.73,-0.20%,"98,881"
CCARR,47.37B,1.65%,3.10%,8.44%,5.02%,1.02,0.72,0.82,0.94,24.69%,8.21%,5.43%,Jul 28/b,57.46,1.45%,"6,125,984"
CCARS,621.51M,-,3.30%,7.40%,3.85%,2.00,2.00,1.01,1.01,57.05%,11.45%,4.73%,Aug 06/b,11.61,1.75%,"443,193"
CCART,11.28B,-,12.09%,15.96%,18.79%,2.28,2.28,0.01,0.01,71.98%,16.68%,11.80%,Aug 06/a,48.73,3.15%,"3,015,158"
CCARU,-,-,-,-,-,-,-,-,-,-,-,-,-,21.85,0.85%,51
CCARX,-,-,-,-,-,-,-,-,-,-,-,-,-,26.15,6.46%,8
CCARY,-,5.99%,-,-,-,-,-,-,-,-,-,-,-,20.44,-0.17%,"1,013,053"
CCARZ,-,1.27%,-,-,-,-,-,-,-,-,-,-,-,107.33,1.33%,253
CCAS,-,41.99%,-,-,-,-,-,-,-,-,-,-,-,24.92,-0.36%,"6,225"
CCASH,1.63B,0.25%,2.41%,21.03%,19.37%,0.03,-,0.07,0.26,-,25.59%,21.00%,Jul 22/a,78.62,-0.71%,"161,537"
CCASS,706.64M,2.34%,1.52%,15.13%,14.76%,0.21,0.21,0.01,0.34,89.32%,21.33%,17.03%,Jul 23/b,55.18,0.18%,"65,146"
CCAST,67.09M,-,-1195.70%,-,-,0.08,0.08,-,-,59.68%,-2305.36%,-2366.79%,Jun 03,1.41,8.46%,"2,226,860"
CCASY,22.75B,0.42%,8.84%,19.98%,11.24%,1.02,0.61,0.68,0.71,21.37%,5.88%,4.14%,Sep 08/a,615.47,-1.94%,"624,353"
CCAT,376.28B,0.76%,11.24%,56.99%,21.08%,1.37,0.85,1.65,2.33,32.83%,18.32%,14.51%,Aug 04/b,818.57,1.69%,"1,825,037"
CCATF,-,3.72%,-,-,-,-,-,-,-,-,-,-,-,48.41,0.29%,"10,781"
CCATG,-,-,-,-,-,-,-,-,-,-,-,-,-,10.54,2.93%,"14,510"
CCATH,-,0.75%,-,-,-,-,-,-,-,-,-,-,-,90.88,0.85%,"17,627"
CCATLU,213.88M,-,-,-,-,0.09,0.09,-,-,-,-,-,-,10.00,0.30%,10
CCATO,47.99M,-,-1.35%,-3.42%,-2.25%,1.36,0.82,0.54,0.83,32.16%,-2.29%,-0.90%,Aug 20/b,2.41,-0.41%,"92,068"
CCATX,320.77M,-,-33.19%,-39.57%,-35.64%,6.61,6.61,0.01,0.01,-890.95%,-28174.08%,-28467.97%,Aug 10/a,2.81,1.44%,"2,023,237"
CCATY,4.14B,2.46%,1.44%,11.71%,10.85%,0.07,-,0.05,0.05,-,32.74%,25.17%,Jul 22/a,62.01,-0.05%,"347,923"
CCAUG,-,-,-,-,-,-,-,-,-,-,-,-,-,25.29,0.47%,6
CCAVA,6.53B,-,4.75%,8.32%,5.07%,2.48,2.43,0.55,0.62,18.63%,7.32%,4.82%,Aug 11/a,55.88,3.48%,"2,863,132"
CCB,130.50B,1.19%,4.53%,15.45%,11.84%,0.46,-,0.25,0.31,-,23.22%,18.00%,Jul 21/a,338.25,-0.12%,"1,151,466"
CCBAN,455.40M,2.19%,0.97%,9.57%,5.81%,0.12,-,0.44,0.60,-,21.50%,15.42%,Jul 22/a,21.46,0.00%,"86,797"
CCBAT,88.65M,-,-4.26%,-15.12%,-14.84%,0.65,0.44,0.09,0.49,6.38%,-11.00%,-7.43%,May 18/b,1.00,-0.99%,"282,980"
CCBC,7.76B,1.48%,2.18%,12.20%,11.11%,0.13,-,0.00,0.24,-,43.47%,33.53%,Aug 04/b,32.41,0.90%,"1,403,067"
CCBFV,189.34M,2.99%,0.45%,4.65%,3.62%,0.07,-,0.23,0.63,-,10.84%,9.91%,Jul 27/a,37.26,-0.11%,"5,896"
CCBIL,-,1.80%,-,-,-,-,-,-,-,-,-,-,-,24.78,0.02%,"2,606"
CCBIO,720.96M,-,-97.08%,-109.17%,-100.55%,9.66,9.66,0.01,0.01,98.22%,-1417.74%,-1389.58%,Jul 30/b,19.41,-0.26%,"264,448"
CCBK,464.06M,1.30%,1.69%,14.55%,10.91%,0.12,-,0.19,0.58,-,38.67%,30.08%,Jul 27/a,33.87,-0.09%,"18,889"
CCBL,1.69B,4.57%,8.30%,60.64%,9.53%,0.68,0.68,4.34,4.76,38.81%,27.50%,36.26%,Aug 06/a,54.73,0.24%,"189,785"
CCBLL,906.87M,-,-35.29%,-43.93%,-44.28%,9.05,8.66,0.16,0.17,88.90%,-68.62%,-64.73%,Aug 10/a,23.63,0.85%,"255,080"
CCBLS,-,0.80%,-,-,-,-,-,-,-,-,-,-,-,30.93,0.10%,"2,495"
CCBNA,304.17M,-,1.46%,15.64%,14.50%,0.49,-,0.00,0.00,-,48.60%,38.65%,Jul 28/a,46.32,-0.75%,"16,762"
CCBNK,590.53M,1.41%,1.55%,14.05%,13.09%,0.13,-,0.02,0.14,-,17.58%,18.69%,Jul 27/a,36.25,-0.30%,"58,737"
CCBOA,-,2.32%,-,-,-,-,-,-,-,-,-,-,-,24.83,0.08%,88
CCBOE,29.35B,1.12%,13.71%,26.19%,20.63%,1.57,1.57,0.16,0.28,51.71%,35.28%,26.62%,Jul 31/b,281.04,-2.24%,"750,492"
CCBOJ,-,3.15%,-,-,-,-,-,-,-,-,-,-,-,24.13,0.01%,287
CCBOL,-,1.79%,-,-,-,-,-,-,-,-,-,-,-,23.85,0.00%,110
CCBON,-,1.45%,-,-,-,-,-,-,-,-,-,-,-,24.16,0.21%,"3,311"
CCBOO,-,0.57%,-,-,-,-,-,-,-,-,-,-,-,24.65,0.00%,12
CCBOT,-,-,-,-,-,-,-,-,-,-,-,-,-,24.24,1.15%,186
CCBOX,-,-,-,-,-,-,-,-,-,-,-,-,-,101.66,0.11%,"15,296"
CCBOY,-,1.34%,-,-,-,-,-,-,-,-,-,-,-,24.99,0.06%,15
CCBRE,40.69B,-,4.47%,15.63%,7.91%,1.14,1.14,0.96,1.29,16.74%,2.83%,2.98%,Jul 29/b,140.51,1.83%,"1,414,474"
CCBRG,-,-,-,-,-,-,-,-,-,-,-,-,-,3.23,0.31%,"6,722,288"
CCBRL,1.11B,2.02%,1.24%,5.61%,1.86%,0.50,0.19,2.03,2.35,5.81%,-0.05%,0.79%,Sep 23/b,49.48,0.08%,"695,122"
CCBRS,42.96B,-,13.83%,38.42%,-5.22%,5.82,5.80,0.07,0.16,39.00%,-81.17%,-75.27%,Aug 12/a,191.93,0.31%,"3,418,163"
CCBRX,-,-,-,-,-,-,-,-,-,-,-,-,-,9.64,0.73%,"211,215"
CCBRZ,-,-,-,-,-,-,-,-,-,-,-,-,-,9.53,-0.63%,"325,740"
CCBSE,-,0.29%,-,-,-,-,-,-,-,-,-,-,-,47.27,0.73%,"12,381"
CCBSH,8.35B,1.88%,1.71%,14.46%,13.19%,0.40,-,0.01,0.56,-,33.74%,25.69%,Jul 16/b,58.25,-0.07%,"785,984"
CCBT,4.11B,2.34%,4.79%,11.89%,7.69%,1.47,0.97,0.52,0.79,24.16%,15.13%,5.15%,Aug 03/a,79.68,1.13%,"382,139"
CCBTA,-,1.06%,-,-,-,-,-,-,-,-,-,-,-,23.35,0.37%,"1,295"
CCBTJ,-,1.62%,-,-,-,-,-,-,-,-,-,-,-,19.58,0.00%,"4,039"
CCBTL,-,1.07%,-,-,-,-,-,-,-,-,-,-,-,19.08,0.16%,15
CCBTO,-,0.24%,-,-,-,-,-,-,-,-,-,-,-,19.84,0.00%,"2,708"
CCBTY,-,1.50%,-,-,-,-,-,-,-,-,-,-,-,21.57,0.25%,16
CCBU,3.29B,3.04%,1.32%,11.49%,9.07%,0.08,-,0.21,0.37,-,29.12%,21.70%,Jul 28/b,62.54,-0.26%,"250,201"
CCBUS,119.99M,-,-29.77%,-225.93%,-33.02%,1.62,1.62,19.09,19.34,-17.97%,-1240.90%,-2258.89%,Aug 13/a,1.57,-0.95%,"83,961"
CCBXA,-,2.32%,-,-,-,-,-,-,-,-,-,-,-,22.98,0.22%,12
CCBXJ,-,2.10%,-,-,-,-,-,-,-,-,-,-,-,21.25,0.04%,"3,103"
CCBXL,-,1.51%,-,-,-,-,-,-,-,-,-,-,-,20.90,0.10%,10
CCBXO,-,0.52%,-,-,-,-,-,-,-,-,-,-,-,22.21,0.13%,23
CCBXY,-,1.36%,-,-,-,-,-,-,-,-,-,-,-,23.39,0.02%,"1,422"
CCBZ,2.96B,-,2.87%,6.97%,3.61%,1.47,1.47,0.94,1.02,15.09%,10.90%,4.73%,Jul 29/b,54.54,-0.16%,"1,660,046"
CCC,2.26B,2.32%,-4.15%,-323.40%,-7.64%,1.66,0.88,-,-,15.21%,3.26%,-5.24%,Aug 04/a,15.03,-0.27%,"1,181,017"
CCCAP,365.51M,15.68%,-0.19%,-0.46%,-0.20%,2.26,2.26,1.41,1.41,75.97%,63.86%,-2.54%,Aug 10/a,9.92,-0.10%,"259,123"
CCCAQ,216.09M,-,2.51%,2.62%,2.59%,0.36,0.36,0.00,0.00,-,-,-,-,10.68,0.00%,173
CCCB,725.49M,-,-0.08%,-0.83%,-0.75%,0.28,-,0.11,0.11,-,-0.76%,-0.53%,Jul 30/b,47.46,-1.23%,"160,014"
CCCBG,867.64M,2.13%,1.40%,11.26%,9.83%,0.35,-,0.10,0.19,-,28.25%,21.38%,Jul 21/b,50.70,-0.04%,"67,797"
CCCC,4.06B,-,1.19%,2.17%,1.37%,1.45,1.45,0.75,0.78,66.09%,15.49%,3.81%,Jul 30/b,6.89,0.58%,"15,035,528"
CCCCC,431.82M,-,-30.92%,-48.14%,-34.10%,5.45,5.45,0.20,0.23,78.68%,-288.34%,-289.44%,Aug 11/b,3.51,3.24%,"1,482,304"
CCCCT,308.29M,-,-,-,-,0.01,0.01,-,-,-,-,-,-,9.84,0.00%,46
CCCD,686.30M,9.76%,-,-,-,-,-,-,-,-,-,-,-,23.98,-0.12%,"51,312"
CCCEC,1.34B,2.69%,2.24%,6.61%,2.56%,1.15,1.13,1.81,1.89,53.78%,49.98%,27.73%,Jul 29/b,22.32,-0.89%,"2,211"
CCCEF,-,7.32%,-,-,-,-,-,-,-,-,-,-,-,29.52,0.20%,702
CCCEL,35.48M,-,-3.94%,-,-,0.71,0.69,-,-,75.56%,-0.33%,-7.92%,Jul 15/a,4.40,6.80%,"21,151"
CCCEP,45.55B,2.49%,6.25%,24.65%,10.83%,0.89,0.68,1.27,1.47,34.95%,13.54%,9.35%,Aug 04/b,102.77,-0.11%,"1,347,436"
CCCFE,-,0.02%,-,-,-,-,-,-,-,-,-,-,-,25.26,1.08%,11
CCCG,39.99M,-,-3.24%,-11.51%,-11.84%,1.30,1.30,0.00,0.34,5.98%,-1.80%,-1.47%,Sep 04/a,15.96,20.93%,"39,789"
CCCHH,24.37M,-,-,-,-21.57%,2.11,2.04,0.32,0.54,14.08%,-23.84%,-28.57%,-,1.23,1.65%,"13,112"
CCCI,32.17B,5.63%,-0.17%,-276.36%,4.89%,0.52,0.52,-,-,57.52%,48.27%,47.57%,Jul 22/a,75.62,2.37%,"2,733,398"
CCCIF,54.06M,38.82%,-,-,-,-,-,-,-,-,-,-,Aug 19/a,2.55,-1.92%,"140,697"
CCCII,357.86M,-,6.24%,6.52%,3.26%,7.18,7.18,0.00,0.00,-,-,-,-,10.31,-0.05%,"14,525"
CCCJ,42.11B,0.19%,3.59%,5.14%,4.46%,3.06,2.10,0.14,0.14,25.62%,13.97%,10.20%,Jul 31/b,96.68,-0.76%,"2,137,934"
CCCK,12.25B,1.24%,5.40%,27.23%,9.19%,1.05,0.65,1.97,2.19,17.59%,12.75%,5.89%,Jul 20/a,112.64,-0.18%,"694,079"
CCCL,31.16B,2.45%,5.94%,26.72%,8.18%,0.30,0.26,1.89,2.02,29.22%,16.34%,11.24%,Jun 23/b,22.75,1.25%,"16,382,643"
CCCLD,87.11M,-,9.45%,21.75%,13.53%,1.02,1.01,2.40,3.10,34.06%,7.89%,2.30%,Aug 06/b,2.05,0.49%,"99,141"
CCCM,11.20M,-,-1.39%,-,-17.80%,0.48,0.46,-,-,5.67%,-51.81%,-20.21%,-,3.97,0.51%,"3,232"
CCCML,-,-,-,-,-,-,-,-,-,-,-,-,-,26.35,2.99%,"108,562"
CCCNE,1.02B,2.20%,1.29%,12.32%,9.31%,0.16,-,0.13,0.31,-,26.42%,18.33%,Jul 23/a,34.48,0.03%,"97,367"
CCCNR,-,2.75%,-,-,-,-,-,-,-,-,-,-,-,41.47,-0.27%,"3,461"
CCCO,1.21B,-,-3.14%,-,-3.44%,1.25,1.25,-,-,43.93%,20.63%,-5.89%,Aug 05/b,2.38,0.00%,"1,089,783"
CCCOI,477.84M,0.89%,-1.42%,-721.50%,-2.54%,0.63,0.63,-,-,22.68%,-6.58%,-4.73%,Aug 06/b,9.33,2.64%,"1,924,662"
CCCOM,-,1.24%,-,-,-,-,-,-,-,-,-,-,-,24.29,-1.60%,562
CCCOR,-,1.01%,-,-,-,-,-,-,-,-,-,-,-,25.80,0.08%,615
CCCPX,-,-,-,-,-,-,-,-,-,-,-,-,-,21.98,0.65%,10
CCCRP,-,3.33%,-,-,-,-,-,-,-,-,-,-,-,19.04,0.02%,8
CCCS,1.72B,2.06%,2.89%,5.22%,3.33%,5.63,0.29,0.57,0.66,16.19%,3.17%,3.46%,Jul 22/a,60.54,1.65%,"454,705"
CCCSB,-,4.59%,-,-,-,-,-,-,-,-,-,-,-,19.60,-0.07%,"1,187"
CCCSI,673.07M,-,14.14%,1254.76%,15.83%,1.90,1.90,13.39,13.61,80.24%,41.80%,26.69%,Aug 06/a,36.73,1.30%,"118,330"
CCCSO,-,0.61%,-,-,-,-,-,-,-,-,-,-,-,25.68,0.86%,"2,893"
CCCTG,2.39M,-,-28.64%,-41.11%,-36.94%,2.09,1.62,0.03,0.08,29.27%,-20.00%,-27.79%,-,0.61,2.23%,"32,935"
CCCU,2.15B,3.21%,2.91%,7.22%,4.11%,1.84,1.16,0.78,0.90,44.70%,7.64%,3.53%,Aug 04/b,11.64,-0.09%,"26,273"
CCCUP,-,-,-,-,-,-,-,-,-,-,-,-,-,26.48,0.57%,"113,007"
CCCXI,686.22M,-,-62.03%,-97.74%,-48.87%,0.01,0.01,0.00,0.00,-,-,-,-,12.32,-3.83%,"2,475,425"
CCD,323.40M,-,-5.57%,-6.73%,-10.56%,27.53,27.53,0.01,0.02,77.87%,-177.49%,-273.04%,-,2.94,-0.68%,"137,235"
CCDC,-,3.15%,-,-,-,-,-,-,-,-,-,-,-,75.42,0.37%,"11,269"
CCDE,21.15B,0.19%,8.79%,12.85%,7.65%,3.65,2.43,0.07,0.07,37.69%,35.41%,26.88%,Aug 05/a,20.58,1.18%,"17,915,137"
CCDEI,-,0.96%,-,-,-,-,-,-,-,-,-,-,-,93.50,1.03%,484
CCDIG,-,-,-,-,-,-,-,-,-,-,-,-,-,26.53,0.40%,684
CCDIO,6.01M,-,-70.62%,-75.44%,-85.50%,17.15,17.15,0.02,0.05,-2622.67%,-44690.68%,-44771.83%,-,2.03,2.53%,"25,224"
CCDL,-,3.14%,-,-,-,-,-,-,-,-,-,-,-,78.70,0.36%,"3,324"
CCDLR,2.49B,-,6.39%,12.83%,6.29%,1.62,1.61,0.83,0.91,47.48%,36.21%,27.45%,Aug 25/b,25.84,1.37%,"41,885"
CCDLX,24.44M,-,-34.70%,-484.19%,-66.19%,1.62,1.62,-,-,45.75%,-16.14%,-63.65%,Aug 05/a,4.15,0.48%,"45,089"
CCDNA,2.60B,-,22.72%,29.49%,25.30%,4.58,4.51,0.03,0.05,70.11%,-0.40%,24.23%,Jul 30/a,50.26,0.48%,"663,051"
CCDNG,-,-,-,-,-,-,-,-,-,-,-,-,-,7.74,3.20%,"19,410"
CCDNL,1.69B,-,3.00%,13.73%,4.01%,3.59,3.59,0.84,0.93,13.36%,8.24%,2.74%,Aug 11/b,35.65,4.51%,"391,059"
CCDNS,79.69B,-,12.77%,23.23%,14.75%,1.74,1.53,0.36,0.36,84.56%,31.40%,23.61%,Jul 27/a,289.37,1.55%,"2,554,303"
CCDP,8.01B,3.60%,3.73%,10.85%,3.95%,1.72,1.72,1.72,1.75,36.65%,30.32%,20.85%,Jul 27/a,35.43,-0.08%,"795,179"
CCDPI,-,0.68%,-,-,-,-,-,-,-,-,-,-,-,20.25,0.55%,27
CCDRE,1.22B,1.40%,4.21%,10.62%,5.02%,2.14,1.35,1.07,1.15,40.50%,11.09%,5.26%,Aug 05/a,28.58,-0.66%,"224,664"
CCDRO,423.78M,-,-2.25%,-6.63%,-4.22%,1.77,1.77,0.05,0.05,-,-,-0.82%,Jul 30/b,9.32,0.11%,"7,270"
CCDT,3.42M,-,-55.16%,-69.68%,-36.03%,0.13,0.13,0.00,0.01,-,-,-,-,0.25,-27.49%,"10,194,632"
CCDTG,4.26M,-,-11.44%,-30.10%,-32.23%,1.46,1.46,0.01,0.20,41.49%,-64.28%,-56.23%,-,1.41,8.46%,"4,927,750"
CCDW,19.23B,1.66%,6.64%,44.01%,14.60%,1.17,1.05,2.03,2.63,21.36%,7.17%,4.60%,Aug 05/b,153.79,7.85%,"1,774,721"
CCDX,-,7.58%,-,-,-,-,-,-,-,-,-,-,-,20.50,0.13%,"108,941"
CCDXS,160.43M,-,-23.79%,-69.36%,-32.27%,3.06,2.99,1.89,2.20,80.47%,-31.23%,-39.55%,Aug 11/a,1.47,1.74%,"505,062"
CCDZI,309.07M,-,-27.17%,-183.13%,-29.65%,1.16,0.96,25.60,25.69,15.07%,-236.05%,-353.94%,Aug 14,3.65,-6.53%,"1,734,045"
CCE,5.06B,0.28%,-5.14%,-24.57%,-7.70%,1.45,0.87,2.64,2.98,19.56%,8.74%,-12.04%,Aug 04/a,46.09,0.81%,"2,029,083"
CCECO,4.59B,-,-1.33%,-2.58%,-1.08%,1.50,1.18,0.36,0.37,29.72%,5.82%,-3.39%,Aug 10/b,78.34,3.91%,"680,951"
CCEE,130.40M,1.93%,-,-,-,-,-,-,-,-,-,-,-,20.00,0.30%,"10,316"
CCEF,7.53B,-,-,-,-,-,-,-,-,-,-,-,-,44.15,0.66%,"347,257"
CCEFA,-,2.63%,-,-,-,-,-,-,-,-,-,-,-,41.27,1.23%,"6,049"
CCEFD,-,15.06%,-,-,-,-,-,-,-,-,-,-,-,18.55,-0.27%,723
CCEFS,-,6.11%,-,-,-,-,-,-,-,-,-,-,-,25.12,0.24%,"40,993"
CCEFZ,-,10.10%,-,-,-,-,-,-,-,-,-,-,-,8.09,0.50%,"8,772"
CCEG,100.89B,0.59%,4.58%,15.26%,6.78%,1.46,1.20,0.60,0.77,17.37%,14.93%,11.25%,Aug 06/b,284.75,-0.43%,"1,720,423"
CCEGX,-,-,-,-,-,-,-,-,-,-,-,-,-,14.70,-1.01%,"24,299"
CCELC,4.08B,-,-44.77%,-1433.70%,-30.55%,8.93,8.93,-,-,-,-,-,Aug 13/a,83.45,-2.39%,"863,369"
CCELH,6.89B,-,2.75%,7.48%,3.39%,1.75,1.38,2.02,2.03,47.53%,19.20%,1.97%,Aug 06/b,27.22,2.22%,"8,721,898"
CCELU,40.81M,-,-29.73%,-6367.24%,-446.63%,0.15,0.15,-,-,-3.08%,-230.91%,-345.76%,-,1.41,-1.74%,"97,105"
CCELZ,6.33M,-,-73.30%,-78.03%,-69.79%,12.91,12.91,0.00,0.00,-3725.83%,-208004.40%,-201355.37%,Sep 02,0.96,1.09%,"101,160"
CCEMB,-,5.27%,-,-,-,-,-,-,-,-,-,-,-,44.74,-0.13%,"34,013"
CCENN,10.71M,-,-69.49%,-117.98%,-181.74%,1.65,0.92,0.12,0.24,-11.61%,-158.21%,-407.31%,-,4.36,4.06%,"13,981"
CCENT,2.24B,-,4.47%,9.98%,5.36%,3.79,2.67,0.78,0.81,31.72%,8.81%,5.39%,Aug 05/a,40.19,1.34%,"59,325"
CCENTA,2.24B,-,4.47%,9.98%,5.36%,3.79,2.67,0.78,0.81,31.72%,8.81%,5.39%,Aug 05/a,34.73,1.22%,"318,762"
CCENX,4.36B,-,25.02%,56.73%,32.05%,2.75,1.61,0.34,0.34,19.27%,14.87%,22.60%,Aug 06/a,44.05,-0.70%,"1,222,119"
CCEPF,591.79M,-,6.12%,6.13%,3.06%,0.51,0.51,0.00,0.00,-,-,-,-,10.35,0.00%,"5,553"
CCEPI,-,40.47%,-,-,-,-,-,-,-,-,-,-,-,31.63,1.11%,"42,668"
CCEPL,194.04M,-,3.80%,-,-,1.00,0.65,-,-,34.03%,4.70%,-47.40%,Aug 12/a,5.89,9.48%,"459,751"
CCEPO,274.25M,-,-3.49%,-3.63%,-3.69%,0.11,0.11,0.00,0.00,-,-,-,-,10.76,-0.05%,"130,507"
CCEPS,151.30M,-,-90.89%,-,1.07%,1.27,1.27,0.00,0.00,-,-,-,-,10.39,0.00%,6
CCEPU,2.12B,-,11.46%,17.78%,13.93%,1.28,1.16,0.24,0.35,33.91%,28.60%,28.82%,May 12/a,14.13,-2.42%,"119,672"
CCEPV,328.23M,-,4.35%,4.36%,2.18%,0.82,0.82,0.00,0.00,-,-,-,-,10.24,-1.16%,14
CCERS,501.80M,-,-3.24%,-10.81%,-5.98%,1.83,1.07,0.62,1.10,51.84%,-12.67%,-3.06%,Jul 30/a,2.49,1.22%,"1,545,740"
CCERT,1.15B,-,-1.31%,-1.89%,-0.23%,2.55,2.55,0.31,0.31,48.49%,4.63%,-0.72%,Aug 04/b,7.55,1.75%,"1,487,180"
CCERY,-,3.58%,-,-,-,-,-,-,-,-,-,-,-,39.84,-0.92%,"293,379"
CCET,1.65B,1.55%,-,-,-,-,-,-,-,-,-,-,-,56.00,0.90%,"9,210"
CCETX,4.18M,-,-46.12%,-151.47%,-64.91%,1.54,1.21,0.32,0.69,35.46%,-10.33%,-38.56%,Aug 14/a,2.43,1.25%,"23,707"
CCETY,12.53M,-,-49.45%,-109.57%,-111.72%,0.98,0.63,0.02,0.64,-3.81%,-117.56%,-258.72%,-,1.03,0.98%,"14,606"
CCEV,72.09M,5.85%,-,-,-,-,-,-,-,-,-,-,-,10.25,1.99%,"18,363"
CCEVA,816.75M,-,-3.16%,-3.62%,-3.09%,10.12,10.12,0.04,0.05,86.98%,-9.63%,-9.48%,Aug 10/b,29.01,3.76%,"394,439"
CCEW,-,2.33%,-,-,-,-,-,-,-,-,-,-,-,20.04,0.14%,"1,271"
CCF,20.14B,1.63%,14.55%,39.19%,22.67%,4.86,4.32,0.61,0.63,45.69%,41.45%,27.12%,Aug 05/a,133.07,-1.51%,"2,293,433"
CCFA,-,1.24%,-,-,-,-,-,-,-,-,-,-,-,98.73,0.76%,"2,415"
CCFBK,228.40M,1.02%,0.86%,9.92%,6.18%,0.90,-,0.53,0.62,-,18.18%,14.75%,Jul 28/b,35.18,-0.76%,"34,900"
CCFFI,308.91M,1.98%,1.06%,11.23%,8.29%,0.12,-,0.26,0.43,-,18.44%,14.91%,-,95.00,1.47%,"76,408"
CCFFN,1.11B,4.31%,0.85%,8.00%,3.27%,0.03,-,1.48,1.60,-,23.15%,18.67%,Jul 29/b,8.82,0.23%,"672,414"
CCFG,29.68B,2.68%,0.94%,8.27%,5.20%,0.10,-,0.56,0.62,-,22.14%,16.20%,Jul 16/b,70.48,1.22%,"2,208,737"
CCFIT,-,3.91%,-,-,-,-,-,-,-,-,-,-,-,25.71,0.08%,"7,643"
CCFND,-,-,-,-,-,-,-,-,-,-,-,-,Aug 31/b,3.18,2.25%,"61,826"
CCFO,-,1.24%,-,-,-,-,-,-,-,-,-,-,-,80.03,0.76%,"2,336"
CCFR,10.13B,2.50%,1.28%,15.33%,13.17%,0.21,-,0.11,1.17,-,27.82%,22.91%,Jul 30/b,162.92,0.16%,"435,614"
CCG,15.09B,3.31%,1.37%,6.56%,1.89%,0.52,0.52,2.67,2.72,75.09%,14.38%,10.43%,Aug 05/b,42.34,-1.69%,"4,251,784"
CCGAU,4.43B,0.89%,23.52%,32.89%,28.88%,2.42,1.49,0.02,0.02,32.74%,26.71%,37.72%,Jul 28/a,22.63,0.13%,"1,332,125"
CCGBD,782.31M,12.80%,1.47%,3.25%,1.56%,1.27,1.27,1.19,1.19,72.15%,58.12%,17.45%,Aug 08/a,11.37,-0.09%,"246,316"
CCGBL,-,1.86%,-,-,-,-,-,-,-,-,-,-,-,37.63,0.43%,"1,097,409"
CCGC,392.45M,-,-23.51%,-40.16%,-26.05%,3.04,2.39,0.34,0.40,18.25%,-25.43%,-79.75%,Aug 07/b,0.93,-0.25%,"2,329,867"
CCGCB,-,4.31%,-,-,-,-,-,-,-,-,-,-,-,25.46,-0.04%,"1,126,794"
CCGCF,341.35M,-,-,-,-,2.04,2.04,0.00,0.00,-,-,-,-,9.84,0.00%,0
CCGCP,-,5.20%,-,-,-,-,-,-,-,-,-,-,-,21.65,-0.09%,"2,298,798"
CCGCV,-,1.46%,-,-,-,-,-,-,-,-,-,-,-,32.74,0.55%,"155,736"
CCGDG,-,2.24%,-,-,-,-,-,-,-,-,-,-,-,38.28,0.50%,"388,164"
CCGDV,-,1.19%,-,-,-,-,-,-,-,-,-,-,-,49.38,0.45%,"3,064,328"
CCGEM,1.33B,-,-46.30%,-50.30%,-63.34%,8.42,8.42,0.00,0.01,-,-,-,Aug 06/b,20.59,-1.95%,"1,090,836"
CCGEN,233.98M,-,28.74%,50.64%,38.61%,5.72,5.72,0.03,0.03,86.89%,40.94%,47.55%,Aug 03/b,2.47,0.41%,"162,163"
CCGGE,-,0.37%,-,-,-,-,-,-,-,-,-,-,-,34.93,0.84%,"358,769"
CCGGG,-,0.09%,-,-,-,-,-,-,-,-,-,-,-,28.46,0.74%,"53,651"
CCGGO,-,1.00%,-,-,-,-,-,-,-,-,-,-,-,39.93,0.66%,"1,066,375"
CCGGR,-,0.15%,-,-,-,-,-,-,-,-,-,-,-,46.73,0.80%,"3,265,408"
CCGHM,-,4.27%,-,-,-,-,-,-,-,-,-,-,-,24.81,0.36%,"682,588"
CCGHY,-,5.51%,-,-,-,-,-,-,-,-,-,-,-,24.93,0.03%,"25,387"
CCGIB,-,1.47%,-,-,-,-,-,-,-,-,-,-,-,25.01,-0.10%,"78,970"
CCGIC,-,1.64%,-,-,-,-,-,-,-,-,-,-,-,36.90,0.82%,"444,153"
CCGIE,-,1.34%,-,-,-,-,-,-,-,-,-,-,-,37.44,1.11%,"308,937"
CCGMM,-,0.38%,-,-,-,-,-,-,-,-,-,-,-,32.02,0.91%,"781,950"
CCGMS,-,6.13%,-,-,-,-,-,-,-,-,-,-,-,26.81,0.00%,"992,413"
CCGMU,-,3.46%,-,-,-,-,-,-,-,-,-,-,-,26.56,0.30%,"2,011,745"
CCGNG,-,0.59%,-,-,-,-,-,-,-,-,-,-,-,36.98,0.90%,"473,195"
CCGNT,592.68M,-,-0.01%,-0.03%,-0.03%,1.34,1.22,0.18,0.18,72.85%,4.88%,-0.01%,Sep 09/b,8.02,-0.74%,"682,131"
CCGNX,10.80B,0.53%,8.36%,11.15%,10.34%,3.84,3.18,0.04,0.04,68.87%,21.90%,16.05%,Aug 05/a,64.22,4.10%,"1,374,619"
CCGO,129.23M,7.45%,-,-,-,-,-,-,-,-,-,-,-,13.15,0.61%,"18,498"
CCGON,6.41B,-,-25.11%,-26.41%,-21.64%,22.22,22.20,0.01,0.01,-93.32%,-4056.18%,-3602.68%,Aug 06/b,72.35,0.49%,"759,835"
CCGOV,-,0.97%,-,-,-,-,-,-,-,-,-,-,-,25.02,0.04%,410
CCGPT,-,-,-,-,-,-,-,-,-,-,-,-,-,18.38,0.58%,324
CCGRO,-,3.60%,-,-,-,-,-,-,-,-,-,-,-,20.83,0.38%,215
CCGSD,-,4.47%,-,-,-,-,-,-,-,-,-,-,-,25.50,-0.12%,"1,833,846"
CCGSM,-,2.92%,-,-,-,-,-,-,-,-,-,-,-,26.06,0.08%,"350,176"
CCGTL,6.64M,-,-11.46%,-11.74%,-13.15%,46.70,23.42,0.01,0.01,-11.14%,-13.63%,-6.86%,-,3.86,-4.22%,"9,644"
CCGTX,93.46M,-,-57.33%,-83.76%,-50.16%,7.03,7.03,0.01,0.02,-,-,-,Aug 06/a,0.98,0.32%,"218,016"
CCGUI,-,3.87%,-,-,-,-,-,-,-,-,-,-,-,25.25,-0.04%,"136,063"
CCGUS,-,0.83%,-,-,-,-,-,-,-,-,-,-,-,44.63,0.68%,"984,761"
CCGV,-,4.67%,-,-,-,-,-,-,-,-,-,-,-,16.14,0.45%,"26,585"
CCGVV,-,0.83%,-,-,-,-,-,-,-,-,-,-,-,31.57,0.80%,"52,557"
CCGW,-,1.57%,-,-,-,-,-,-,-,-,-,-,-,63.49,0.06%,"20,522"
CCGXU,-,4.77%,-,-,-,-,-,-,-,-,-,-,-,35.32,1.29%,"1,205,893"
CCHA,1.54B,0.51%,11.54%,16.59%,14.36%,3.37,3.25,0.11,0.17,41.12%,11.40%,10.25%,Aug 28/b,12.24,-0.89%,"897,509"
CCHAI,6.99M,-,-110.64%,-172.80%,-901.11%,1.08,1.08,0.00,0.07,-7.26%,-175.37%,-225.51%,Aug 18/b,0.27,5.05%,"565,332"
CCHAR,120.29M,-,3.05%,3.13%,3.09%,0.04,0.04,0.00,0.01,-,-,-,-,10.97,0.00%,"3,212"
CCHAT,-,1.89%,-,-,-,-,-,-,-,-,-,-,-,89.13,1.32%,"221,798"
CCHAU,-,2.19%,-,-,-,-,-,-,-,-,-,-,-,20.76,0.00%,"20,828"
CCHCI,206.35M,-,31.57%,36.37%,29.22%,7.67,7.67,0.05,0.06,26.43%,21.48%,32.16%,Aug 13/b,20.07,-4.47%,"38,535"
CCHCO,2.02B,2.44%,1.95%,16.61%,13.62%,0.09,-,0.19,0.65,-,40.83%,32.53%,Jul 22/b,143.96,0.22%,"139,430"
CCHCT,418.63M,11.09%,1.82%,4.21%,1.83%,2.24,2.24,1.36,1.36,46.07%,30.50%,14.37%,Aug 04/a,14.61,-0.14%,"241,334"
CCHD,22.33B,1.31%,8.32%,17.04%,11.11%,1.15,0.69,0.54,0.56,43.49%,17.47%,11.96%,Jul 31/b,94.15,0.22%,"1,952,928"
CCHDG,-,-,-,-,-,-,-,-,-,-,-,-,-,25.10,0.48%,"2,514"
CCHDN,5.85B,0.55%,5.49%,34.31%,7.50%,0.36,0.35,3.06,3.57,34.19%,25.81%,13.66%,Jul 29/a,83.86,1.34%,"918,422"
CCHE,6.74B,0.48%,16.68%,27.11%,25.37%,0.91,0.89,0.31,0.40,30.44%,13.47%,10.60%,Jul 28/a,515.97,0.31%,"81,866"
CCHEC,177.24M,-,4.28%,4.49%,2.25%,1.46,1.46,0.00,0.00,-,-,-,-,10.28,0.00%,0
CCHEF,4.51B,-,4.68%,15.25%,5.97%,2.15,1.31,1.38,1.46,24.46%,4.14%,2.09%,Jul 29/b,110.45,0.62%,"421,136"
CCHGA,2.35M,-,-78.94%,-214.52%,-180.84%,0.11,0.09,0.01,0.13,44.40%,-733.08%,-1743.75%,-,2.23,-0.89%,"21,826"
CCHGG,81.57M,-,-16.77%,-38.34%,-40.39%,1.17,1.17,0.11,0.43,58.46%,-7.05%,-19.96%,Aug 06/b,0.73,0.64%,"593,912"
CCHGX,-,0.55%,-,-,-,-,-,-,-,-,-,-,-,32.99,1.08%,"5,173"
CCHH,4.36B,1.20%,11.56%,563.79%,14.53%,0.93,0.93,14.82,14.82,47.87%,25.52%,20.19%,Aug 05/b,96.77,-1.49%,"456,873"
CCHI,999.57M,9.22%,-,-,-,-,-,-,-,-,-,-,-,12.36,-0.08%,"138,524"
CCHIQ,-,1.75%,-,-,-,-,-,-,-,-,-,-,-,16.27,0.68%,"7,660"
CCHKP,13.44B,-,15.89%,37.64%,22.25%,1.67,1.67,0.72,0.72,85.52%,29.02%,37.93%,Jul 30/b,131.64,0.87%,"1,510,736"
CCHMG,410.31M,1.65%,1.17%,13.14%,10.30%,0.05,-,0.19,0.53,-,27.32%,20.51%,Jul 22/a,85.10,0.34%,"64,505"
CCHMI,106.04M,13.94%,1.13%,7.15%,4.45%,0.09,0.09,0.62,5.10,90.79%,66.58%,6.49%,Aug 10/b,2.87,-1.03%,"136,947"
CCHNL,-,0.87%,-,-,-,-,-,-,-,-,-,-,-,26.98,-0.03%,237
CCHNR,5.00M,-,-0.48%,-1.39%,-1.37%,0.12,0.12,0.00,0.00,-,-,-,May 15/a,3.98,4.27%,"24,345"
CCHNU,-,0.30%,-,-,-,-,-,-,-,-,-,-,-,28.78,0.11%,"6,210"
CCHOW,15.98M,-,-32.41%,-57.35%,-32.56%,3.44,3.44,0.06,0.07,12.59%,-9.36%,-9.36%,-,0.45,2.32%,"314,618"
CCHPG,104.87M,-,3.26%,3.35%,3.29%,0.20,0.20,0.00,0.00,-,-,-,-,10.50,0.10%,860
CCHPS,-,0.36%,-,-,-,-,-,-,-,-,-,-,-,84.84,1.53%,"21,266"
CCHPT,243.26M,-,-22.44%,-1015.08%,-91.64%,1.07,0.57,-,-,31.02%,-39.11%,-40.59%,Sep 02/a,9.06,1.46%,"1,992,713"
CCHPX,-,0.03%,-,-,-,-,-,-,-,-,-,-,-,95.71,2.04%,"21,678"
CCHPY,-,38.89%,-,-,-,-,-,-,-,-,-,-,-,67.14,1.42%,"390,770"
CCHR,3.80M,-,6.63%,7.29%,6.66%,12.48,12.48,0.00,0.01,73.58%,20.57%,18.74%,Mar 23/b,1.62,-2.99%,"22,797"
CCHRD,8.31B,3.48%,6.41%,10.24%,8.55%,1.22,1.15,0.18,0.18,20.84%,18.93%,13.32%,Aug 05/a,152.01,0.13%,"565,432"
CCHRI,-,0.38%,-,-,-,-,-,-,-,-,-,-,-,90.77,0.92%,286
CCHRN,2.77B,-,-68.39%,-217.36%,-251.76%,1.55,1.03,2.05,3.81,52.86%,-134.06%,-138.91%,-,19.00,5.73%,"93,551"
CCHRS,205.49M,-,-51.10%,-178.39%,-115.55%,1.77,1.70,0.86,0.89,61.86%,-307.43%,-256.49%,Aug 05/a,1.33,-0.75%,"529,193"
CCHRW,17.85B,1.64%,11.34%,37.12%,17.94%,1.58,1.58,1.17,1.21,8.14%,4.91%,3.73%,Jul 29/a,152.78,0.24%,"884,802"
CCHSN,3.82M,-,0.30%,0.50%,0.28%,0.81,0.73,0.19,0.24,44.98%,-10.33%,1.03%,-,1.05,0.96%,"13,323"
CCHT,34.79B,3.71%,7.06%,10.57%,10.22%,1.22,1.07,0.08,0.10,35.49%,20.39%,16.12%,Aug 05/b,44.85,0.72%,"162,329"
CCHTR,25.53B,0.04%,3.21%,29.70%,4.48%,0.36,0.36,5.48,5.61,45.98%,23.98%,9.05%,Jul 24/b,145.77,3.71%,"2,051,303"
CCHW,538.38M,7.35%,-,-,-,-,-,-,-,-,-,-,-,8.43,0.60%,"130,283"
CCHWY,8.22B,-,7.98%,71.99%,18.41%,0.84,0.42,3.01,3.13,28.86%,2.75%,2.09%,Sep 09/b,20.44,-3.04%,"11,964,111"
CCHY,1.01B,9.55%,-,-,-,-,-,-,-,-,-,-,-,12.56,-0.04%,"126,249"
CCHYG,-,0.87%,-,-,-,-,-,-,-,-,-,-,-,24.97,0.32%,25
CCHYM,12.49B,-,-0.93%,-1.28%,-1.19%,4.62,4.62,0.08,0.09,86.81%,-0.83%,-0.82%,Aug 05/a,33.00,1.01%,"8,563,995"
CCI,74.19B,2.21%,4.27%,15.49%,8.95%,0.85,-,0.68,0.75,-,3.86%,2.27%,Jul 30/b,280.76,-0.05%,"1,342,128"
CCIA,181.30M,-,0.67%,5.00%,4.93%,606.61,-,0.00,0.00,-,5.56%,4.55%,Aug 07/b,3.58,2.29%,"152,302"
CCIB,11.36B,6.50%,2.03%,18.88%,7.40%,0.17,-,0.47,0.64,-,23.30%,5.84%,Aug 11/b,102.04,-1.05%,"297,682"
CCIBR,-,0.41%,-,-,-,-,-,-,-,-,-,-,-,94.40,0.25%,"1,122,789"
CCIEG,-,-,-,-,-,-,-,-,-,-,-,-,-,4.11,8.30%,"608,968"
CCIEI,-,0.93%,-,-,-,-,-,-,-,-,-,-,-,24.54,-0.16%,6
CCIEN,49.57B,-,9.52%,22.40%,10.35%,3.80,3.17,1.07,1.07,41.61%,14.12%,10.87%,Sep 03/b,349.54,4.48%,"1,981,516"
CCIEX,-,-,-,-,-,-,-,-,-,-,-,-,-,10.87,8.65%,"31,249"
CCIFC,-,-,-,-,-,-,-,-,-,-,-,-,-,7.78,10.51%,"2,814"
CCIFG,-,-,-,-,-,-,-,-,-,-,-,-,-,4.23,9.87%,"963,123"
CCIFR,6.99B,-,-26.27%,-170.77%,-18.51%,3.00,3.00,9.76,9.94,-88.43%,-112.80%,-585.75%,Aug 04/b,16.85,5.71%,"34,342,888"
CCIFU,-,-,-,-,-,-,-,-,-,-,-,-,-,10.38,11.13%,"779,756"
CCIG,4.19B,7.59%,6.85%,15.97%,8.92%,1.17,1.17,0.72,0.78,15.25%,12.74%,10.47%,Aug 14/b,2.20,-0.45%,"6,748,092"
CCIGI,4.77B,0.32%,1.50%,7.36%,2.37%,1.19,1.19,1.95,2.15,35.47%,7.10%,1.81%,Jul 30/b,93.35,2.37%,"274,004"
CCIGL,99.92M,-,-141.52%,-535.26%,-266.90%,1.28,1.28,0.59,1.42,-78.44%,-110.96%,-122.18%,-,0.44,0.39%,"138,807"
CCII,1.06B,8.38%,-,-,-,-,-,-,-,-,-,-,-,24.18,0.67%,"57,058"
CCIIT,2.66M,-,-57.62%,-59.12%,-79.03%,29.02,25.98,0.00,0.03,8.79%,-14.62%,-14.74%,-,2.75,-1.08%,"8,249"
CCIK,132.21M,10.46%,-,-,-,-,-,-,-,-,-,-,-,2.41,0.00%,"1,011,833"
CCIM,931.71M,16.17%,0.01%,0.05%,0.02%,0.06,0.06,2.07,5.57,93.98%,70.15%,-9.22%,Aug 05/b,11.13,-0.45%,"1,434,393"
CCINF,26.06B,2.21%,8.27%,21.48%,18.98%,0.56,-,0.05,0.05,-,30.16%,23.84%,Jul 27/a,169.80,0.12%,"416,725"
CCING,73.00M,-,-123.76%,-198.74%,-117.85%,3.50,3.50,0.04,0.27,-,-,-,Aug 13/b,5.02,-2.90%,"99,571"
CCINT,413.40M,-,6.37%,11.72%,9.84%,1.31,1.31,0.15,0.44,28.36%,10.97%,6.79%,Aug 11/a,3.23,5.90%,"59,915"
CCION,353.28M,16.71%,0.15%,0.38%,0.15%,10.48,10.48,1.74,1.74,76.27%,46.85%,1.32%,Aug 06/b,7.18,0.00%,"243,124"
CCIR,-,-,-,-,-,-,-,-,-,-,-,-,-,37.66,0.08%,231
CCIRC,62.23M,-,-49.61%,-4295.48%,-,0.71,0.71,-,-,9.42%,-11.52%,-13.63%,Aug 19/b,0.54,-5.08%,"391,093"
CCISO,10.65M,-,-11.67%,-28.83%,-22.85%,0.21,0.21,0.01,0.36,26.87%,-31.03%,-15.48%,-,0.23,-1.64%,"52,707"
CCISS,2.04M,-,17.90%,22.22%,18.34%,1.68,1.57,0.00,0.00,33.68%,27.60%,22.51%,Aug 27/b,1.37,-5.52%,"260,284"
CCITR,120.44M,-,-257.87%,-431.00%,-251.08%,8.77,7.39,0.07,0.09,-29.74%,-1330.49%,-1788.44%,Sep 02,5.34,6.16%,"16,991"
CCIVB,570.30M,2.62%,1.28%,11.16%,8.01%,0.07,-,0.19,0.41,-,25.10%,20.74%,Jul 23/b,27.44,0.33%,"114,529"
CCIVG,-,1.01%,-,-,-,-,-,-,-,-,-,-,-,24.68,-0.08%,11
CCIX,439.80M,3.37%,13.49%,14.97%,15.12%,6.69,4.68,0.01,0.01,32.08%,16.30%,13.60%,Aug 04/a,35.65,0.20%,"6,280"
CCJMB,13.23M,-,-,-,-,1.25,1.10,2.63,3.15,-,-,-,-,2.30,1.77%,"66,092"
CCJUL,-,-,-,-,-,-,-,-,-,-,-,-,-,25.63,0.42%,6
CCJUN,-,-,-,-,-,-,-,-,-,-,-,-,-,25.39,0.48%,6
CCKX,22.38M,-,14.28%,14.43%,13.46%,124.62,124.62,0.00,0.00,95.09%,-7.37%,419.79%,-,10.90,1.40%,"1,045"
CCL,69.19B,2.44%,11.89%,434.33%,25.28%,1.03,0.67,33.15,33.29,60.42%,21.84%,9.68%,Jul 31/b,86.80,-1.25%,"5,767,333"
CCLAR,135.92M,2.82%,-11.62%,-14.87%,-14.79%,4.45,2.09,0.07,0.09,32.24%,-3.40%,-12.38%,Aug 06/a,3.55,0.00%,"131,227"
CCLB,573.56M,0.32%,4.46%,9.92%,6.22%,2.12,1.55,0.56,0.61,16.66%,7.60%,5.10%,Jul 29/a,12.50,-0.24%,"333,220"
CCLBK,3.11B,0.85%,0.51%,5.02%,2.39%,0.14,-,1.03,1.03,-,15.58%,11.18%,Jul 30/a,11.53,-0.09%,"3,729,406"
CCLBR,409.37M,-,-,-,0.91%,8.66,8.66,0.00,0.00,-,-,-,-,10.23,0.10%,"1,120,685"
CCLBT,2.82B,-,6.54%,12.31%,10.48%,1.60,1.58,0.03,0.04,82.96%,11.36%,11.33%,Aug 13/b,11.23,-0.84%,"2,367,108"
CCLCG,-,0.06%,-,-,-,-,-,-,-,-,-,-,-,28.77,0.90%,"2,401"
CCLCV,-,0.34%,-,-,-,-,-,-,-,-,-,-,-,31.55,1.29%,487
CCLDI,3.20M,-,-283.36%,-957.93%,-601.56%,1.68,1.68,0.25,0.62,-,-,-,Aug 13/a,1.24,-5.34%,"70,666"
CCLDT,600.70M,3.06%,0.97%,1.60%,1.02%,0.54,0.54,0.60,0.60,25.12%,10.19%,1.29%,Aug 04/b,12.90,-0.39%,"186,822"
CCLDX,2.90B,-,-40.76%,-43.88%,-41.86%,11.82,11.82,0.00,0.01,-2049.37%,-206220.25%,-190220.89%,Aug 06/a,36.90,-3.15%,"1,033,541"
CCLF,6.88B,-,-4.27%,-15.16%,-6.58%,1.89,0.63,1.37,1.37,-0.80%,-3.90%,-4.56%,Jul 23/b,12.06,1.94%,"12,954,770"
CCLFD,407.79M,-,2.57%,2.93%,-2.72%,12.53,10.08,0.03,0.04,37.96%,2.31%,-5.29%,Aug 05/a,30.02,6.15%,"179,994"
CCLGN,6.61M,-,-99.53%,-151.99%,-194.84%,2.27,1.99,0.38,0.54,-373.26%,-3329.05%,-3376.35%,May 29/b,3.50,-1.13%,"126,901"
CCLH,17.04B,-,5.75%,15.56%,7.48%,2.13,1.80,1.00,1.04,24.74%,11.84%,7.03%,Jul 29/b,322.82,0.59%,"241,100"
CCLIK,11.39M,-,-,-,-,3.26,3.26,0.01,0.02,-,-,-,-,1.33,6.40%,"232,854"
CCLIP,-,3.76%,-,-,-,-,-,-,-,-,-,-,-,100.18,0.03%,"289,791"
CCLIR,27.43M,-,-39.64%,-51.73%,-53.16%,4.58,4.58,0.00,0.01,18.49%,-115.83%,-96.07%,Aug 19/a,4.03,-0.25%,"68,707"
CCLIX,-,0.55%,-,-,-,-,-,-,-,-,-,-,-,57.79,0.41%,50
CCLLS,224.22M,-,-21.03%,-94.56%,-49.84%,1.37,1.37,2.19,2.54,66.25%,-116.10%,-115.79%,Aug 06/a,3.10,-0.64%,"75,583"
CCLM,2.04B,22.25%,-,-,-,-,-,-,-,-,-,-,-,6.58,0.15%,"2,382,243"
CCLMB,513.17M,0.15%,4.59%,17.61%,16.04%,1.13,1.11,0.01,0.02,14.63%,4.03%,2.85%,Jul 29/a,27.50,2.34%,"112,391"
CCLMT,4.99B,-,-4.90%,-,-12.57%,0.84,0.49,-,-,6.57%,1.19%,-2.98%,Aug 07/b,56.80,0.64%,"1,278,890"
CCLNE,359.33M,-,-8.79%,-16.45%,-10.88%,2.48,2.15,0.56,0.58,16.70%,-7.27%,-21.26%,Aug 06/a,1.63,2.52%,"1,747,970"
CCLNK,-,-,-,-,-,-,-,-,-,-,-,-,-,21.12,0.43%,"72,633"
CCLNN,45.87M,-,-174.99%,-,-,3.07,3.07,-,-,-657.36%,-10431.98%,-20059.90%,Aug 14/b,3.57,-2.19%,"124,974"
CCLOA,-,4.82%,-,-,-,-,-,-,-,-,-,-,-,51.87,0.05%,"485,793"
CCLOB,-,6.18%,-,-,-,-,-,-,-,-,-,-,-,50.20,0.11%,"4,180"
CCLOC,-,5.24%,-,-,-,-,-,-,-,-,-,-,-,24.95,0.02%,"2,334"
CCLOD,-,-,-,-,-,-,-,-,-,-,-,-,-,34.00,0.18%,171
CCLOI,-,5.15%,-,-,-,-,-,-,-,-,-,-,-,52.88,0.04%,"182,186"
CCLOO,-,1.40%,-,-,-,-,-,-,-,-,-,-,-,25.18,0.04%,8
CCLOU,-,-,-,-,-,-,-,-,-,-,-,-,-,27.13,-0.15%,"493,634"
CCLOV,2.56B,-,-2.84%,-5.10%,-4.88%,1.50,-,0.00,0.00,-,-0.74%,-0.74%,Aug 05/a,4.82,2.34%,"4,491,712"
CCLOX,-,4.82%,-,-,-,-,-,-,-,-,-,-,-,25.56,0.16%,"107,255"
CCLOZ,-,7.15%,-,-,-,-,-,-,-,-,-,-,-,26.12,0.06%,"278,895"
CCLPR,52.03M,11.80%,-1.23%,-,-1.22%,1.90,1.90,-,-,33.53%,22.81%,-10.00%,Aug 06/a,3.22,-5.01%,"32,552"
CCLPS,31.08M,-,-5.58%,-11.10%,-11.26%,1.69,1.69,0.01,0.50,22.00%,-3.22%,-3.94%,Mar 06/b,1.04,-2.34%,"1,993"
CCLPT,418.52M,-,-46.21%,-226.52%,-46.38%,4.73,3.87,5.91,5.93,61.63%,-73.42%,-81.76%,Aug 03/a,13.72,1.78%,"1,021,844"
CCLRB,21.83M,-,-88.70%,-119.57%,-71.09%,6.66,6.66,0.05,0.05,-,-,-,Aug 13/b,2.31,-2.53%,"38,394"
CCLRO,13.35M,-,-31.89%,-54.73%,-,1.05,0.72,-,-,-,-,-,-,4.99,2.46%,"7,490"
CCLRS,-,-,-,-,13.10%,0.81,0.81,0.43,25.95,78.11%,31.47%,18.60%,-,-,-,0
CCLS,43.70B,-,13.93%,52.69%,32.82%,1.23,0.68,0.37,0.40,11.55%,8.42%,7.16%,Jul 27/a,346.55,6.56%,"2,558,132"
CCLSE,-,0.76%,-,-,-,-,-,-,-,-,-,-,-,34.03,0.59%,"259,101"
CCLSK,3.51B,-,-34.38%,-68.62%,-39.26%,5.91,5.91,2.34,2.34,-36.91%,-51.83%,-151.38%,Aug 06/a,13.67,6.80%,"21,641,389"
CCLSM,-,0.77%,-,-,-,-,-,-,-,-,-,-,-,27.31,0.90%,"5,630"
CCLST,72.79M,-,0.72%,2.48%,2.20%,0.49,-,0.12,0.12,-,16.13%,13.02%,-,18.05,0.14%,"3,259"
CCLSX,-,-,-,-,-,-,-,-,-,-,-,-,-,14.41,13.55%,"294,884"
CCLUB,-,0.07%,-,-,-,-,-,-,-,-,-,-,-,26.21,1.60%,16
CCLVT,1.20B,-,-3.05%,-7.01%,-3.81%,0.85,0.85,0.93,0.94,35.71%,7.51%,-13.84%,Jul 29/b,1.87,-4.10%,"5,393,097"
CCLW,326.43M,-,-5.29%,-10.42%,-4.51%,2.29,1.17,0.45,0.47,1.62%,-3.60%,-3.43%,Jul 28/a,20.24,2.79%,"142,102"
CCLWT,11.71M,-,0.75%,1.00%,0.99%,2.01,1.94,0.01,0.02,27.70%,-1.76%,1.18%,-,1.58,1.94%,"10,663"
CCLX,10.61B,5.81%,8.79%,285.64%,13.05%,0.66,0.38,48.99,62.02,41.95%,13.21%,8.74%,Aug 03/a,87.76,-1.14%,"6,211,794"
CCLYM,818.47M,-,-26.27%,-27.10%,-23.97%,31.45,31.45,0.00,0.01,-,-,-,Aug 06/b,14.25,-4.68%,"1,378,431"
CCM,104.09B,2.72%,0.89%,15.68%,12.12%,0.28,-,0.26,2.65,-,19.36%,15.48%,Aug 27/b,114.64,0.15%,"897,652"
CCMAG,-,-,-,-,-,-,-,-,-,-,-,-,-,26.44,1.34%,671
CCMAY,-,-,-,-,-,-,-,-,-,-,-,-,-,25.95,0.36%,6
CCMBO,-,-,-,-,-,-,-,-,-,-,-,-,-,103.55,0.03%,50
CCMBS,-,3.68%,-,-,-,-,-,-,-,-,-,-,-,47.72,-0.34%,"45,432"
CCMBT,5.65B,11.66%,9.78%,37.86%,10.54%,1.12,0.97,1.56,1.75,36.49%,30.13%,37.15%,Aug 27/b,19.48,0.52%,"1,057,517"
CCMC,7.43B,1.13%,7.09%,13.79%,7.42%,2.33,1.54,0.77,0.80,18.24%,9.08%,6.72%,Jun 25/b,67.17,0.83%,"1,187,982"
CCMCI,-,7.48%,-,-,-,-,-,-,-,-,-,-,-,31.68,-0.83%,12
CCMCL,496.91M,2.12%,13.76%,24.60%,16.24%,5.73,5.03,0.37,0.40,53.24%,44.88%,23.61%,Aug 10/b,25.70,1.34%,"111,423"
CCMCM,32.01M,-,-6.35%,-19.18%,-21.24%,1.23,1.23,0.00,0.00,61.80%,-14.57%,-28.03%,Sep 11/b,3.09,-7.62%,"71,434"
CCMCO,512.05M,1.58%,-9.80%,-27.78%,-8.66%,2.00,1.00,1.67,1.81,23.79%,1.44%,-18.10%,Jul 30/b,17.74,3.02%,"260,726"
CCMCSA,89.43B,5.26%,4.21%,12.00%,6.44%,0.80,0.80,0.94,1.01,56.77%,14.85%,8.97%,Jul 23/b,25.20,0.12%,"16,037,019"
CCMCT,7.87M,-,-5.05%,-15.45%,-6.51%,0.41,0.41,1.64,2.03,12.03%,7.24%,-69.41%,Aug 14/b,2.67,-2.55%,"23,917"
CCMDB,595.63M,-,-,-,-,3.33,3.17,0.20,0.25,-,-,-,Aug 03/b,24.51,4.97%,"52,413"
CCMDT,-,2.38%,-,-,-,-,-,-,-,-,-,-,-,35.34,-0.34%,"85,077"
CCMDY,-,9.63%,-,-,-,-,-,-,-,-,-,-,-,65.29,-1.31%,"94,658"
CCME,99.08B,4.18%,2.29%,15.80%,14.13%,1.02,1.02,0.14,0.15,82.65%,65.10%,63.11%,Jul 22/b,275.54,0.54%,"1,050,566"
CCMF,-,3.05%,-,-,-,-,-,-,-,-,-,-,-,55.34,0.45%,"2,615,394"
CCMG,45.81B,-,15.66%,49.56%,19.44%,0.72,0.68,2.32,2.46,21.09%,15.41%,11.42%,Jul 29/a,36.20,0.19%,"7,696,871"
CCMI,76.64B,1.58%,7.77%,22.04%,13.55%,1.73,1.13,0.56,0.64,25.13%,11.44%,7.82%,Aug 04/b,556.75,1.22%,"705,463"
CCMMB,18.70M,-,-71.19%,-82.74%,-87.57%,6.41,6.41,0.00,0.00,-,-,-,Aug 19/b,2.58,-0.77%,"101,350"
CCMND,3.25M,-,-71.81%,-106.98%,-57.44%,4.31,4.31,0.01,0.14,-,-,-,-,0.97,-1.52%,"288,314"
CCMP,1.04B,-,1.24%,6.97%,1.76%,2.01,0.98,2.86,2.94,16.76%,8.48%,1.39%,Aug 05/a,24.80,-1.08%,"424,118"
CCMPR,2.06B,-,4.60%,-,7.71%,0.73,0.55,-,-,45.92%,6.89%,2.57%,Jul 29/a,84.77,0.83%,"151,275"
CCMPS,1.99B,-,-102.08%,-329.72%,-296.74%,1.30,1.30,0.62,0.65,-,-,-,Aug 05/b,14.35,0.91%,"2,015,599"
CCMPX,360.18M,-,-47.87%,-56.66%,-42.20%,11.22,11.22,0.05,0.06,-,-,-,Aug 06/b,2.00,-2.44%,"4,828,614"
CCMRC,290.42M,-,-1.84%,-12.78%,-2.75%,1.98,1.98,3.07,3.19,75.27%,2.85%,-1.67%,Aug 06/b,3.51,13.80%,"2,352,685"
CCMRE,1.85B,3.08%,8.75%,16.26%,9.70%,1.61,1.57,0.57,0.68,52.47%,46.09%,38.72%,Jul 27/b,15.28,1.13%,"331,750"
CCMS,21.06B,3.40%,2.61%,11.29%,3.64%,0.94,0.67,1.89,1.97,25.00%,18.95%,11.53%,Jul 28/b,67.15,-0.78%,"2,792,230"
CCMT,210.16M,-,4.13%,6.24%,5.09%,2.41,1.95,0.08,0.10,16.41%,1.77%,3.78%,Aug 04/b,23.75,0.30%,"28,373"
CCMTG,213.04M,-,-11.15%,-35.96%,-22.69%,2.01,2.01,0.92,2.07,26.24%,-278.25%,-302.09%,Jul 29/a,1.51,-1.95%,"1,311,912"
CCMTL,45.24M,-,-3.47%,-9.13%,-4.97%,1.61,1.19,0.92,0.96,28.62%,0.70%,-14.48%,Jun 15/b,1.51,3.42%,"358,422"
CCMTV,226.78M,2.47%,1.58%,16.23%,13.68%,0.05,-,0.11,0.49,-,29.17%,26.25%,-,40.49,-0.05%,"58,861"
CCNA,12.90B,8.22%,1.97%,11.32%,8.74%,0.39,-,0.27,0.27,-,11.23%,8.16%,Aug 03/b,47.67,0.40%,"453,917"
CCNAV,-,-,-,-,-,-,-,-,-,-,-,-,-,39.37,1.35%,"2,230"
CCNBS,-,-,-,-,-,-,-,-,-,-,-,-,-,27.79,-1.27%,"16,379"
CCNC,32.81B,-,-6.02%,-20.41%,-13.22%,1.15,-,0.71,0.71,-,0.83%,-2.51%,Jul 28/b,66.42,1.56%,"3,631,129"
CCNCK,368.25M,-,-,-,-,1.21,1.21,0.10,0.10,-,-,-,Aug 06/b,1.92,-1.54%,"20,625"
CCNDT,244.17M,-,-7.65%,-22.81%,-15.75%,1.55,1.55,1.17,1.26,11.90%,-1.22%,-8.53%,Aug 10/b,1.57,-0.63%,"1,034,206"
CCNEQ,-,-,-,-,-,-,-,-,-,-,-,-,-,39.77,0.35%,"130,410"
CCNET,4.50M,-,-8.70%,-21.65%,-19.46%,1.45,1.45,0.03,0.04,1.68%,-28.82%,-23.95%,-,1.23,-4.09%,"1,210"
CCNEY,4.43M,-,-10.83%,-11.20%,-10.93%,13.90,8.60,0.00,0.03,3.05%,-7.64%,-31.32%,-,0.54,-0.28%,"95,040"
CCNF,13.38M,-,-7.67%,-23.01%,-22.41%,0.09,0.09,0.13,0.95,98.76%,-197.73%,-269.47%,Aug 28/a,1.95,-2.26%,564
CCNH,16.81B,1.07%,0.72%,4.02%,0.91%,7.29,6.06,3.39,3.39,30.13%,13.32%,1.71%,Aug 03/b,13.58,0.59%,"16,282,640"
CCNI,73.98B,2.15%,8.24%,22.16%,11.15%,0.87,0.61,1.01,1.03,44.42%,37.54%,26.92%,Jul 24/b,122.25,0.90%,"1,396,487"
CCNK,4.07B,0.88%,4.53%,45.43%,6.64%,0.84,0.81,5.51,5.99,20.77%,13.44%,6.37%,Jul 30/b,35.08,-0.20%,"1,417,194"
CCNL,1.22B,-,-44.61%,-60.81%,-39.55%,3.99,3.99,0.24,0.35,-,-,-,Aug 12/b,14.07,-3.92%,"265,300"
CCNM,7.74B,-,7.05%,23.44%,9.80%,2.47,1.51,1.31,1.35,24.69%,9.68%,5.96%,Sep 09/b,40.62,-0.56%,"3,841,286"
CCNMD,1.39B,0.43%,2.44%,5.53%,3.33%,1.48,0.69,0.63,0.80,53.68%,10.95%,4.11%,Jul 29/a,46.30,0.17%,"237,588"
CCNNE,668.40M,3.89%,-9.55%,-12.43%,-12.79%,1.24,1.24,0.19,0.21,12.82%,-17.28%,-35.58%,Aug 10/a,15.41,1.52%,"403,434"
CCNO,5.08B,1.29%,0.80%,10.93%,3.91%,-,-,1.76,1.76,-,14.45%,6.00%,Jul 30/a,54.94,-0.16%,"1,531,719"
CCNOB,1.60B,2.44%,1.13%,10.22%,8.57%,0.04,-,0.14,0.58,-,28.79%,19.41%,Jul 23/b,31.80,0.66%,"307,167"
CCNP,25.76B,2.36%,2.42%,9.82%,3.23%,1.12,0.97,1.95,2.14,29.37%,23.24%,11.61%,Jul 28/b,39.11,-0.03%,"5,532,593"
CCNQ,103.22B,3.57%,12.98%,26.80%,18.67%,1.00,0.75,0.38,0.43,29.37%,26.63%,26.21%,Aug 06/b,50.07,-1.44%,"8,173,372"
CCNQQ,-,0.41%,-,-,-,-,-,-,-,-,-,-,-,22.24,0.65%,659
CCNR,4.84B,0.41%,1.62%,2.67%,2.43%,1.83,1.32,0.11,0.12,2.27%,-1.32%,2.34%,Aug 06/b,97.47,-1.07%,"417,067"
CCNRG,-,1.37%,-,-,-,-,-,-,-,-,-,-,-,88.89,0.55%,"1,084"
CCNS,3.85B,3.58%,20.38%,30.11%,23.25%,5.22,5.22,0.23,0.23,86.06%,33.56%,27.45%,Jul 16/a,74.95,-2.23%,"360,828"
CCNSP,8.53M,-,-91.64%,-106.62%,-91.75%,5.85,5.85,0.00,0.00,-,-,-,Aug 13/b,5.84,1.57%,"18,543"
CCNSY,17.65M,-,-214.01%,-614.05%,-477.54%,1.35,1.35,0.00,0.01,89.58%,-628.12%,-620.70%,Aug 14/a,2.33,-2.72%,"79,988"
CCNTB,128.46M,-,-109.34%,-140.51%,-254.92%,2.37,2.37,0.01,0.02,-,-2384.49%,-2336.30%,Aug 12/a,2.04,-0.97%,"878,040"
CCNTN,168.13M,-,-34.14%,-42.53%,-21.57%,15.70,15.70,0.00,0.00,0.00%,-3595.17%,-6559.27%,-,2.11,-1.86%,"758,871"
CCNTX,32.19M,-,-68.96%,-76.14%,-120.15%,5.79,5.79,0.00,0.01,-,-,-,Aug 05/a,0.35,-4.37%,"829,842"
CCNTY,32.36M,-,-4.89%,-,-6.00%,1.19,1.15,-,-,34.74%,9.94%,-9.62%,Aug 07/b,1.15,-0.86%,"23,375"
CCNVS,52.53M,-,-11.15%,-28.43%,-20.33%,0.75,0.75,0.35,0.65,37.20%,-14.35%,-13.28%,Aug 13/a,2.21,-0.90%,"110,693"
CCNX,5.31B,-,10.48%,21.25%,13.24%,0.72,0.67,0.48,0.49,48.44%,39.77%,42.85%,Jul 30/b,35.91,-2.07%,"1,439,811"
CCNXC,1.72B,5.10%,-11.50%,-37.73%,-18.03%,1.18,1.18,1.70,2.04,27.97%,7.37%,-13.17%,Sep 29/a,28.24,4.59%,"985,743"
CCNXN,2.16B,0.87%,7.11%,10.43%,9.99%,2.88,2.42,0.01,0.01,18.51%,4.12%,3.21%,Jul 29/a,85.76,3.84%,"146,721"
CCNXT,-,0.17%,-,-,-,-,-,-,-,-,-,-,-,47.54,0.77%,"82,000"
CCNXU,119.34M,-,-,-,-,7.89,7.89,0.00,0.00,-,-,-,Jul 01,4.46,4.94%,"114,214"
CCNYA,-,1.86%,-,-,-,-,-,-,-,-,-,-,-,34.84,-0.29%,"17,287"
CCOAG,1.84B,-,-,-,-,35.85,35.85,0.00,0.00,-,-,-,Aug 11/b,39.40,-1.20%,"408,085"
CCOAL,-,2.22%,-,-,-,-,-,-,-,-,-,-,-,27.00,-2.23%,"67,229"
CCOCH,57.29M,-,-138.27%,-,-587.82%,1.73,1.61,0.21,0.25,-385.51%,-11411.11%,-13747.34%,Aug 10/b,0.74,4.25%,"109,759"
CCOCO,2.99B,-,22.02%,31.37%,26.48%,3.36,2.83,0.03,0.04,40.90%,19.10%,15.50%,Jul 23/b,52.01,1.78%,"2,032,699"
CCOCP,23.89M,-,-151.10%,-311.68%,-488.83%,1.24,1.24,0.95,1.29,37.27%,-3063.64%,-3011.52%,Aug 17,1.24,0.81%,"58,539"
CCODA,113.03M,-,7.72%,8.42%,7.99%,10.15,7.47,0.01,0.01,61.74%,20.00%,17.66%,Sep 14/b,10.02,2.04%,"185,640"
CCODI,828.35M,4.54%,-3.39%,-18.99%,-4.78%,2.26,1.10,3.52,3.70,39.45%,4.61%,-8.72%,Aug 10/a,11.01,0.46%,"466,116"
CCODX,8.00M,-,-149.25%,-174.77%,-342.80%,1.81,1.52,0.08,0.14,-170.74%,-5857.07%,-9100.00%,Aug 13/a,1.12,1.82%,"280,419"
CCOE,45.41M,-,-30.02%,-,-,0.62,0.62,-,-,73.39%,-12.43%,-15.28%,Sep 15/b,10.61,0.09%,"69,085"
CCOF,127.79B,1.55%,0.47%,3.17%,1.94%,2.72,-,0.45,0.46,-,4.34%,3.85%,Jul 21/a,208.30,0.57%,"2,539,528"
CCOFS,509.24M,3.43%,1.25%,11.97%,9.93%,0.08,-,0.14,0.71,-,27.85%,22.80%,Jul 24/b,34.05,0.35%,"59,406"
CCOGT,5.80B,-,-68.00%,-109.74%,-48.66%,13.57,13.57,0.46,0.46,-,-,-,Aug 10/b,33.41,-1.97%,"1,715,802"
CCOHC,-,-,-,-,-,-,-,-,-,-,-,-,-,16.51,7.14%,"2,909"
CCOHH,-,-,-,-,-,-,-,-,-,-,-,-,-,6.53,7.85%,"806,050"
CCOHN,34.91M,9.02%,1.84%,33.31%,16.62%,1.06,1.06,0.69,7.74,95.38%,22.35%,4.16%,Aug 03/b,10.81,-1.01%,"95,395"
CCOHQ,-,-,-,-,-,-,-,-,-,-,-,-,-,29.42,-7.73%,"35,317"
CCOHR,59.80B,0.01%,4.85%,8.46%,5.60%,2.43,1.52,0.32,0.33,38.38%,13.79%,10.82%,Aug 12/a,305.37,4.16%,"7,308,605"
CCOHU,2.70B,-,-3.42%,-4.84%,-3.56%,5.74,4.72,0.41,0.43,37.81%,-6.38%,-7.43%,Jul 30/a,57.08,4.29%,"614,567"
CCOHX,-,-,-,-,-,-,-,-,-,-,-,-,-,26.28,7.84%,"1,405,710"
CCOIA,-,5.82%,-,-,-,-,-,-,-,-,-,-,-,8.09,3.19%,"98,345"
CCOIG,-,-,-,-,-,-,-,-,-,-,-,-,-,5.20,3.12%,"143,316"
CCOIN,46.24B,-,-3.96%,-7.85%,-5.14%,2.42,2.42,0.47,0.51,60.31%,-37.56%,-20.60%,Jul 30/a,175.26,1.73%,"7,821,479"
CCOIW,-,139.48%,-,-,-,-,-,-,-,-,-,-,-,8.60,1.90%,"236,159"
CCOIX,-,-,-,-,-,-,-,-,-,-,-,-,-,33.04,2.92%,132
CCOKE,12.82B,0.52%,11.03%,97.33%,27.51%,1.21,0.92,-,-,37.65%,13.02%,7.15%,Aug 05/a,192.61,2.02%,"703,368"
CCOLA,47.69M,-,1.84%,1.85%,3.10%,0.16,0.16,0.00,0.01,-,-,-,-,10.61,27.83%,"91,706"
CCOLB,8.52B,4.92%,1.21%,11.01%,8.89%,0.04,-,0.06,0.65,-,30.62%,19.94%,Jul 23/a,30.11,0.23%,"2,587,002"
CCOLD,4.17B,6.27%,-5.74%,-16.50%,-7.12%,0.36,0.36,1.65,1.91,17.12%,6.42%,-17.44%,Aug 06/b,14.62,3.54%,"5,894,693"
CCOLL,740.64M,-,2.57%,17.61%,3.25%,1.03,0.84,3.72,3.90,60.02%,20.12%,5.93%,Aug 06/b,22.75,-0.74%,"661,300"
CCOLM,2.91B,2.06%,7.24%,12.66%,10.41%,2.49,1.32,0.24,0.29,52.02%,7.64%,6.05%,Jul 30/a,56.92,0.89%,"529,424"
CCOLO,-,3.88%,-,-,-,-,-,-,-,-,-,-,-,51.38,-0.52%,"65,722"
CCOM,-,2.39%,-,-,-,-,-,-,-,-,-,-,-,35.50,-1.13%,"75,718"
CCOMB,-,6.68%,-,-,-,-,-,-,-,-,-,-,-,28.58,-1.23%,"50,151"
CCOMD,-,-,-,-,-,-,-,-,-,-,-,-,-,30.60,-1.13%,51
CCOMP,8.07B,-,1.35%,3.61%,0.99%,1.06,1.06,1.25,1.38,9.43%,-0.17%,0.63%,Aug 04/a,10.51,3.75%,"11,317,299"
CCOMT,-,5.13%,-,-,-,-,-,-,-,-,-,-,-,37.53,-1.44%,"272,165"
CCON,4.46B,0.37%,6.71%,47.89%,7.79%,1.38,1.38,4.28,4.49,25.83%,16.71%,8.53%,Aug 06/a,34.95,2.07%,"655,274"
CCONI,-,1.92%,-,-,-,-,-,-,-,-,-,-,-,31.16,-3.18%,"189,338"
CCONL,-,-,-,-,-,-,-,-,-,-,-,-,-,5.32,3.50%,"19,185,039"
CCONX,-,2.71%,-,-,-,-,-,-,-,-,-,-,-,6.47,3.16%,"82,728"
CCONY,-,123.97%,-,-,-,-,-,-,-,-,-,-,-,19.46,1.57%,"403,833"
CCOO,10.25B,-,4.55%,6.84%,5.57%,1.22,0.73,0.23,0.31,61.39%,19.26%,13.46%,Sep 09/a,53.91,-0.48%,"6,439,686"
CCOOK,137.67M,-,-15.70%,-51.03%,-19.11%,3.49,2.29,2.52,2.54,32.59%,-0.01%,-23.23%,Aug 05/a,49.20,1.07%,"30,667"
CCOOL,-,-,-,-,-,-,-,-,-,-,-,-,-,20.84,2.55%,357
CCOOT,22.36M,-,-,-,-17.21%,0.59,0.35,1.63,4.11,8.06%,-0.27%,-3.13%,-,0.48,3.08%,"51,159"
CCOP,165.00B,2.46%,7.50%,14.13%,10.49%,1.54,1.39,0.35,0.36,27.18%,22.14%,14.66%,Aug 06/b,137.35,0.23%,"5,524,353"
CCOPA,-,3.35%,-,-,-,-,-,-,-,-,-,-,-,54.94,-0.37%,"1,127"
CCOPJ,-,10.01%,-,-,-,-,-,-,-,-,-,-,-,45.44,0.95%,"53,876"
CCOPL,191.59M,-,3.42%,3.53%,3.47%,0.23,0.23,0.00,0.00,-,-,-,-,10.54,0.00%,30
CCOPP,-,1.92%,-,-,-,-,-,-,-,-,-,-,-,42.88,0.19%,"102,652"
CCOPR,64.79M,-,-71.59%,-187.52%,-45.75%,5.49,5.49,0.03,0.12,-,-,-,Jul 01,3.45,-1.43%,"132,163"
CCOPX,-,2.18%,-,-,-,-,-,-,-,-,-,-,-,88.53,-0.09%,"3,052,627"
CCOPY,-,0.78%,-,-,-,-,-,-,-,-,-,-,-,15.71,0.77%,"91,309"
CCOPZ,-,-,-,-,-,-,-,-,-,-,-,-,-,16.92,-0.43%,"49,979"
CCOR,61.36B,0.74%,3.33%,104.34%,18.11%,0.93,0.58,3.75,3.84,3.62%,1.32%,0.79%,Aug 05/b,321.57,0.19%,"844,059"
CCORB,-,3.50%,-,-,-,-,-,-,-,-,-,-,-,28.54,-0.11%,"32,307"
CCORD,-,-,-,-,-,-,-,-,-,-,-,-,-,2.93,0.69%,"9,103,940"
CCORN,-,-,-,-,-,-,-,-,-,-,-,-,-,19.92,-0.45%,"871,494"
CCORO,-,2.12%,-,-,-,-,-,-,-,-,-,-,-,37.09,1.20%,"864,730"
CCORP,-,5.05%,-,-,-,-,-,-,-,-,-,-,-,93.48,-0.12%,"48,740"
CCORT,12.19B,-,6.41%,8.08%,7.60%,2.83,2.74,0.01,0.01,98.30%,0.77%,6.52%,Jul 29/a,112.79,-1.85%,"1,282,453"
CCORZ,5.76B,-,-38.77%,-,-69.78%,0.89,0.89,-,-,28.09%,-30.62%,-312.93%,Jul 28/b,17.94,3.28%,"8,983,898"
CCOSM,25.52M,-,-39.56%,-104.00%,-101.02%,1.05,0.92,0.17,0.80,8.39%,-24.65%,-33.08%,Aug 19/b,0.25,0.16%,"2,540,733"
CCOSO,328.51M,0.73%,1.19%,11.50%,10.00%,0.03,-,0.02,0.30,-,24.64%,19.59%,Jul 20/a,27.48,-0.33%,"109,285"
CCOST,401.25B,0.57%,10.92%,29.15%,21.22%,1.07,0.61,0.24,0.25,12.88%,3.82%,3.01%,Sep 24/a,904.77,0.26%,"1,773,175"
CCOSW,-,27.41%,-,-,-,-,-,-,-,-,-,-,-,36.73,0.32%,"1,335"
CCOTG,-,-,-,-,-,-,-,-,-,-,-,-,-,11.55,0.41%,"167,732"
CCOTY,2.38B,-,-5.47%,-18.52%,-9.53%,0.75,0.42,1.12,1.15,58.54%,5.47%,-10.64%,Aug 19/a,2.70,2.66%,"3,108,504"
CCOUR,1.38B,-,-9.31%,-15.20%,-11.68%,1.56,1.56,0.00,0.00,55.88%,-6.23%,-15.39%,Jul 29/a,5.22,-0.19%,"3,920,909"
CCOWG,-,0.76%,-,-,-,-,-,-,-,-,-,-,-,38.96,0.36%,"154,698"
CCOWS,-,1.44%,-,-,-,-,-,-,-,-,-,-,-,38.65,0.63%,"7,277"
CCOWZ,-,1.94%,-,-,-,-,-,-,-,-,-,-,-,69.94,1.01%,"793,722"
CCOYA,102.75M,-,-53.66%,-60.54%,-50.07%,13.40,13.40,0.00,0.00,99.76%,-260.00%,-270.22%,Aug 11/b,4.38,-3.10%,"139,351"
CCOYY,-,297.62%,-,-,-,-,-,-,-,-,-,-,-,15.62,-1.33%,"21,164"
CCOZX,-,-,-,-,-,-,-,-,-,-,-,-,-,8.91,5.41%,"54,006"
CCP,78.44B,0.79%,4.46%,8.38%,5.76%,0.59,0.50,0.48,0.54,39.71%,37.13%,25.02%,Jul 29/a,89.23,0.44%,"2,446,703"
CCPA,5.31B,5.45%,9.54%,23.07%,12.13%,1.06,0.97,0.80,0.89,27.93%,19.36%,15.71%,Aug 05/a,129.15,0.46%,"440,896"
CCPAC,1.06B,5.78%,6.53%,16.10%,9.72%,1.22,0.50,0.60,1.03,38.99%,23.00%,9.42%,Jul 20/b,12.54,-0.24%,"19,666"
CCPAG,-,-,-,-,-,-,-,-,-,-,-,-,-,100.31,-0.10%,383
CCPAI,-,0.68%,-,-,-,-,-,-,-,-,-,-,-,52.36,1.93%,"127,515"
CCPAY,26.80B,-,4.67%,30.39%,11.77%,0.97,0.97,1.72,3.00,73.16%,45.75%,22.61%,Aug 05/a,408.22,-0.06%,"400,646"
CCPB,6.26B,5.23%,2.61%,10.27%,3.98%,0.82,0.33,1.60,1.85,30.95%,9.56%,4.08%,Sep 03/b,21.00,0.29%,"8,316,246"
CCPBI,89.29M,-,0.85%,5.15%,4.99%,0.10,-,0.00,0.00,-,17.85%,14.33%,-,21.40,1.57%,"2,440"
CCPER,-,-,-,-,-,-,-,-,-,-,-,-,-,39.18,0.36%,"340,600"
CCPF,974.03M,3.11%,1.12%,14.25%,12.00%,0.12,-,0.16,0.17,-,27.91%,22.63%,Jul 24/b,37.83,0.21%,"146,268"
CCPHC,82.10M,1.77%,0.10%,0.14%,0.14%,2.24,2.21,0.00,0.00,28.72%,4.50%,0.20%,Aug 11/a,15.84,-0.94%,"1,178"
CCPHI,32.71M,-,-15.21%,-20.81%,-12.28%,0.26,0.08,0.00,0.11,-47.35%,-111.84%,-114.33%,-,0.76,-0.35%,"64,322"
CCPHY,-,-,-,-,-,-,-,-,-,-,-,-,-,51.40,0.01%,24
CCPII,-,5.03%,-,-,-,-,-,-,-,-,-,-,-,19.09,-0.24%,413
CCPIX,95.74M,-,-14.91%,-42.92%,-50.43%,0.96,0.96,0.24,0.27,86.22%,-29.58%,-34.92%,Aug 04/a,6.39,-1.39%,"16,645"
CCPK,3.13B,2.93%,3.80%,9.47%,5.01%,0.32,0.27,0.79,1.01,31.09%,27.31%,15.11%,Aug 06/a,129.82,0.18%,"178,017"
CCPLB,-,6.03%,-,-,-,-,-,-,-,-,-,-,-,20.42,-0.03%,"22,380"
CCPLS,-,4.78%,-,-,-,-,-,-,-,-,-,-,-,34.04,-0.12%,"52,242"
CCPNG,27.18B,-,-4.35%,-19.99%,-12.63%,0.87,0.68,1.03,1.89,28.35%,-1.77%,-2.16%,Aug 04/a,15.12,3.07%,"10,334,903"
CCPNJ,-,-,-,-,-,-,-,-,-,-,-,-,-,27.59,0.03%,"5,552"
CCPNM,-,-,-,-,-,-,-,-,-,-,-,-,-,27.05,0.12%,13
CCPNQ,-,-,-,-,-,-,-,-,-,-,-,-,-,27.73,0.16%,60
CCPNS,-,-,-,-,-,-,-,-,-,-,-,-,-,28.33,0.01%,"1,252"
CCPNX,-,-,-,-,-,-,-,-,-,-,-,-,-,11.39,5.00%,"2,334"
CCPOP,3.00M,-,-9.87%,-21.15%,-15.49%,2.00,2.00,0.02,0.13,3.31%,-0.24%,-6.84%,-,0.24,-3.71%,"525,550"
CCPRA,-,-,-,-,-,-,-,-,-,-,-,-,-,27.87,0.09%,11
CCPRI,1.58B,-,2.12%,152.07%,8.38%,1.19,0.54,8.34,10.09,59.34%,2.35%,3.13%,Aug 05/b,13.89,7.84%,"6,895,320"
CCPRJ,-,-,-,-,-,-,-,-,-,-,-,-,-,27.58,0.07%,"42,707"
CCPRO,-,-,-,-,-,-,-,-,-,-,-,-,-,28.52,0.07%,510
CCPRT,27.73B,-,14.76%,16.24%,16.19%,7.74,7.66,0.01,0.01,44.06%,35.42%,31.81%,Sep 10/a,29.95,-2.60%,"21,860,312"
CCPRY,-,-,-,-,-,-,-,-,-,-,-,-,-,28.24,0.11%,"4,476"
CCPS,428.24M,-,-3.06%,-,-5.40%,1.36,1.08,-,-,10.96%,3.14%,-2.03%,Aug 05/a,24.10,1.69%,"340,730"
CCPSA,-,-,-,-,-,-,-,-,-,-,-,-,-,28.08,0.18%,588
CCPSD,-,-,-,-,-,-,-,-,-,-,-,-,-,27.06,0.09%,52
CCPSF,-,-,-,-,-,-,-,-,-,-,-,-,-,26.54,0.11%,612
CCPSH,79.10M,-,-0.12%,-0.15%,-0.11%,7.14,5.28,0.00,0.01,14.09%,-1.87%,-0.11%,Aug 04/a,4.08,3.55%,"128,156"
CCPSJ,-,-,-,-,-,-,-,-,-,-,-,-,-,27.95,0.14%,245
CCPSL,-,-,-,-,-,-,-,-,-,-,-,-,-,28.28,0.14%,"33,598"
CCPSM,-,-,-,-,-,-,-,-,-,-,-,-,-,29.55,0.14%,111
CCPSN,-,-,-,-,-,-,-,-,-,-,-,-,-,28.12,0.16%,"2,641"
CCPSO,-,-,-,-,-,-,-,-,-,-,-,-,-,28.25,0.05%,128
CCPSP,-,-,-,-,-,-,-,-,-,-,-,-,-,27.19,0.09%,66
CCPSR,-,-,-,-,-,-,-,-,-,-,-,-,-,26.14,0.11%,"7,211"
CCPSS,203.26M,-,0.53%,6.94%,0.50%,2.37,2.37,12.61,12.62,99.81%,60.69%,4.79%,Aug 04/a,9.43,0.64%,"25,402"
CCPST,-,-,-,-,-,-,-,-,-,-,-,-,-,28.06,0.18%,"8,927"
CCPSU,-,-,-,-,-,-,-,-,-,-,-,-,-,27.88,0.25%,18
CCPSY,-,-,-,-,-,-,-,-,-,-,-,-,-,26.03,0.21%,209
CCPT,13.93B,4.12%,3.50%,7.76%,4.70%,0.31,0.31,0.82,1.28,22.55%,17.71%,20.60%,Jul 30/a,103.01,0.50%,"987,618"
CCPTL,-,2.35%,-,-,-,-,-,-,-,-,-,-,-,48.47,1.00%,"5,308"
CCPXR,-,0.60%,-,-,-,-,-,-,-,-,-,-,-,30.93,0.97%,"7,503"
CCPZ,256.30M,12.87%,-,-,-,-,-,-,-,-,-,-,-,13.06,0.15%,"51,407"
CCQP,32.79B,4.89%,15.54%,91.32%,14.92%,1.22,1.09,3.88,3.91,32.47%,31.50%,23.39%,Aug 06/b,67.74,-1.54%,"74,234"
CCQQQ,-,2.43%,-,-,-,-,-,-,-,-,-,-,-,46.33,0.65%,"814,632"
CCQTM,-,-,-,-,-,-,-,-,-,-,-,-,-,22.82,0.80%,"12,096"
CCR,11.67B,0.50%,10.27%,16.54%,10.29%,2.80,1.84,0.50,0.51,41.74%,17.93%,12.97%,Jul 28/a,201.82,2.17%,"315,634"
CCRAC,228.16M,-,2.51%,2.56%,1.28%,0.03,0.03,0.00,0.00,-,-,-,-,10.20,0.00%,99
CCRAI,1.02B,1.41%,7.67%,26.01%,19.81%,0.82,0.82,0.37,1.67,27.26%,9.99%,6.20%,Aug 06/b,161.88,-0.97%,"126,716"
CCRAK,-,1.15%,-,-,-,-,-,-,-,-,-,-,-,65.65,0.06%,"635,311"
CCRAM,-,-,-,-,-,-,-,-,-,-,-,-,-,24.45,-2.32%,636
CCRAN,366.57M,-,3.43%,3.58%,1.79%,15.82,15.82,0.00,0.00,-,-,-,-,10.15,0.00%,12
CCRAQ,325.32M,-,3.44%,3.59%,3.52%,2.40,2.40,0.00,0.00,-,-,-,-,10.37,-0.19%,102
CCRBG,15.45B,2.90%,0.24%,7.90%,4.21%,0.48,-,1.02,1.02,-,8.49%,4.70%,Aug 04/a,34.67,1.43%,"3,785,084"
CCRBN,-,1.98%,-,-,-,-,-,-,-,-,-,-,-,257.96,1.15%,"28,905"
CCRBP,157.05M,-,-80.85%,-95.58%,-96.59%,5.71,5.71,0.03,0.04,-,-,-,Aug 06/b,8.12,-1.46%,"2,347,297"
CCRBU,136.15M,-,-56.87%,-78.27%,-83.81%,6.49,6.49,0.26,0.27,74.22%,-1090.90%,-1030.42%,Aug 13/a,1.27,-7.30%,"2,433,878"
CCRC,5.04B,2.91%,-1.75%,-3.55%,-2.55%,0.66,0.56,0.39,0.40,39.73%,21.58%,-3.24%,Aug 10/b,56.75,0.89%,"935,586"
CCRCA,-,3.92%,-,-,-,-,-,-,-,-,-,-,-,22.35,0.13%,"1,157,888"
CCRCD,-,-,-,-,-,-,-,-,-,-,-,-,-,2.10,-0.95%,"6,350,716"
CCRCG,-,-,-,-,-,-,-,-,-,-,-,-,-,15.15,0.66%,"2,917,371"
CCRCL,23.00B,-,0.64%,15.35%,12.82%,1.03,1.03,0.00,0.00,18.38%,8.25%,15.53%,Aug 05/b,90.60,0.31%,"10,404,779"
CCRCO,-,144.71%,-,-,-,-,-,-,-,-,-,-,-,14.62,0.41%,"67,616"
CCRCT,1.18B,3.56%,13.41%,25.90%,23.36%,2.49,1.96,0.02,0.03,57.94%,15.50%,12.71%,Aug 04/a,5.62,2.93%,"646,144"
CCRD,-,-,-,-,-,-,-,-,-,-,-,-,-,9.41,2.09%,"18,402"
CCRD-A,581.28M,2.48%,3.02%,12.95%,6.16%,1.19,1.19,1.05,1.45,27.30%,5.96%,1.80%,Aug 03/a,12.48,0.08%,"50,824"
CCRD-B,581.28M,2.62%,3.02%,12.95%,6.16%,1.19,1.19,1.05,1.45,27.30%,5.96%,1.80%,Aug 03/a,11.81,1.46%,"15,282"
CCRDD,-,0.80%,-,-,-,-,-,-,-,-,-,-,-,15.78,-1.37%,"1,925"
CCRDF,94.13M,-,-70.84%,-94.08%,-150.95%,3.30,3.30,0.00,0.02,-75.20%,-8320.08%,-7888.98%,Aug 11/a,1.21,0.00%,"493,354"
CCRDL,233.06M,-,-139.86%,-192.95%,-145.37%,5.55,5.55,0.00,0.00,-,-,-,Aug 13/b,2.00,0.76%,"1,243,440"
CCRDO,30.63B,-,27.48%,30.67%,19.58%,7.40,5.82,0.01,0.01,66.31%,32.32%,33.83%,Sep 01/a,162.95,1.65%,"5,889,836"
CCRDT,-,5.56%,-,-,-,-,-,-,-,-,-,-,-,22.38,-0.02%,942
CCRDU,-,-,-,-,-,-,-,-,-,-,-,-,-,6.57,2.82%,"3,967,751"
CCRDX,-,0.61%,-,-,-,-,-,-,-,-,-,-,-,10.04,-3.10%,"68,799"
CCRE,5.56M,-,6.09%,17.19%,8.51%,1.57,1.57,0.20,0.56,40.90%,4.48%,4.03%,-,2.76,-3.16%,"16,120"
CCRESY,861.09M,-,2.61%,13.32%,5.86%,1.46,1.13,1.08,1.50,36.97%,16.31%,12.93%,-,12.14,-3.73%,"151,791"
CCREX,38.28M,-,-20.51%,-54.96%,-20.42%,0.90,0.75,1.18,1.42,41.67%,-13.90%,-30.71%,Aug 13/b,2.83,-2.41%,"8,648"
CCRF,1.08B,22.17%,-,-,-,-,-,-,-,-,-,-,-,6.37,0.79%,"1,500,184"
CCRGO,61.50M,-,-26.42%,-39.43%,-44.08%,1.88,1.85,0.04,0.06,66.89%,-60.97%,-56.24%,Aug 17/b,1.19,-0.83%,"45,248"
CCRGY,4.84B,3.27%,0.50%,1.14%,0.53%,0.94,0.94,1.00,1.00,31.59%,24.67%,1.27%,Aug 03/a,14.66,1.73%,"5,396,776"
CCRH,58.91B,1.77%,6.78%,16.45%,9.31%,1.58,1.07,0.70,0.82,36.25%,14.05%,9.87%,Jul 30/b,88.55,1.02%,"4,312,401"
CCRI,1.12B,3.30%,7.32%,20.18%,9.13%,2.47,1.50,1.02,1.15,48.60%,8.92%,6.37%,Jul 31/b,30.43,0.79%,"2,323,112"
CCRIB,-,-,-,-,-,-,-,-,-,-,-,-,-,24.46,0.48%,597
CCRIS,2.36M,-,-87.76%,-693.93%,-450.54%,0.49,0.49,0.00,0.22,97.71%,-833.40%,-490.33%,Jul 30,1.13,-2.59%,"131,297"
CCRK,4.34B,-,7.10%,20.92%,8.83%,0.48,0.48,1.21,1.23,22.50%,19.28%,26.77%,Jul 29/a,14.78,-2.70%,"2,200,490"
CCRL,13.28B,-,-3.16%,-7.70%,-4.06%,1.35,1.04,1.07,1.07,32.63%,13.51%,-5.96%,Aug 05/b,278.26,1.93%,"767,684"
CCRM,203.87B,0.45%,9.33%,19.38%,12.07%,0.76,0.76,1.09,1.10,74.69%,21.52%,21.99%,Aug 26/a,247.72,1.94%,"9,741,023"
CCRMD,609.91M,-,32.36%,54.93%,30.89%,2.56,2.36,0.31,0.31,82.78%,46.95%,40.49%,Aug 13/b,7.82,-1.70%,"820,993"
CCRMG,-,-,-,-,-,-,-,-,-,-,-,-,-,9.26,3.70%,"1,050,062"
CCRML,944.49M,-,-74.13%,-138.75%,-106.55%,0.75,0.75,0.00,0.02,-,-,-,Sep 02,6.43,-4.32%,"5,447,034"
CCRMT,15.84M,-,-14.05%,-41.98%,-18.99%,8.32,8.05,1.76,1.78,47.77%,-7.10%,-18.22%,Sep 09/b,1.90,19.50%,"2,981,313"
CCRMU,-,-,-,-,-,-,-,-,-,-,-,-,-,1.78,-10.96%,"616,053"
CCRMX,-,-,-,-,-,-,-,-,-,-,-,-,-,4.23,-8.84%,"192,361"
CCRNC,384.91M,-,-2.45%,-9.56%,-4.41%,2.04,2.03,1.10,1.12,78.69%,11.90%,-4.97%,Aug 06/a,8.51,4.55%,"1,374,802"
CCRNT,188.15M,-,-1.02%,-1.91%,-1.77%,1.85,1.35,0.07,0.17,33.48%,2.80%,-0.95%,Aug 11/b,2.07,1.97%,"255,412"
CCROB,-,-,-,-,-,-,-,-,-,-,-,-,-,21.43,-2.21%,"2,664"
CCRON,1.16B,-,5.94%,6.51%,6.54%,16.18,15.25,0.00,0.00,44.99%,-2.19%,39.08%,Aug 06/b,3.14,-0.63%,"710,828"
CCROX,5.39B,-,13.48%,42.30%,19.89%,1.49,0.96,1.15,1.22,57.47%,20.81%,14.63%,Jul 30/b,112.48,3.35%,"824,356"
CCRPT,-,0.76%,-,-,-,-,-,-,-,-,-,-,-,14.91,2.69%,"113,424"
CCRS,21.96B,0.19%,14.46%,25.74%,17.97%,3.81,2.23,0.32,0.33,30.66%,22.54%,16.95%,Jul 30/b,443.19,-1.13%,"403,243"
CCRSH,-,79.13%,-,-,-,-,-,-,-,-,-,-,-,19.39,0.07%,"17,254"
CCRSP,5.00B,-,-19.28%,-26.09%,-17.96%,17.85,17.85,0.44,0.45,-1510.66%,-3971.53%,-3368.72%,Aug 03/a,51.72,-1.03%,"856,710"
CCRSR,1.46B,-,2.73%,5.25%,4.03%,1.75,1.04,0.24,0.28,31.55%,2.94%,2.29%,Aug 06/a,13.54,7.72%,"1,231,460"
CCRT,70.26M,5.25%,84.63%,145.08%,151.94%,6.66,6.66,0.00,0.00,-,73.82%,73.82%,-,11.71,3.81%,"48,265"
CCRTC,-,0.85%,-,-,-,-,-,-,-,-,-,-,-,40.67,1.14%,"34,053"
CCRTO,973.68M,-,5.06%,9.42%,8.49%,1.29,1.29,0.09,0.13,53.60%,9.97%,5.60%,Aug 05/b,17.44,0.40%,"145,315"
CCRUC,-,-,-,-,-,-,-,-,-,-,-,-,-,13.45,4.57%,"3,617"
CCRUS,5.95B,-,17.74%,20.90%,18.73%,7.58,6.23,0.05,0.06,52.78%,23.05%,21.00%,Aug 05/a,118.79,1.98%,"1,097,342"
CCRUX,-,2.23%,-,-,-,-,-,-,-,-,-,-,-,29.02,-0.27%,"235,103"
CCRVL,3.50B,-,17.92%,30.70%,26.84%,1.94,1.94,0.05,0.07,22.28%,15.37%,11.72%,Aug 05/b,69.27,2.33%,"213,661"
CCRVO,38.86M,-,-94.73%,-107.62%,-132.18%,8.47,8.47,0.00,0.00,-,-9406.96%,-9160.94%,Aug 10/b,2.57,3.63%,"234,572"
CCRVS,1.09B,-,-32.93%,-35.43%,-23.99%,16.16,16.16,0.00,0.00,-,-,-,Aug 06/a,12.91,-0.23%,"1,257,578"
CCRWC,-,-,-,-,-,-,-,-,-,-,-,-,-,27.37,-1.94%,"4,065"
CCRWD,211.69B,-,0.35%,0.85%,0.64%,1.48,1.48,0.16,0.16,75.12%,-1.23%,0.70%,Aug 26/a,206.74,-1.02%,"6,649,473"
CCRWG,-,10.29%,-,-,-,-,-,-,-,-,-,-,-,19.47,-0.56%,"1,000,159"
CCRWL,-,-,-,-,-,-,-,-,-,-,-,-,-,66.06,-1.80%,"75,686"
CCRWS,28.51M,10.19%,6.93%,12.82%,9.38%,3.20,1.40,0.33,0.48,28.54%,6.51%,5.99%,Aug 12/a,2.65,-1.49%,"86,998"
CCRWU,-,11.42%,-,-,-,-,-,-,-,-,-,-,-,37.49,-0.17%,"82,932"
CCRWV,49.08B,-,-3.73%,-43.60%,-3.97%,0.46,0.46,8.66,10.27,24.39%,-3.03%,-25.41%,Aug 11/a,88.99,-0.15%,"17,682,408"
CCRWX,-,-,-,-,-,-,-,-,-,-,-,-,-,20.98,-1.55%,"29,234"
CCRXP,-,3.41%,-,-,-,-,-,-,-,-,-,-,-,19.16,-0.16%,10
CCRY,-,42.56%,-,-,-,-,-,-,-,-,-,-,-,16.92,-1.79%,"3,171"
CCSAI,3.54M,-,-111.90%,-145.18%,-174.47%,4.96,4.71,0.37,0.37,35.86%,-115.71%,-189.03%,Aug 17/b,4.06,-10.96%,"36,323"
CCSAN,2.81B,-,-6.97%,-145.58%,-14.32%,1.67,1.55,11.06,12.26,34.51%,23.29%,-21.84%,Aug 14/a,2.85,-3.39%,"3,525,108"
CCSB,-,3.23%,-,-,-,-,-,-,-,-,-,-,-,64.92,0.36%,"2,334"
CCSBR,70.98M,-,-3.46%,-29.83%,-7.89%,1.03,1.03,2.60,2.82,47.69%,-1.54%,-1.82%,Sep 10/a,5.10,0.09%,"10,113"
CCSCL,-,1.40%,-,-,-,-,-,-,-,-,-,-,-,54.26,8.46%,"31,289"
CCSCO,442.08B,1.52%,10.53%,27.32%,18.71%,0.93,0.79,0.41,0.62,63.41%,25.16%,20.95%,Aug 12/a,112.13,4.37%,"14,161,150"
CCSCS,-,4.48%,-,-,-,-,-,-,-,-,-,-,-,13.65,-4.18%,"10,884"
CCSD,-,0.12%,-,-,-,-,-,-,-,-,-,-,-,129.50,0.83%,"5,235"
CCSEN,-,0.30%,-,-,-,-,-,-,-,-,-,-,-,26.31,0.28%,"3,148"
CCSEX,-,-,-,-,-,-,-,-,-,-,-,-,-,14.40,12.85%,"118,258"
CCSGP,12.34B,-,0.72%,0.90%,0.82%,2.21,2.21,0.14,0.15,74.55%,2.43%,2.08%,Jul 28/a,30.46,3.29%,"6,196,500"
CCSHI,-,4.66%,-,-,-,-,-,-,-,-,-,-,-,49.63,0.10%,"889,071"
CCSHP,-,4.00%,-,-,-,-,-,-,-,-,-,-,-,99.82,0.47%,78
CCSHR,706.34M,-,2.41%,2.48%,2.41%,0.18,0.18,0.00,0.00,-,-,-,Sep 14/b,5.36,2.10%,"185,690"
CCSIO,-,1.47%,-,-,-,-,-,-,-,-,-,-,-,28.46,-0.24%,"3,192"
CCSIQ,866.36M,-,-1.21%,-6.64%,-2.77%,0.89,0.62,1.44,2.89,16.43%,-1.72%,-3.73%,Aug 27/b,12.76,-2.07%,"1,701,077"
CCSL,13.31B,1.36%,12.53%,39.40%,16.18%,2.60,2.04,1.78,1.78,35.21%,20.55%,14.29%,Jul 29/a,335.24,1.67%,"415,951"
CCSM,-,1.02%,-,-,-,-,-,-,-,-,-,-,-,87.95,0.70%,"6,716"
CCSMD,-,-,-,-,-,-,-,-,-,-,-,-,-,33.41,0.83%,"30,476"
CCSNR,-,1.73%,-,-,-,-,-,-,-,-,-,-,-,38.70,0.20%,"9,106"
CCSPF,-,5.41%,-,-,-,-,-,-,-,-,-,-,-,25.60,-0.19%,"30,707"
CCSPI,78.23M,1.55%,-1.01%,-1.52%,-1.53%,2.40,2.31,0.03,0.08,33.08%,-5.35%,-1.22%,Aug 14/b,7.76,0.13%,"15,656"
CCSQ,3.34B,6.77%,-,-,-,-,-,-,-,-,-,-,-,20.83,1.12%,"155,089"
CCSQR,2.90B,-,-,-,-,1.63,1.63,-,-,-,-,-,Sep 02,17.42,2.35%,"1,527,319"
CCSR,1.03B,8.34%,1.13%,3.09%,1.30%,3.11,3.11,1.44,1.44,36.16%,29.41%,6.15%,Aug 03/a,58.29,1.04%,"500,325"
CCSRA,-,-,-,-,-,-,-,-,-,-,-,-,-,25.46,-0.28%,"4,516"
CCSRE,-,2.23%,-,-,-,-,-,-,-,-,-,-,-,28.08,0.75%,"195,612"
CCSSD,-,4.14%,-,-,-,-,-,-,-,-,-,-,-,24.90,0.09%,"2,029"
CCSTE,110.30M,-,-32.35%,-81.82%,-72.17%,1.59,1.05,0.94,0.94,19.70%,-11.96%,-37.38%,Aug 05/b,3.19,0.31%,"41,934"
CCSTK,-,2.10%,-,-,-,-,-,-,-,-,-,-,-,33.65,0.80%,"4,423"
CCSTL,987.67M,-,-3.51%,-4.20%,-3.86%,6.04,5.85,0.07,0.08,74.13%,-8.99%,-5.43%,Jul 30/a,32.33,0.03%,"224,204"
CCSTM,3.55B,-,9.53%,53.80%,17.43%,1.43,0.61,1.51,1.54,12.78%,8.43%,5.69%,Jul 29/b,26.17,0.69%,"918,158"
CCSV,516.49M,1.38%,3.34%,17.13%,5.35%,1.46,1.29,1.95,1.97,35.07%,23.38%,10.57%,Aug 05/a,32.52,1.03%,"165,790"
CCSW,4.90B,0.38%,6.25%,11.07%,6.17%,2.70,1.36,0.82,0.86,42.38%,18.17%,10.34%,Jul 30/b,300.71,3.09%,"156,386"
CCSWC,1.54B,10.58%,5.21%,11.08%,4.94%,1.43,1.43,1.09,1.16,96.91%,81.45%,47.67%,Aug 03/a,24.19,0.37%,"530,631"
CCSX,90.68B,1.14%,7.35%,24.37%,10.16%,0.82,0.72,1.25,1.37,35.27%,35.27%,22.21%,Jul 22/a,48.95,-0.18%,"7,113,826"
CCTA,-,4.42%,-,-,-,-,-,-,-,-,-,-,-,30.29,-2.54%,"818,975"
CCTAA,169.25M,-,-,-,-,269.22,269.22,0.00,0.00,-,-,-,-,9.95,-0.50%,19
CCTAP,-,1.59%,-,-,-,-,-,-,-,-,-,-,-,31.35,-1.54%,"35,116"
CCTAS,80.63B,0.93%,18.94%,40.58%,29.36%,0.92,0.76,0.32,0.53,48.95%,23.26%,17.70%,Sep 23/b,201.50,1.54%,"1,573,074"
CCTAU,-,-,-,-,-,-,-,-,-,-,-,-,-,25.24,0.44%,6
CCTBI,1.41B,2.88%,1.61%,12.72%,11.11%,0.15,-,0.09,0.42,-,33.24%,25.65%,Jul 15/b,77.67,0.39%,"84,984"
CCTEC,-,0.61%,-,-,-,-,-,-,-,-,-,-,-,58.53,1.27%,"1,589"
CCTEF,-,0.06%,-,-,-,-,-,-,-,-,-,-,-,87.18,0.79%,460
CCTEV,609.77M,-,-5.76%,-646.34%,-6.47%,1.00,1.00,-,-,28.18%,4.21%,-28.46%,Aug 07/b,35.98,-2.07%,"153,698"
CCTEX,-,2.27%,-,-,-,-,-,-,-,-,-,-,-,32.47,0.59%,136
CCTGO,612.30M,-,-12.00%,-23.69%,-11.11%,1.06,1.06,0.06,0.10,-,-,-,Aug 14/b,18.31,-3.02%,"478,736"
CCTIF,-,4.80%,-,-,-,-,-,-,-,-,-,-,-,53.36,1.39%,"2,522"
CCTJL,-,-,-,-,-,-,-,-,-,-,-,-,-,25.53,0.43%,6
CCTJN,-,-,-,-,-,-,-,-,-,-,-,-,-,25.31,0.48%,106
CCTKB,599.22M,-,-17.14%,-23.04%,-23.55%,4.48,3.86,0.06,0.11,53.23%,-21.60%,-38.98%,Aug 05/a,4.61,1.77%,"897,708"
CCTM,58.85M,-,-5.36%,-6.75%,-6.26%,4.71,4.71,0.02,0.03,35.30%,-4.95%,-4.32%,Aug 06/a,0.62,0.50%,"409,976"
CCTMA,-,-,-,-,-,-,-,-,-,-,-,-,-,25.76,0.40%,6
CCTMX,716.89M,-,-28.64%,-37.75%,-26.01%,9.36,9.36,0.01,0.02,94.85%,-476.74%,-451.62%,Aug 06/a,3.29,-1.79%,"2,249,983"
CCTNM,557.55M,-,-26.57%,-28.01%,-23.60%,37.17,37.17,0.02,0.03,-,-,-,Jul 30/a,14.82,1.09%,"165,143"
CCTNT,3.66M,-,-6.03%,-6.39%,-3.62%,47.55,47.55,0.01,0.01,-48.95%,-264.76%,-206.78%,Aug 13/a,1.16,1.75%,"1,929,048"
CCTO,776.32M,7.34%,3.98%,8.50%,3.94%,1.86,1.86,1.01,1.04,36.49%,24.64%,27.97%,Jul 28/a,20.71,-0.58%,"328,865"
CCTOR,85.31M,-,-45.20%,-126.58%,-91.04%,0.73,0.34,0.25,0.25,28.92%,-665.63%,-648.32%,Aug 14/a,0.92,0.82%,"138,257"
CCTOS,2.07B,-,0.60%,2.67%,0.83%,1.34,0.29,2.17,3.12,20.17%,8.86%,1.05%,Aug 03/a,9.11,0.77%,"555,550"
CCTRE,9.13B,4.02%,6.70%,9.11%,6.23%,6.76,6.76,0.27,0.27,78.63%,64.87%,62.07%,Aug 06/a,38.62,-0.52%,"1,389,095"
CCTRI,2.04B,-,1.28%,4.02%,1.67%,1.82,1.82,0.99,1.07,6.86%,2.91%,0.85%,Aug 04/b,20.16,-0.44%,"1,318,493"
CCTRM,23.38M,-,10.50%,16.36%,11.62%,6.88,6.88,0.30,0.32,28.11%,2.64%,92.98%,-,2.42,0.41%,"78,905"
CCTRN,505.54M,-,1.55%,6.17%,2.41%,1.13,0.43,1.45,1.80,37.54%,0.59%,0.84%,Aug 25/b,60.62,-5.22%,"251,323"
CCTS,1.65B,0.28%,8.85%,12.43%,10.60%,2.61,2.07,0.15,0.16,39.01%,15.91%,12.35%,Jul 28/b,57.85,2.75%,"163,120"
CCTSH,27.03B,2.20%,10.83%,14.92%,13.55%,2.18,2.18,0.13,0.14,30.66%,16.11%,10.26%,Jul 29/b,60.00,2.88%,"3,103,550"
CCTSO,20.20M,-,-42.38%,-336.19%,-130.68%,0.66,0.50,-,-,71.61%,-31.60%,-48.94%,Aug 06/a,6.41,0.63%,"12,093"
CCTVA,55.98B,0.88%,2.60%,4.25%,3.76%,1.52,1.10,0.07,0.19,45.41%,16.67%,5.66%,Jul 30/a,83.90,-0.70%,"5,325,947"
CCTW,146.02M,-,8.08%,14.87%,12.01%,1.98,1.98,0.15,0.25,75.69%,2.84%,4.24%,May 13/b,2.34,0.86%,"22,886"
CCTWO,-,-,-,-,-,-,-,-,-,-,-,-,-,19.25,0.00%,12
CCTXR,15.95M,-,-34.29%,-70.29%,-62.86%,0.84,0.40,0.11,0.11,19.97%,-863.92%,-651.27%,Aug 14/a,0.58,-0.73%,"155,627"
CCUB,284.39M,-,0.74%,0.86%,0.95%,0.00,0.00,0.00,0.00,-,-,-,-,10.87,0.09%,"102,697"
CCUBE,8.94B,5.38%,5.03%,12.39%,5.78%,0.06,0.06,1.24,1.37,45.84%,39.85%,29.41%,Jul 30/a,39.54,1.18%,"2,596,820"
CCUBI,2.66B,0.12%,1.19%,14.32%,6.52%,0.33,-,1.03,1.07,-,24.76%,18.70%,Jul 23/a,78.88,0.03%,"245,719"
CCUE,208.78M,-,-459.60%,-1603.48%,-1729.46%,1.25,1.25,3.11,3.81,99.31%,-261.97%,-435.83%,Aug 14/a,28.74,2.64%,"122,768"
CCULP,47.70M,-,-3.40%,-7.15%,-7.26%,1.81,0.84,0.02,0.28,16.56%,-0.01%,-1.93%,Sep 09/a,3.75,-2.09%,"302,421"
CCUPR,2.90M,-,-90.82%,-1082.72%,-85.52%,2.35,2.35,0.07,0.10,-54.48%,-9692.62%,-9376.19%,-,3.15,5.00%,"24,059"
CCURB,3.37B,2.32%,1.16%,1.44%,1.05%,9.72,9.72,0.32,0.32,33.66%,17.17%,12.80%,Jul 28/b,29.32,-0.27%,"1,063,326"
CCURE,-,1.03%,-,-,-,-,-,-,-,-,-,-,-,121.88,-0.78%,"38,981"
CCURI,157.84M,12.41%,0.03%,0.05%,0.05%,0.78,0.78,0.08,0.09,62.89%,-0.30%,0.03%,Aug 12/a,2.66,-1.85%,"448,238"
CCURR,379.51M,-,-16.56%,-,-,1.12,1.11,-,-,40.77%,-20.99%,-48.74%,-,3.38,-5.59%,"97,315"
CCURV,224.37M,-,-2.28%,-,-6.93%,0.79,0.26,-,-,34.69%,1.93%,-0.94%,Sep 03/a,2.25,-1.32%,"216,193"
CCURX,7.14M,-,-357.22%,-411.08%,-210.65%,45.95,45.95,0.04,0.06,-,-,-,-,4.55,5.57%,"7,359"
CCUST,-,0.83%,-,-,-,-,-,-,-,-,-,-,-,24.87,-0.06%,15
CCUT,-,2.47%,-,-,-,-,-,-,-,-,-,-,-,28.96,0.09%,"1,919"
CCUVL,300.06M,0.66%,12.16%,13.45%,12.27%,14.81,14.45,0.01,0.01,82.84%,43.47%,36.28%,Aug 26/a,5.95,1.19%,"4,683"
CCUZ,4.64B,4.57%,0.07%,0.14%,0.08%,1.73,1.73,0.87,0.87,26.90%,22.66%,0.62%,Jul 30/a,28.19,0.89%,"1,229,961"
CCV,330.31M,-,-212.19%,-335.06%,-222.42%,3.35,2.44,0.02,0.05,50.88%,-217.14%,-214.74%,Aug 13/a,6.60,1.23%,"207,066"
CCVAR,-,1.33%,-,-,-,-,-,-,-,-,-,-,-,30.85,0.25%,"1,654"
CCVBF,3.95B,3.58%,1.12%,7.60%,5.44%,0.10,-,0.19,0.37,-,43.64%,28.84%,Jul 22/a,22.44,0.22%,"1,204,610"
CCVCO,4.07B,-,12.24%,16.66%,15.74%,2.23,1.41,0.04,0.04,23.15%,9.62%,7.89%,Jul 30/a,529.64,1.20%,"86,160"
CCVE,61.06B,1.89%,11.11%,21.12%,15.05%,1.63,1.04,0.33,0.34,18.81%,16.79%,12.36%,Jul 29/b,33.11,-0.69%,"5,653,507"
CCVEO,351.97M,-,-2.66%,-7.18%,-3.48%,1.89,1.81,1.39,1.39,13.13%,1.86%,-1.93%,Jul 30/b,34.05,1.04%,"50,278"
CCVGD,-,0.26%,-,-,-,-,-,-,-,-,-,-,-,26.46,0.26%,"3,804"
CCVGI,128.81M,-,-4.77%,-15.12%,-8.53%,1.98,1.16,0.98,1.08,12.77%,1.58%,-3.42%,Aug 03/a,3.17,2.59%,"260,120"
CCVI,4.99B,0.77%,1.71%,13.93%,3.01%,1.42,0.92,3.37,3.43,8.55%,6.80%,0.81%,Jul 29/a,49.66,2.18%,"1,310,890"
CCVIE,-,2.31%,-,-,-,-,-,-,-,-,-,-,-,85.20,1.15%,"7,601"
CCVKD,3.89M,-,-199.59%,-275.16%,-282.13%,3.67,3.67,0.00,0.00,-,-,-,Aug 13/a,1.09,-7.63%,"229,802"
CCVLC,-,0.91%,-,-,-,-,-,-,-,-,-,-,-,95.13,0.92%,"9,289"
CCVLG,904.21M,0.79%,0.10%,0.23%,0.57%,1.14,1.10,0.60,0.79,7.11%,0.81%,0.31%,Jul 29/a,35.63,1.02%,"239,421"
CCVLT,5.39B,-,4.45%,32.77%,7.10%,2.04,2.04,17.49,17.63,80.26%,9.01%,5.62%,Jul 28/b,130.07,-1.13%,"661,310"
CCVM,26.21M,-,-108.91%,-252.53%,-140.57%,1.48,1.42,0.47,0.72,-,-,-,Aug 17/b,1.49,-1.97%,"98,529"
CCVMC,-,1.19%,-,-,-,-,-,-,-,-,-,-,-,75.22,0.97%,"2,132"
CCVNA,76.11B,-,13.11%,54.46%,16.92%,3.93,2.33,1.30,1.44,18.68%,8.93%,6.26%,Jul 29/a,69.16,-1.59%,"5,877,795"
CCVNY,-,103.01%,-,-,-,-,-,-,-,-,-,-,-,19.50,-0.79%,"32,680"
CCVR,9.67M,0.90%,-10.33%,-13.04%,-13.76%,3.03,1.55,0.02,0.11,10.99%,-9.49%,-8.90%,-,10.01,-2.44%,495
CCVRD,-,7.52%,-,-,-,-,-,-,-,-,-,-,-,18.69,0.99%,19
CCVRT,-,1.52%,-,-,-,-,-,-,-,-,-,-,-,47.15,0.62%,"2,702"
CCVRX,76.73M,-,-49.06%,-133.44%,-65.81%,8.04,6.87,2.96,2.98,85.62%,-79.49%,-84.93%,Aug 06/a,2.88,0.70%,"1,002,649"
CCVS,121.07B,2.88%,1.91%,6.23%,3.21%,0.87,0.66,0.91,0.96,14.16%,3.54%,1.18%,Aug 05/b,94.66,-0.66%,"4,380,269"
CCVSA,4.26B,-,9.09%,18.57%,11.57%,1.09,1.09,0.60,0.63,60.28%,19.94%,13.68%,Aug 06/a,125.09,1.18%,"198,657"
CCVSB,-,4.22%,-,-,-,-,-,-,-,-,-,-,-,50.61,-0.02%,"10,342"
CCVSM,-,0.23%,-,-,-,-,-,-,-,-,-,-,-,25.73,0.31%,"20,376"
CCVU,68.24M,-,4.94%,14.37%,6.84%,1.97,1.95,0.94,1.00,22.54%,8.18%,5.06%,Aug 13/a,5.15,-0.19%,"35,773"
CCVV,32.53M,-,-11.63%,-13.01%,-9.66%,11.52,11.42,0.00,0.00,24.73%,-26.47%,-21.56%,Aug 12/a,4.68,-25.36%,"844,362"
CCVX,422.93B,3.33%,7.09%,12.25%,9.09%,1.25,0.98,0.19,0.20,18.48%,13.33%,9.74%,Jul 31/b,214.06,0.61%,"6,573,863"
CCVY,-,4.09%,-,-,-,-,-,-,-,-,-,-,-,30.43,0.49%,"3,435"
CCW,20.64B,0.18%,10.16%,19.75%,14.55%,1.60,1.12,0.34,0.41,37.73%,18.89%,14.81%,Aug 05/a,558.90,-0.15%,"293,081"
CCWB,-,1.54%,-,-,-,-,-,-,-,-,-,-,-,102.65,0.66%,"1,467,583"
CCWBC,710.56M,1.83%,0.84%,7.33%,5.30%,0.07,-,0.12,0.41,-,27.38%,16.86%,Jul 23/a,26.19,-0.38%,"116,732"
CCWCO,450.92M,1.99%,6.30%,7.41%,7.10%,5.95,5.81,0.01,0.01,34.86%,12.26%,12.64%,Aug 10/a,28.16,0.43%,"71,374"
CCWD,5.30M,-,-16.10%,-15216.77%,-21.23%,0.67,0.67,-,-,-22.03%,-111.05%,-117.41%,Aug 13/a,0.51,-1.39%,"145,244"
CCWEB,-,7.72%,-,-,-,-,-,-,-,-,-,-,-,18.65,1.30%,"436,918"
CCWEN,6.39B,6.05%,0.55%,4.92%,0.81%,1.21,1.11,5.04,5.34,16.16%,13.17%,5.91%,Aug 05/a,31.14,-1.42%,"896,451"
CCWH,623.90M,4.14%,-1.94%,-33.19%,-3.80%,1.22,0.30,9.41,15.21,27.12%,2.44%,-1.55%,Jul 29/a,6.04,-0.82%,"1,752,376"
CCWI,-,2.65%,-,-,-,-,-,-,-,-,-,-,-,41.27,0.90%,"237,381"
CCWK,3.03B,-,0.91%,3.52%,1.44%,1.08,1.13,1.38,1.50,16.80%,3.81%,0.64%,Aug 05/b,12.90,1.74%,"1,309,638"
CCWS,-,0.31%,-,-,-,-,-,-,-,-,-,-,-,69.26,1.35%,"8,872"
CCWST,5.72B,-,0.17%,0.36%,0.19%,0.99,0.99,0.89,0.91,16.81%,4.82%,0.29%,Aug 06/a,89.91,-0.03%,"517,685"
CCWT,2.98B,2.78%,2.35%,7.70%,4.06%,0.70,0.67,0.81,0.93,37.26%,19.20%,12.63%,Jul 30/b,48.22,-1.31%,"335,140"
CCWVX,-,2.83%,-,-,-,-,-,-,-,-,-,-,-,16.23,-0.55%,"819,937"
CCWY,-,45.28%,-,-,-,-,-,-,-,-,-,-,-,15.57,-1.46%,"4,676"
CCX,16.16B,1.27%,1.80%,3.97%,2.54%,0.92,0.68,0.51,0.55,32.06%,12.26%,2.83%,Jul 23/b,10.69,0.28%,"3,703,968"
CCXAI,6.64M,-,-64.56%,-131.89%,-75.46%,1.64,1.64,0.57,0.58,20.21%,-330.88%,-446.46%,Aug 10/a,2.84,-3.73%,"82,140"
CCXDO,190.21M,-,4.98%,6.30%,5.19%,1.81,1.73,0.06,0.07,57.80%,6.12%,5.31%,Aug 04/a,5.72,0.18%,"178,763"
CCXII,598.83M,-,-,-,-,12.07,12.07,0.00,0.00,-,-,-,-,10.78,0.46%,"1,099"
CCXM,1.27B,-,2.17%,4.36%,4.18%,1.41,1.41,0.07,0.08,65.59%,5.53%,2.65%,Sep 02/b,5.48,0.74%,"2,909,075"
CCXRN,-,1.77%,-,-,-,-,-,-,-,-,-,-,-,21.66,-0.72%,"18,765"
CCXSE,-,1.60%,-,-,-,-,-,-,-,-,-,-,-,36.23,0.47%,"6,472"
CCXT,2.99B,1.38%,4.31%,11.49%,5.55%,1.42,1.07,1.00,1.16,42.12%,16.32%,7.78%,Aug 05/a,51.99,3.22%,"509,714"
CCXW,3.45B,-,3.92%,8.77%,4.79%,1.32,1.32,0.86,0.94,17.09%,9.94%,5.15%,Aug 05/a,34.93,1.51%,"3,048,703"
CCYAB,5.86M,-,-137.94%,-554.50%,-,0.14,0.14,-,-,84.39%,-502.17%,-667.32%,Aug 13/b,0.33,1.96%,"102,904"
CCYCU,10.76M,-,-40.85%,-76.70%,-60.28%,0.30,0.30,0.03,0.32,17.34%,-91.50%,-98.00%,Aug 14/b,3.33,-4.86%,"145,579"
CCYD,1.34B,1.70%,2.77%,7.53%,6.19%,2.11,1.68,0.14,0.14,17.90%,4.13%,2.79%,Aug 07/b,35.82,-0.22%,"128,763"
CCYH,411.75M,-,1.95%,-,2.90%,1.53,1.39,-,-,7.99%,7.99%,2.10%,Jul 22/a,2.92,1.04%,"855,133"
CCYN,11.46M,-,-48.49%,-59.00%,-51.55%,16.20,15.58,0.17,0.19,-258.08%,-7405.04%,-6961.64%,Aug 12/a,0.79,-1.38%,"106,171"
CCYPH,244.09M,-,-1.08%,-1.21%,-0.63%,79.19,79.19,0.00,0.00,-,-,-,Aug 12/b,2.27,2.95%,"11,503,651"
CCYRX,787.59M,-,-4.30%,-6.54%,-6.17%,2.08,1.98,0.09,0.47,40.16%,-21.25%,-21.92%,Aug 06/a,15.55,1.83%,"473,832"
CCYTK,10.26B,-,-56.76%,-,-85.25%,6.66,6.66,-,-,69.42%,-1046.12%,-1321.12%,Aug 06/a,73.77,0.20%,"1,721,518"
CCZA,-,1.41%,-,-,-,-,-,-,-,-,-,-,-,122.48,0.73%,843
CCZFS,395.42M,2.46%,1.33%,12.32%,5.50%,0.04,-,1.12,1.12,-,28.65%,23.37%,Jul 30/b,82.21,-1.09%,"33,715"
CCZNC,465.77M,4.31%,0.88%,7.99%,5.30%,0.16,-,0.38,0.49,-,20.40%,13.24%,Jul 23/a,25.97,0.15%,"53,271"
CCZR,6.05B,-,-1.45%,-12.79%,-1.65%,0.85,0.83,7.33,7.36,37.69%,17.69%,-3.99%,Jul 28/a,29.67,0.07%,"1,997,119"
CCZWI,211.15M,1.92%,0.72%,6.84%,5.26%,0.10,-,0.27,0.27,-,15.55%,13.03%,Jul 27/b,21.88,-0.77%,"41,816"
DD,56.61B,4.15%,2.22%,9.08%,3.35%,0.81,0.64,1.62,1.85,51.99%,27.47%,13.44%,Jul 31/b,64.36,-1.06%,"5,945,228"
DDAAQ,240.12M,-,3.18%,3.31%,3.26%,12.83,12.83,0.00,0.00,-,-,-,-,10.44,0.05%,"510,590"
DDABS,-,4.90%,-,-,-,-,-,-,-,-,-,-,-,49.92,-0.18%,"6,583"
DDAC,2.90B,2.26%,10.85%,14.14%,10.32%,9.30,9.15,0.29,0.30,55.10%,48.42%,51.26%,Aug 03/a,159.33,1.56%,"140,910"
DDACL,-,-,-,-,-,-,-,-,-,-,-,-,-,25.08,0.00%,25
DDADS,-,4.72%,-,-,-,-,-,-,-,-,-,-,-,20.04,0.33%,485
DDAIC,4.97M,-,-553.21%,-,-,0.39,0.14,-,-,39.20%,-219.39%,-730.20%,May 11/a,2.53,-8.99%,"308,275"
DDAIO,28.80M,-,-35.53%,-59.53%,-67.10%,1.93,1.39,0.09,0.67,50.59%,-43.67%,-48.73%,Aug 12/a,2.77,2.21%,"4,984"
DDAK,-,0.73%,-,-,-,-,-,-,-,-,-,-,-,29.80,1.04%,614
DDAKT,860.38M,-,8.38%,16.18%,14.58%,2.17,1.66,0.04,0.05,27.57%,7.25%,5.66%,Sep 02/b,17.89,-5.59%,"760,470"
DDAL,52.55B,0.91%,4.80%,20.13%,10.54%,0.42,0.35,0.72,0.92,15.96%,8.08%,5.79%,Jul 10/b,79.91,2.13%,"4,771,176"
DDALI,-,1.15%,-,-,-,-,-,-,-,-,-,-,-,29.49,0.76%,737
DDAMD,-,-,-,-,-,-,-,-,-,-,-,-,-,13.30,-5.07%,"1,821,284"
DDAN,3.34B,1.50%,-0.63%,-2.88%,-2.11%,1.49,1.03,0.75,0.78,9.10%,4.02%,-0.93%,Aug 06/b,31.08,1.34%,"1,097,151"
DDANA,-,2.32%,-,-,-,-,-,-,-,-,-,-,-,25.01,0.16%,16
DDAO,470.49M,-,8.52%,-,-,0.58,0.55,-,-,45.19%,4.33%,2.71%,Aug 20/b,14.41,-2.77%,"54,748"
DDAPP,-,-,-,-,-,-,-,-,-,-,-,-,-,19.92,2.10%,"948,916"
DDAPR,-,-,-,-,-,-,-,-,-,-,-,-,-,41.63,0.47%,"4,693"
DDAR,10.27B,-,5.63%,12.13%,6.46%,1.56,1.03,0.76,0.80,18.29%,8.90%,9.13%,Jul 30/b,65.11,-1.90%,"1,564,351"
DDARE,13.89M,-,-62.16%,-,-201.69%,0.99,0.99,-,-,-128.01%,-813.38%,-804.37%,Aug 13/a,0.71,0.13%,"93,715"
DDARP,-,0.34%,-,-,-,-,-,-,-,-,-,-,-,57.54,1.16%,"15,275"
DDASH,87.51B,-,4.61%,8.93%,6.41%,1.36,1.36,0.32,0.33,45.12%,5.46%,5.29%,Aug 05/a,201.95,0.46%,"2,176,769"
DDAT,-,-,-,-,-,-,-,-,-,-,-,-,-,47.71,0.29%,165
DDAUG,-,-,-,-,-,-,-,-,-,-,-,-,-,47.50,0.47%,"55,562"
DDAVA,124.14M,-,-56.36%,-103.70%,-104.94%,2.07,2.07,1.30,1.38,18.09%,-0.13%,-56.42%,May 21/b,2.91,2.83%,"116,069"
DDAVE,4.47B,-,47.66%,104.78%,55.50%,4.22,4.22,0.93,1.29,88.15%,33.54%,34.59%,Aug 05/a,350.71,-2.13%,"365,076"
DDAX,-,2.05%,-,-,-,-,-,-,-,-,-,-,-,45.87,0.91%,"8,920"
DDB,76.07B,3.24%,0.45%,9.82%,3.44%,4.68,-,1.80,2.22,-,16.49%,10.74%,Jul 29/b,40.48,0.32%,"1,690,967"
DDBA,-,-,-,-,-,-,-,-,-,-,-,-,-,28.93,-1.33%,"1,330,816"
DDBAW,-,1.68%,-,-,-,-,-,-,-,-,-,-,-,47.97,0.67%,"15,867"
DDBB,-,-,-,-,-,-,-,-,-,-,-,-,-,25.41,0.28%,"86,057"
DDBC,-,-,-,-,-,-,-,-,-,-,-,-,-,33.16,-1.37%,"552,699"
DDBCA,433.80M,-,-,-,-,8.41,8.41,0.00,0.00,-,-,-,-,10.03,0.10%,15
DDBD,2.23B,-,2.97%,10.76%,5.50%,1.27,0.83,1.09,1.14,26.28%,9.00%,2.87%,Jul 29/b,65.62,0.54%,"181,012"
DDBE,-,-,-,-,-,-,-,-,-,-,-,-,-,37.18,-2.97%,"33,804"
DDBEF,-,2.27%,-,-,-,-,-,-,-,-,-,-,-,55.01,1.05%,"282,176"
DDBEM,-,2.11%,-,-,-,-,-,-,-,-,-,-,-,39.36,1.06%,"4,224"
DDBEU,-,1.41%,-,-,-,-,-,-,-,-,-,-,-,53.87,0.76%,"27,174"
DDBEZ,-,1.27%,-,-,-,-,-,-,-,-,-,-,-,62.31,0.80%,666
DDBGI,5.60M,-,-119.26%,-1161.90%,-464.94%,0.58,0.41,16.69,40.04,-29.57%,-601.36%,-804.65%,-,6.00,-11.63%,"3,064,559"
DDBI,300.61M,3.84%,0.83%,5.82%,1.27%,1.22,0.27,3.42,4.02,44.25%,3.35%,0.59%,Sep 10/b,5.88,-1.84%,"970,207"
DDBJP,-,1.24%,-,-,-,-,-,-,-,-,-,-,-,114.43,1.29%,"11,741"
DDBL,277.80M,9.40%,-,-,-,-,-,-,-,-,-,-,-,14.05,-0.28%,"49,430"
DDBMF,-,4.94%,-,-,-,-,-,-,-,-,-,-,-,31.99,0.22%,"2,041,805"
DDBND,-,4.89%,-,-,-,-,-,-,-,-,-,-,-,44.22,-0.24%,"284,103"
DDBO,-,-,-,-,-,-,-,-,-,-,-,-,-,25.22,-2.59%,"707,596"
DDBP,-,-,-,-,-,-,-,-,-,-,-,-,-,100.25,0.65%,"2,406"
DDBRG,3.03B,0.25%,9.66%,15.87%,12.71%,-,-,0.14,0.14,95.90%,34.56%,46.91%,Aug 04/a,15.90,-0.13%,"10,236,816"
DDBVT,744.77M,-,-95.96%,-142.66%,-105.15%,3.72,3.72,0.04,0.13,-,-,-,Jul 16/a,11.85,-8.64%,"2,699,412"
DDBX,7.73B,-,15.80%,-,28.10%,1.06,1.06,-,-,79.59%,26.50%,17.49%,Aug 06/a,35.56,1.46%,"3,981,723"
DDC,779.55M,-,-22.90%,-23.44%,-19.55%,33.50,33.50,0.01,0.01,-,-,-,Sep 02,5.81,-1.53%,"1,199,706"
DDCBO,603.82M,-,16.23%,195.48%,36.71%,0.76,0.76,-,-,77.21%,8.64%,12.98%,Aug 07/b,24.25,3.54%,"33,724"
DDCGO,34.85M,-,-64.67%,-92.44%,-142.24%,1.66,1.66,0.14,0.22,25.62%,-32.00%,-65.29%,Aug 17/a,0.35,-3.53%,"433,407"
DDCH,1.54B,-,-2.00%,-14.99%,-2.45%,1.40,1.02,3.42,3.44,9.54%,3.44%,-1.99%,Aug 07/b,6.48,-1.22%,"1,590,883"
DDCI,10.35B,1.44%,13.03%,28.20%,14.91%,2.08,1.41,0.73,0.75,34.90%,15.70%,11.68%,Aug 26/b,89.25,1.21%,"561,948"
DDCMT,-,2.52%,-,-,-,-,-,-,-,-,-,-,-,38.03,-1.32%,"6,372"
DDCO,2.61B,-,-2.10%,-3.55%,-2.45%,3.36,2.35,0.47,0.48,27.21%,10.36%,-2.87%,Aug 06/b,172.73,3.34%,"424,600"
DDCOM,1.80B,2.46%,0.87%,8.58%,6.87%,0.47,-,0.21,0.43,-,24.15%,15.93%,Jul 23/b,40.71,0.49%,"327,654"
DDCOR,-,0.91%,-,-,-,-,-,-,-,-,-,-,-,83.91,0.74%,"138,690"
DDCOY,1.75M,-,-278.04%,-827.77%,-334.41%,1.83,1.83,0.00,0.00,89.24%,-2679.30%,-6347.85%,Mar 30,2.67,-2.20%,"25,742"
DDCRE,-,4.94%,-,-,-,-,-,-,-,-,-,-,-,51.14,-0.04%,"32,455"
DDCTH,552.06M,-,0.42%,0.47%,0.43%,9.83,8.95,0.02,0.02,87.05%,-1.90%,0.56%,Aug 06/b,15.91,0.70%,"347,059"
DDCX,10.71M,-,-13.18%,-,-,0.19,0.18,-,-,-669.37%,-2398.54%,-1590.48%,-,0.54,-1.50%,"14,110"
DDD,17.15B,2.34%,1.78%,2.78%,0.33%,2.43,1.82,0.23,0.23,32.74%,15.32%,0.67%,Aug 04/b,126.99,-0.26%,"862,363"
DDDC,14.76M,-,-,-,-,-,-,-,-,-,-,-,Jun 03,0.25,1.78%,"1,404,908"
DDDD,551.61M,-,-9.77%,-21.31%,-13.35%,3.40,2.27,0.50,0.56,33.24%,-14.95%,-14.15%,Aug 03/a,3.32,1.53%,"2,114,012"
DDDDD,-,1.51%,-,-,-,-,-,-,-,-,-,-,-,33.43,0.37%,"3,993"
DDDEC,-,-,-,-,-,-,-,-,-,-,-,-,-,48.42,0.46%,"4,770"
DDDFA,-,-,-,-,-,-,-,-,-,-,-,-,-,20.51,0.23%,312
DDDFD,-,-,-,-,-,-,-,-,-,-,-,-,-,20.32,0.37%,"8,796"
DDDFF,-,-,-,-,-,-,-,-,-,-,-,-,-,20.29,0.22%,490
DDDFG,-,-,-,-,-,-,-,-,-,-,-,-,-,19.42,0.28%,"5,334"
DDDFJ,-,-,-,-,-,-,-,-,-,-,-,-,-,20.07,0.20%,"1,128"
DDDFL,-,-,-,-,-,-,-,-,-,-,-,-,-,21.56,0.30%,"13,020"
DDDFM,-,-,-,-,-,-,-,-,-,-,-,-,-,20.08,0.28%,"4,016"
DDDFN,-,-,-,-,-,-,-,-,-,-,-,-,-,20.42,0.36%,"4,655"
DDDFO,-,-,-,-,-,-,-,-,-,-,-,-,-,22.83,0.08%,"3,090"
DDDFS,-,-,-,-,-,-,-,-,-,-,-,-,-,22.28,0.36%,"141,776"
DDDFY,-,-,-,-,-,-,-,-,-,-,-,-,-,20.41,0.32%,"1,627"
DDDFZ,-,-,-,-,-,-,-,-,-,-,-,-,-,19.74,0.36%,"16,818"
DDDI,628.29M,-,11.63%,12.71%,11.67%,18.82,18.82,0.03,0.04,95.25%,38.12%,33.05%,Aug 11/a,12.68,-1.32%,"370,941"
DDDIV,-,1.56%,-,-,-,-,-,-,-,-,-,-,-,45.89,0.88%,"1,179"
DDDL,390.10M,-,-0.44%,-2.80%,35.87%,1.23,1.22,0.04,0.05,6.92%,-0.86%,4.27%,Aug 20/b,2.14,-0.93%,"167,467"
DDDLS,-,3.54%,-,-,-,-,-,-,-,-,-,-,-,46.01,1.06%,"11,294"
DDDM,-,0.93%,-,-,-,-,-,-,-,-,-,-,-,65.60,1.96%,"165,563"
DDDNQ,-,-,-,-,-,-,-,-,-,-,-,-,-,20.86,0.60%,"3,442"
DDDOG,79.43B,-,2.66%,4.70%,3.17%,3.16,3.16,0.28,0.29,79.48%,0.48%,4.48%,Aug 06/b,221.21,-0.23%,"1,870,365"
DDDS,10.16B,5.02%,18.34%,33.75%,27.40%,3.03,1.58,0.17,0.22,38.52%,11.11%,10.33%,Aug 13/b,650.57,4.20%,"88,260"
DDDSQ,-,-,-,-,-,-,-,-,-,-,-,-,-,21.50,0.33%,"13,934"
DDDTA,-,-,-,-,-,-,-,-,-,-,-,-,-,20.86,0.31%,12
DDDTD,-,-,-,-,-,-,-,-,-,-,-,-,-,20.81,0.66%,"1,067"
DDDTF,-,-,-,-,-,-,-,-,-,-,-,-,-,20.67,0.48%,828
DDDTG,-,-,-,-,-,-,-,-,-,-,-,-,-,19.46,0.51%,445
DDDTJ,-,-,-,-,-,-,-,-,-,-,-,-,-,20.50,0.34%,461
DDDTL,-,-,-,-,-,-,-,-,-,-,-,-,-,22.42,0.56%,"5,344"
DDDTM,-,-,-,-,-,-,-,-,-,-,-,-,-,20.49,0.54%,432
DDDTN,-,-,-,-,-,-,-,-,-,-,-,-,-,20.88,0.57%,633
DDDTO,-,-,-,-,-,-,-,-,-,-,-,-,-,23.53,0.47%,174
DDDTS,-,-,-,-,-,-,-,-,-,-,-,-,-,22.93,0.53%,"44,799"
DDDTY,-,-,-,-,-,-,-,-,-,-,-,-,-,20.64,0.46%,"1,370"
DDDTZ,-,-,-,-,-,-,-,-,-,-,-,-,-,19.68,0.15%,"12,984"
DDDV,-,1.62%,-,-,-,-,-,-,-,-,-,-,-,25.31,0.05%,21
DDDWM,-,2.52%,-,-,-,-,-,-,-,-,-,-,-,46.89,0.87%,"213,100"
DDDX,-,3.32%,-,-,-,-,-,-,-,-,-,-,-,25.22,0.27%,"9,701"
DDDXX,-,1.75%,-,-,-,-,-,-,-,-,-,-,-,28.54,0.82%,"2,135"
DDE,182.20B,0.98%,4.52%,18.33%,7.10%,0.77,0.55,1.45,2.29,36.78%,19.98%,10.16%,Aug 20/b,675.74,-0.32%,"1,322,551"
DDEA,1.13B,7.53%,0.28%,0.71%,0.31%,5.82,5.82,1.30,1.31,32.79%,23.65%,2.63%,Aug 03/b,23.89,-0.08%,"282,268"
DDEC,1.19B,7.85%,-2.56%,-19.51%,-2.94%,0.57,0.57,2.99,3.12,24.84%,16.63%,-10.32%,Aug 05/a,14.81,-0.87%,"442,795"
DDECK,11.07B,-,26.33%,42.56%,37.58%,2.75,1.99,0.17,0.21,56.29%,22.43%,18.42%,Jul 23/a,81.27,1.74%,"3,028,768"
DDECM,-,-,-,-,-,-,-,-,-,-,-,-,-,34.19,0.18%,"378,048"
DDECO,-,0.71%,-,-,-,-,-,-,-,-,-,-,-,74.09,2.39%,446
DDECP,-,-,-,-,-,-,-,-,-,-,-,-,-,33.31,0.58%,"4,179"
DDECT,-,-,-,-,-,-,-,-,-,-,-,-,-,40.24,0.67%,"4,096"
DDECU,-,-,-,-,-,-,-,-,-,-,-,-,-,29.54,0.68%,"1,866"
DDECW,-,-,-,-,-,-,-,-,-,-,-,-,-,36.39,0.37%,"5,679"
DDECZ,-,3.01%,-,-,-,-,-,-,-,-,-,-,-,43.89,0.75%,303
DDEED,-,4.59%,-,-,-,-,-,-,-,-,-,-,-,20.80,-0.17%,"3,382"
DDEEF,-,3.32%,-,-,-,-,-,-,-,-,-,-,-,40.40,1.21%,245
DDEEP,-,1.88%,-,-,-,-,-,-,-,-,-,-,-,42.98,0.53%,785
DDEFR,-,-,-,-,-,-,-,-,-,-,-,-,-,26.36,0.13%,"13,066"
DDEFT,223.73M,-,3.27%,22.54%,16.59%,1.16,1.16,0.00,0.00,76.68%,108.45%,88.09%,Aug 13/a,0.58,3.78%,"1,527,275"
DDEHP,-,1.33%,-,-,-,-,-,-,-,-,-,-,-,42.03,1.69%,"36,058"
DDEI,1.80B,7.13%,-0.26%,-1.28%,-0.36%,0.47,0.47,2.72,3.12,23.86%,19.00%,-2.43%,Aug 04/a,10.73,0.56%,"2,113,187"
DDELL,360.69B,0.44%,10.51%,-,45.31%,0.96,0.71,-,-,19.70%,9.89%,7.53%,Sep 01/a,567.29,11.98%,"14,473,504"
DDEM,-,3.96%,-,-,-,-,-,-,-,-,-,-,-,56.75,0.60%,"187,502"
DDEMZ,-,0.43%,-,-,-,-,-,-,-,-,-,-,-,47.47,1.30%,"3,056"
DDEO,48.18B,2.57%,3.60%,15.75%,5.67%,1.60,0.62,1.81,2.04,59.46%,28.93%,8.82%,Aug 06/b,86.63,0.37%,"1,551,077"
DDEPW,-,-,-,-,-,-,-,-,-,-,-,-,-,24.40,1.84%,"1,657"
DDERM,204.06M,-,-6.80%,-23.77%,-11.61%,1.59,1.41,0.64,0.80,59.26%,-4.41%,-8.95%,Aug 12/a,7.23,1.97%,"167,997"
DDES,-,2.31%,-,-,-,-,-,-,-,-,-,-,-,39.76,0.56%,"61,050"
DDESK,-,5.04%,-,-,-,-,-,-,-,-,-,-,-,39.13,1.10%,"2,821"
DDETX,13.06M,-,-,-,-,2.78,2.35,0.03,0.11,-,-,-,-,2.30,-0.43%,"11,749"
DDEUS,-,1.40%,-,-,-,-,-,-,-,-,-,-,-,66.09,0.58%,"5,361"
DDEW,-,3.13%,-,-,-,-,-,-,-,-,-,-,-,72.03,0.37%,"1,827"
DDEXC,-,1.52%,-,-,-,-,-,-,-,-,-,-,-,81.16,1.55%,"27,132"
DDFAC,-,0.89%,-,-,-,-,-,-,-,-,-,-,-,45.16,0.71%,"1,972,852"
DDFAE,-,1.74%,-,-,-,-,-,-,-,-,-,-,-,40.13,1.24%,"887,558"
DDFAI,-,2.27%,-,-,-,-,-,-,-,-,-,-,-,42.77,0.92%,"1,956,528"
DDFAL,-,-,-,-,-,-,-,-,-,-,-,-,-,51.49,0.86%,"8,143"
DDFAR,-,2.76%,-,-,-,-,-,-,-,-,-,-,-,25.55,0.59%,"3,210,868"
DDFAS,-,0.99%,-,-,-,-,-,-,-,-,-,-,-,80.52,0.64%,"437,042"
DDFAT,-,1.36%,-,-,-,-,-,-,-,-,-,-,-,70.42,0.57%,"221,078"
DDFAU,-,0.89%,-,-,-,-,-,-,-,-,-,-,-,52.78,0.78%,"512,198"
DDFAW,-,1.25%,-,-,-,-,-,-,-,-,-,-,-,84.64,0.87%,"80,998"
DDFAX,-,2.25%,-,-,-,-,-,-,-,-,-,-,-,38.06,0.95%,"471,475"
DDFCA,-,2.78%,-,-,-,-,-,-,-,-,-,-,-,48.80,0.18%,"897,730"
DDFCF,-,4.44%,-,-,-,-,-,-,-,-,-,-,-,40.91,-0.15%,"1,381,816"
DDFDV,165.71M,-,-128.23%,-589.29%,-183.47%,1.20,1.20,-,-,88.43%,-54.24%,-1319.46%,Aug 12/a,5.08,-1.74%,"1,794,956"
DDFE,-,3.89%,-,-,-,-,-,-,-,-,-,-,-,76.48,0.54%,665
DDFEB,-,-,-,-,-,-,-,-,-,-,-,-,-,51.47,0.35%,"3,148"
DDFEM,-,1.83%,-,-,-,-,-,-,-,-,-,-,-,40.53,1.12%,"711,165"
DDFEN,-,0.19%,-,-,-,-,-,-,-,-,-,-,-,56.08,0.94%,"236,927"
DDFEV,-,1.98%,-,-,-,-,-,-,-,-,-,-,-,43.36,1.28%,"178,805"
DDFGP,-,5.66%,-,-,-,-,-,-,-,-,-,-,-,52.56,-0.09%,"418,986"
DDFGR,-,3.77%,-,-,-,-,-,-,-,-,-,-,-,28.43,0.35%,"523,036"
DDFGX,-,4.58%,-,-,-,-,-,-,-,-,-,-,-,51.29,0.00%,"186,355"
DDFH,1.11B,-,3.86%,9.58%,4.32%,4.92,0.53,1.15,1.15,15.68%,4.37%,3.22%,Jul 30/b,12.27,2.08%,"872,801"
DDFIC,-,2.32%,-,-,-,-,-,-,-,-,-,-,-,38.92,0.82%,"1,731,008"
DDFII,-,21.32%,-,-,-,-,-,-,-,-,-,-,-,13.36,0.56%,"10,360"
DDFIN,1.18B,-,4.12%,8.59%,5.97%,1.33,1.33,0.52,0.55,56.48%,19.92%,4.53%,Jul 30/b,47.95,-0.87%,"143,316"
DDFIP,-,5.87%,-,-,-,-,-,-,-,-,-,-,-,39.76,-0.46%,"211,006"
DDFIS,-,1.93%,-,-,-,-,-,-,-,-,-,-,-,37.12,0.68%,"399,651"
DDFIV,-,2.52%,-,-,-,-,-,-,-,-,-,-,-,58.58,0.97%,"1,157,276"
DDFJ,-,2.41%,-,-,-,-,-,-,-,-,-,-,-,116.19,2.10%,"23,111"
DDFLI,15.43M,-,-94.49%,-6579.40%,-125.86%,2.34,0.97,-,-,25.38%,-43.09%,-135.32%,Aug 06/a,1.03,0.00%,"181,011"
DDFLV,-,1.33%,-,-,-,-,-,-,-,-,-,-,-,41.71,0.80%,"622,147"
DDFMC,-,0.22%,-,-,-,-,-,-,-,-,-,-,-,59.13,0.67%,"18,927"
DDFNL,-,1.28%,-,-,-,-,-,-,-,-,-,-,-,51.54,0.56%,"19,202"
DDFNM,-,2.99%,-,-,-,-,-,-,-,-,-,-,-,46.93,0.13%,"399,853"
DDFNS,27.24M,-,-88.91%,-295.64%,-90.28%,0.14,0.11,0.04,0.10,12.33%,-434.77%,-1847.64%,Sep 02,9.59,-2.54%,"475,463"
DDFP,405.42M,7.67%,-,-,-,-,-,-,-,-,-,-,-,19.74,-0.15%,"92,689"
DDFSB,-,6.49%,-,-,-,-,-,-,-,-,-,-,-,50.06,-0.03%,"42,009"
DDFSC,3.82M,-,-89.17%,-189.22%,-147.59%,2.13,1.95,0.24,0.25,25.29%,-122.63%,-120.93%,-,1.43,-0.69%,"82,662"
DDFSD,-,4.49%,-,-,-,-,-,-,-,-,-,-,-,46.90,-0.11%,"607,476"
DDFSE,-,1.85%,-,-,-,-,-,-,-,-,-,-,-,49.21,1.46%,"15,019"
DDFSI,-,2.15%,-,-,-,-,-,-,-,-,-,-,-,46.50,0.78%,"39,204"
DDFSU,-,0.82%,-,-,-,-,-,-,-,-,-,-,-,47.79,0.82%,"56,925"
DDFSV,-,1.35%,-,-,-,-,-,-,-,-,-,-,-,39.75,0.53%,"1,445,587"
DDFTT,-,0.13%,-,-,-,-,-,-,-,-,-,-,-,30.14,1.06%,443
DDFTX,5.23B,-,-51.35%,-64.09%,-37.04%,6.95,6.95,0.04,0.04,-,-,-,Aug 06/a,38.89,3.07%,"1,754,315"
DDFUS,-,0.84%,-,-,-,-,-,-,-,-,-,-,-,83.37,0.83%,"1,209,475"
DDFUV,-,1.27%,-,-,-,-,-,-,-,-,-,-,-,57.01,0.71%,"312,155"
DDFVE,-,1.36%,-,-,-,-,-,-,-,-,-,-,-,36.52,0.75%,"7,776"
DDFVX,-,1.13%,-,-,-,-,-,-,-,-,-,-,-,84.80,0.87%,"6,946"
DDG,27.48B,1.92%,5.34%,19.69%,7.26%,1.21,0.31,1.53,1.70,28.67%,5.59%,3.90%,Aug 27/b,124.58,1.29%,"2,228,150"
DDGAC,220.60M,-,-,-,-,2.42,2.42,0.00,0.00,-,-,-,-,10.00,0.00%,8
DDGAP,-,-,-,-,-,-,-,-,-,-,-,-,-,31.07,0.19%,7
DDGCB,-,5.70%,-,-,-,-,-,-,-,-,-,-,-,52.45,-0.02%,"78,361"
DDGICA,750.03M,3.91%,3.86%,11.18%,10.14%,0.44,-,0.05,0.05,-,9.24%,7.38%,Jul 30/b,19.36,0.52%,"91,783"
DDGII,2.62B,-,5.62%,7.46%,6.08%,1.13,0.78,0.17,0.17,61.69%,15.10%,9.63%,Aug 05/a,69.03,0.38%,"324,942"
DDGIN,-,0.36%,-,-,-,-,-,-,-,-,-,-,-,37.17,1.74%,"2,602"
DDGJA,-,-,-,-,-,-,-,-,-,-,-,-,-,32.13,0.16%,6
DDGJL,-,-,-,-,-,-,-,-,-,-,-,-,-,30.31,0.21%,9
DDGLO,-,0.59%,-,-,-,-,-,-,-,-,-,-,-,23.56,0.45%,"2,654"
DDGNX,39.91M,-,-94.97%,-250.43%,-153.31%,1.72,1.72,0.00,0.01,-,-688.26%,-861.41%,Aug 13/a,1.37,-7.43%,"634,455"
DDGOC,-,-,-,-,-,-,-,-,-,-,-,-,-,32.91,0.08%,9
DDGP,-,-,-,-,-,-,-,-,-,-,-,-,-,156.78,0.50%,"128,665"
DDGRE,-,1.24%,-,-,-,-,-,-,-,-,-,-,-,41.42,1.00%,"3,760"
DDGRO,-,1.89%,-,-,-,-,-,-,-,-,-,-,-,78.24,0.59%,"1,165,299"
DDGRS,-,2.11%,-,-,-,-,-,-,-,-,-,-,-,58.38,0.52%,"32,463"
DDGRW,-,1.22%,-,-,-,-,-,-,-,-,-,-,-,98.64,0.67%,"371,734"
DDGS,-,3.75%,-,-,-,-,-,-,-,-,-,-,-,64.41,0.78%,"29,084"
DDGT,-,2.43%,-,-,-,-,-,-,-,-,-,-,-,190.97,0.95%,"3,612"
DDGX,25.94B,1.42%,6.43%,14.35%,7.72%,1.59,1.46,0.82,0.85,31.87%,14.56%,9.15%,Jul 23/b,235.02,1.68%,"997,026"
DDGXX,388.85M,-,-27.22%,-34.34%,-4.62%,11.25,11.25,0.00,0.00,-25.36%,-61.20%,-39.25%,Aug 14/b,3.81,2.97%,"940,438"
DDGZ,-,-,-,-,-,-,-,-,-,-,-,-,-,5.16,-3.95%,411
DDH,152.08M,-,-26.55%,-75.04%,-56.01%,1.77,1.77,1.08,1.15,60.13%,-8.45%,-72.28%,Aug 10/a,1.05,1.94%,"420,716"
DDHC,1.82B,0.53%,-5.91%,-15.47%,-6.65%,6.65,6.65,1.53,1.53,2.89%,-2.15%,-17.73%,Aug 03/a,7.50,-0.53%,"1,532,706"
DDHDG,-,-,-,-,-,-,-,-,-,-,-,-,-,37.62,0.48%,"2,491"
DDHF,167.29M,9.39%,-,-,-,-,-,-,-,-,-,-,-,2.30,0.00%,"534,207"
DDHI,38.57B,1.30%,8.37%,12.75%,9.85%,10.45,0.96,0.30,0.30,22.61%,12.08%,9.15%,Jul 21/b,137.89,1.71%,"2,489,649"
DDHLX,-,0.64%,-,-,-,-,-,-,-,-,-,-,-,13.59,0.74%,"26,923"
DDHR,140.70B,0.70%,4.59%,7.61%,5.15%,1.65,1.25,0.48,0.53,58.97%,21.19%,15.95%,Jul 21/b,200.14,-0.19%,"3,628,491"
DDHS,-,3.26%,-,-,-,-,-,-,-,-,-,-,-,117.35,0.59%,"38,346"
DDHSB,-,0.11%,-,-,-,-,-,-,-,-,-,-,-,27.52,0.31%,264
DDHT,3.55B,16.99%,29.26%,39.18%,27.56%,3.64,3.32,0.29,0.33,59.47%,56.66%,65.60%,Aug 05/a,22.00,2.66%,"5,206,766"
DDHX,196.71M,-,0.62%,1.23%,0.91%,0.44,0.44,0.42,0.43,73.66%,13.67%,0.97%,Aug 05/a,4.53,1.34%,"254,042"
DDHY,232.09M,11.43%,-,-,-,-,-,-,-,-,-,-,-,1.68,-0.59%,"868,844"
DDIA,-,1.40%,-,-,-,-,-,-,-,-,-,-,-,525.79,0.97%,"3,437,483"
DDIAL,-,5.31%,-,-,-,-,-,-,-,-,-,-,-,17.62,-0.08%,"44,834"
DDIBS,145.55M,-,-6.22%,-9.19%,-9.05%,3.35,3.35,0.16,0.22,74.06%,-12.22%,-8.54%,Aug 05/b,4.33,0.70%,"57,572"
DDICE,-,-,-,-,-,-,-,-,-,-,-,-,-,24.83,-0.03%,"2,119"
DDIEM,-,2.81%,-,-,-,-,-,-,-,-,-,-,-,43.76,0.97%,"8,445"
DDIG,-,1.23%,-,-,-,-,-,-,-,-,-,-,-,72.28,0.54%,"24,951"
DDIHP,-,1.91%,-,-,-,-,-,-,-,-,-,-,-,34.62,0.74%,"538,694"
DDIM,-,2.93%,-,-,-,-,-,-,-,-,-,-,-,89.32,0.73%,762
DDIME,-,-,-,-,-,-,-,-,-,-,-,-,-,8.96,-1.03%,"9,299"
DDIN,358.13M,2.69%,0.35%,-,0.48%,0.86,0.86,-,-,38.38%,14.53%,0.70%,Aug 05/b,28.29,0.21%,"400,964"
DDINE,-,0.20%,-,-,-,-,-,-,-,-,-,-,-,25.00,-0.02%,14
DDINO,19.17B,1.89%,10.60%,19.41%,14.15%,1.97,1.10,0.31,0.32,10.13%,8.58%,6.08%,Jul 28/b,107.84,0.11%,"2,808,383"
DDINT,-,1.62%,-,-,-,-,-,-,-,-,-,-,-,29.25,0.47%,"78,228"
DDIOD,4.38B,-,3.41%,4.50%,4.28%,3.17,1.99,0.03,0.05,30.61%,4.80%,5.27%,Aug 05/a,95.01,3.65%,"484,190"
DDIPR,-,-,-,-,-,-,-,-,-,-,-,-,-,22.39,1.98%,997
DDIPS,-,64.57%,-,-,-,-,-,-,-,-,-,-,-,33.06,-0.04%,"1,171"
DDIS,183.98B,1.30%,4.29%,7.85%,5.83%,0.65,0.59,0.34,0.42,32.19%,15.43%,8.68%,Aug 05/b,106.55,0.69%,"7,257,814"
DDISK,-,-,-,-,-,-,-,-,-,-,-,-,-,38.61,0.16%,"145,715"
DDISV,-,2.33%,-,-,-,-,-,-,-,-,-,-,-,44.43,0.77%,"243,705"
DDIT,60.03M,0.74%,0.45%,1.57%,0.59%,2.75,1.05,1.63,1.74,5.95%,0.38%,0.06%,Aug 05/a,64.78,0.00%,61
DDIV,-,6.44%,-,-,-,-,-,-,-,-,-,-,-,19.67,0.31%,"136,285"
DDIVB,-,2.04%,-,-,-,-,-,-,-,-,-,-,-,68.47,1.26%,"188,354"
DDIVD,-,2.70%,-,-,-,-,-,-,-,-,-,-,-,44.18,0.30%,"2,765"
DDIVE,-,1.02%,-,-,-,-,-,-,-,-,-,-,-,27.84,0.98%,515
DDIVG,-,3.00%,-,-,-,-,-,-,-,-,-,-,-,37.80,0.88%,563
DDIVH,-,-,-,-,-,-,-,-,-,-,-,-,-,25.13,0.93%,230
DDIVI,-,3.50%,-,-,-,-,-,-,-,-,-,-,-,44.12,0.98%,"111,420"
DDIVL,-,1.76%,-,-,-,-,-,-,-,-,-,-,-,25.22,0.40%,149
DDIVN,-,3.65%,-,-,-,-,-,-,-,-,-,-,-,30.30,0.66%,"25,632"
DDIVO,-,5.05%,-,-,-,-,-,-,-,-,-,-,-,47.74,0.53%,"670,256"
DDIVP,-,5.65%,-,-,-,-,-,-,-,-,-,-,-,27.35,0.38%,"6,986"
DDIVS,-,1.82%,-,-,-,-,-,-,-,-,-,-,-,33.79,0.58%,"1,301"
DDIVY,-,2.90%,-,-,-,-,-,-,-,-,-,-,-,30.42,0.46%,718
DDIVZ,-,2.55%,-,-,-,-,-,-,-,-,-,-,-,37.98,0.29%,"22,072"
DDJAN,-,-,-,-,-,-,-,-,-,-,-,-,-,46.49,0.45%,"124,805"
DDJCO,912.07M,-,-2.35%,-3.31%,-3.17%,11.65,11.65,0.06,0.06,26.28%,13.45%,-11.63%,Aug 12/a,661.90,2.19%,"52,552"
DDJD,-,2.41%,-,-,-,-,-,-,-,-,-,-,-,64.99,0.74%,"18,036"
DDJIA,-,8.00%,-,-,-,-,-,-,-,-,-,-,-,22.75,0.82%,"34,682"
DDJP,-,-,-,-,-,-,-,-,-,-,-,-,-,52.57,-1.52%,"25,034"
DDJT,2.41B,-,-49.53%,-78.93%,-127.22%,0.96,0.96,0.00,0.95,-133.25%,-4052.33%,-28860.41%,Aug 10/a,8.66,-1.37%,"2,308,100"
DDJTU,-,-,-,-,-,-,-,-,-,-,-,-,-,10.53,-3.13%,"12,265"
DDJUL,-,-,-,-,-,-,-,-,-,-,-,-,-,51.15,0.47%,"5,586"
DDJUN,-,-,-,-,-,-,-,-,-,-,-,-,-,50.04,0.67%,"3,045"
DDK,4.66B,1.33%,3.09%,212.71%,6.59%,0.76,0.47,17.26,17.45,7.51%,6.06%,1.86%,Aug 05/b,76.10,1.62%,"2,729,786"
DDKI,5.53M,-,-212.75%,-313.69%,-235.45%,1.19,1.19,0.00,0.00,25.98%,-106.52%,-105.89%,Aug 13/b,2.66,7.69%,"101,062"
DDKL,3.29B,8.03%,5.48%,439.37%,6.62%,0.96,0.91,-,-,17.33%,15.39%,12.85%,Aug 05/b,56.90,-0.18%,"249,876"
DDKNG,22.01B,-,-3.81%,-21.14%,-6.74%,1.02,1.02,3.35,3.36,40.54%,-2.83%,-2.68%,Aug 06/a,24.74,4.34%,"11,740,824"
DDKS,12.01B,3.71%,5.80%,18.47%,6.60%,1.48,0.36,1.22,1.39,32.25%,6.43%,3.97%,Aug 25/b,135.03,1.42%,"2,540,033"
DDLAG,-,-,-,-,-,-,-,-,-,-,-,-,-,33.65,0.51%,"1,351"
DDLB,6.04B,2.23%,7.12%,8.72%,8.63%,3.19,3.11,0.01,0.02,87.61%,19.33%,16.70%,Jul 30/a,64.48,2.97%,"1,073,304"
DDLCU,-,-,-,-,-,-,-,-,-,-,-,-,-,49.55,0.89%,177
DDLFE,-,-,-,-,-,-,-,-,-,-,-,-,-,32.37,0.25%,578
DDLHC,56.96M,-,-7.78%,-20.84%,-10.26%,0.67,0.67,1.25,1.51,11.29%,-0.11%,-8.51%,Jul 29/a,3.93,-2.00%,"9,565"
DDLLL,-,-,-,-,-,-,-,-,-,-,-,-,-,36.79,23.50%,"3,156,757"
DDLMY,-,-,-,-,-,-,-,-,-,-,-,-,-,30.49,0.49%,77
DDLN,-,1.75%,-,-,-,-,-,-,-,-,-,-,-,99.90,0.65%,"65,530"
DDLNG,137.52M,5.29%,8.10%,13.98%,9.29%,0.88,0.86,0.42,0.51,51.45%,46.04%,41.13%,Sep 08/b,3.78,0.00%,"62,562"
DDLNV,-,-,-,-,-,-,-,-,-,-,-,-,-,33.63,0.37%,10
DDLO,4.19B,1.48%,11.95%,41.28%,37.64%,1.25,1.25,0.00,0.12,33.91%,17.68%,15.04%,Aug 13/a,14.86,-0.40%,"1,249,298"
DDLPN,14.39M,-,-6.42%,-51.60%,-14.45%,0.77,0.77,3.05,4.48,15.71%,-3.70%,-6.32%,Aug 12/a,1.11,-0.45%,"11,546"
DDLR,69.96B,2.60%,1.55%,3.17%,1.72%,2.66,2.66,0.69,0.72,28.41%,19.14%,11.07%,Jul 23/a,188.58,1.73%,"1,339,794"
DDLS,-,3.41%,-,-,-,-,-,-,-,-,-,-,-,88.59,0.86%,"12,884"
DDLTH,176.72M,-,1.43%,3.39%,1.98%,1.85,0.56,0.68,0.79,54.04%,2.51%,1.07%,Sep 03/b,4.65,0.65%,"167,577"
DDLTR,22.17B,-,11.80%,46.03%,15.99%,1.13,0.39,1.94,2.24,38.74%,10.54%,8.03%,Aug 27/b,118.17,-0.41%,"3,686,370"
DDLUX,-,1.53%,-,-,-,-,-,-,-,-,-,-,-,50.14,-0.02%,368
DDLX,1.08B,5.08%,3.95%,14.95%,4.63%,1.20,1.08,2.07,2.08,52.54%,12.55%,4.76%,Aug 05/a,23.62,-0.08%,"360,887"
DDLXY,6.74M,-,-18.92%,-646.69%,-4251.07%,1.00,1.00,0.00,39.00,0.82%,-1.49%,-1.47%,-,0.41,-1.36%,"58,908"
DDLY,666.45M,10.23%,-,-,-,-,-,-,-,-,-,-,-,13.73,-0.36%,"84,475"
DDMA,69.47M,16.44%,-,-,-,-,-,-,-,-,-,-,-,7.75,0.91%,"7,247"
DDMAA,262.19M,-,3.18%,3.33%,4.42%,0.02,0.02,0.00,0.01,-,-,-,-,10.80,0.00%,802
DDMAC,348.90M,-,-98.18%,-114.62%,-97.75%,6.72,6.72,0.00,0.00,-,-,-,Aug 10/a,6.47,0.00%,"123,613"
DDMAR,-,-,-,-,-,-,-,-,-,-,-,-,-,45.54,0.25%,"4,379"
DDMAX,-,0.87%,-,-,-,-,-,-,-,-,-,-,-,27.73,0.21%,"1,223"
DDMAY,-,-,-,-,-,-,-,-,-,-,-,-,-,47.87,0.50%,"5,697"
DDMB,187.56M,5.18%,-,-,-,-,-,-,-,-,-,-,-,10.19,-0.29%,"30,555"
DDMBS,-,5.42%,-,-,-,-,-,-,-,-,-,-,-,47.30,-0.08%,"85,087"
DDMC,1.48B,3.83%,1.04%,1.67%,1.33%,2.23,1.04,0.27,0.30,9.27%,3.77%,0.79%,Jul 29/b,31.34,-1.94%,"252,619"
DDMII,647.37M,-,5.06%,5.25%,2.62%,0.34,0.34,0.00,0.00,-,-,-,-,10.16,-0.07%,"1,598"
DDMLP,1.45B,10.81%,26.40%,26.71%,27.07%,13.85,13.85,0.01,0.01,52.85%,45.45%,43.92%,May 06/a,29.55,-0.34%,"49,645"
DDMO,113.01M,14.86%,-,-,-,-,-,-,-,-,-,-,-,9.89,0.00%,"50,218"
DDMRA,1.73B,-,-94.32%,-100.00%,-50.93%,19.73,19.73,0.00,0.00,-,-,-,Aug 10/a,28.10,4.69%,"525,410"
DDMRC,112.38M,-,-58.99%,-82.96%,-94.90%,1.42,1.42,0.13,0.16,51.33%,-102.50%,-99.80%,Aug 13/a,5.00,0.60%,"133,123"
DDMX,-,5.88%,-,-,-,-,-,-,-,-,-,-,-,49.67,0.06%,"14,641"
DDMXF,-,4.11%,-,-,-,-,-,-,-,-,-,-,-,85.99,1.02%,"13,666"
DDNA,454.55M,-,-26.55%,-57.08%,-38.25%,4.57,4.57,0.96,0.96,34.59%,-257.99%,-281.87%,Aug 05/a,6.75,-0.44%,"932,746"
DDNL,-,1.32%,-,-,-,-,-,-,-,-,-,-,-,45.14,0.78%,"7,405"
DDNLI,3.37B,-,-44.01%,-54.93%,-59.29%,8.37,8.32,0.03,0.05,-318.04%,-15058.19%,-14191.20%,Aug 06/a,21.09,-1.45%,"1,239,511"
DDNMX,270.21M,-,2.99%,-,-,1.41,1.41,-,-,-,-,-,-,10.07,0.00%,"40,078"
DDNN,2.73B,-,-32.14%,-67.10%,-29.08%,9.41,9.14,2.38,2.38,-1876.61%,-2101.05%,-6755.49%,Aug 12/a,3.02,-6.50%,"25,532,570"
DDNOV,-,-,-,-,-,-,-,-,-,-,-,-,-,52.48,0.37%,"63,196"
DDNOW,2.83B,-,-6.87%,-11.57%,-7.03%,2.14,1.06,0.28,0.30,15.90%,-2.55%,-4.60%,Aug 06/b,15.65,1.16%,"2,113,310"
DDNP,4.00B,7.38%,-,-,-,-,-,-,-,-,-,-,-,10.57,-0.38%,"586,380"
DDNTH,5.94B,-,-24.98%,-26.07%,-16.39%,26.10,26.10,0.00,0.00,80.09%,-11441.39%,-10096.95%,Aug 04/a,106.20,2.83%,"732,764"
DDNUT,556.94M,-,-3.83%,-14.56%,-5.43%,0.36,0.29,1.85,2.04,16.32%,-0.10%,-6.53%,Aug 06/b,3.21,0.31%,"1,365,529"
DDOC,14.34B,6.04%,1.17%,3.08%,1.39%,3.40,3.40,1.22,1.32,20.87%,17.95%,8.23%,Aug 04/a,20.30,-0.34%,"3,571,330"
DDOCK,-,-,-,-,-,-,-,-,-,-,-,-,-,26.29,0.24%,157
DDOCN,14.46B,-,9.71%,62.27%,10.05%,1.31,1.31,1.52,2.13,57.22%,14.80%,23.27%,Aug 04/b,122.95,-6.18%,"2,446,831"
DDOCS,4.56B,-,14.60%,17.21%,18.09%,6.04,6.04,0.01,0.01,87.41%,30.57%,25.48%,Aug 06/a,25.58,3.52%,"2,696,214"
DDOCT,-,-,-,-,-,-,-,-,-,-,-,-,-,47.79,0.37%,"3,382"
DDOCU,12.27B,-,8.34%,17.80%,17.49%,0.64,0.64,0.10,0.11,79.16%,11.96%,9.82%,Sep 03/a,65.65,-0.23%,"2,193,150"
DDOG,-,3.37%,-,-,-,-,-,-,-,-,-,-,-,21.69,-0.91%,"4,579,034"
DDOGG,-,8.81%,-,-,-,-,-,-,-,-,-,-,-,21.63,0.29%,"21,682"
DDOGZ,16.09M,-,-7.97%,-9.96%,-7.92%,1.75,1.45,0.12,0.16,15.16%,-53.39%,-51.80%,-,0.91,-1.84%,"11,590"
DDOJE,-,-,-,-,-,-,-,-,-,-,-,-,-,7.80,0.84%,"16,232"
DDOL,-,2.41%,-,-,-,-,-,-,-,-,-,-,-,76.66,0.99%,"11,859"
DDOLE,1.26B,2.60%,1.54%,5.23%,2.82%,1.28,0.98,0.98,1.09,7.46%,1.93%,0.78%,Aug 10/b,13.33,-1.77%,"1,003,276"
DDOMH,52.85M,-,-82.63%,-125.96%,-288.85%,1.19,1.19,0.09,0.12,-,-35.61%,-54.29%,-,2.18,8.46%,"366,849"
DDOMO,180.15M,-,-22.74%,-,-,0.23,0.23,-,-,75.36%,-9.79%,-13.37%,Sep 03/a,3.83,1.32%,"1,380,921"
DDON,-,2.35%,-,-,-,-,-,-,-,-,-,-,-,56.78,0.55%,"258,641"
DDOO,4.34B,1.19%,1.82%,28.91%,3.61%,1.19,0.52,8.80,9.13,20.58%,6.36%,1.23%,Sep 03/b,60.99,0.54%,"187,877"
DDORM,3.76B,-,8.82%,15.05%,10.73%,3.60,1.73,0.35,0.35,41.83%,17.15%,10.18%,Aug 03/a,126.66,0.02%,"128,544"
DDOUG,157.24M,-,5.33%,16.33%,10.18%,1.52,1.52,0.46,0.59,13.85%,-4.70%,2.47%,Aug 07/b,1.73,0.58%,"376,200"
DDOV,25.46B,1.14%,8.41%,14.91%,11.04%,1.98,1.41,0.33,0.42,40.09%,18.09%,13.48%,Jul 23/b,189.05,0.90%,"1,043,781"
DDOW,20.97B,4.80%,-2.16%,-7.89%,-3.83%,1.75,1.14,1.15,1.22,9.44%,3.64%,-3.16%,Jul 23/b,29.03,-2.06%,"10,493,780"
DDOX,6.61B,3.44%,6.98%,13.11%,10.97%,0.94,0.94,0.24,0.33,36.28%,16.86%,9.56%,Aug 05/a,61.42,1.92%,"605,991"
DDOYU,141.85M,-,-1.08%,-1.75%,-1.75%,2.19,2.19,0.00,0.01,14.46%,0.07%,-0.94%,Aug 20/b,4.70,3.52%,"49,688"
DDPC,6.32B,-,-,-,-,1.48,1.22,0.13,0.76,-,-,-,Aug 11/b,42.30,-0.28%,"1,325,459"
DDPG,500.72M,6.11%,-,-,-,-,-,-,-,-,-,-,-,13.91,0.07%,"66,955"
DDPRE,-,1.30%,-,-,-,-,-,-,-,-,-,-,-,25.53,1.23%,8
DDPRO,208.41M,-,-36.24%,-38.52%,-22.34%,29.62,27.54,0.00,0.00,10.27%,-398.85%,-358.20%,Aug 10/a,5.61,2.56%,"1,214,422"
DDPST,-,1.66%,-,-,-,-,-,-,-,-,-,-,-,131.19,0.05%,"184,310"
DDPU,5.44M,-,-146.92%,-170.92%,-345.86%,5.64,5.64,0.00,0.00,6.84%,-407.21%,-384.81%,-,1.81,-8.59%,"71,507"
DDPZ,10.31B,2.56%,33.38%,-,54.88%,1.54,1.41,-,-,40.02%,19.30%,11.86%,Jul 20/b,311.60,-1.80%,"597,261"
DDQ,780.91M,-,-3.04%,-4.42%,-4.39%,5.81,4.99,0.00,0.00,-35.44%,-53.78%,-34.49%,Aug 20/b,11.54,-1.45%,"848,290"
DDQJN,-,-,-,-,-,-,-,-,-,-,-,-,-,29.55,0.62%,10
DDRAI,-,1.73%,-,-,-,-,-,-,-,-,-,-,-,32.95,0.51%,379
DDRAL,-,-,-,-,-,-,-,-,-,-,-,-,-,11.28,1.71%,"105,392"
DDRAM,-,-,-,-,-,-,-,-,-,-,-,-,-,59.10,0.92%,"22,078,715"
DDRAY,-,96.66%,-,-,-,-,-,-,-,-,-,-,-,14.42,3.66%,"10,166"
DDRCT,1.37M,-,-108.82%,-,-,0.14,0.14,-,-,-19.14%,-47.19%,-91.97%,Aug 12/a,1.71,-3.39%,"5,386"
DDRD,2.33B,3.14%,28.83%,39.57%,32.48%,3.62,3.07,0.00,0.00,53.12%,51.05%,38.13%,-,26.81,-1.11%,"233,865"
DDRDB,327.06M,-,2.26%,2.28%,2.25%,0.06,0.06,0.00,0.00,-,-,-,-,10.67,0.00%,76
DDRES,-,0.54%,-,-,-,-,-,-,-,-,-,-,-,29.56,0.37%,"11,926"
DDRGN,-,1.20%,-,-,-,-,-,-,-,-,-,-,-,33.10,0.40%,"9,444"
DDRH,2.50B,3.35%,5.02%,9.92%,5.65%,1.32,1.32,0.79,0.79,19.38%,16.26%,13.09%,Jul 30/a,12.20,0.16%,"4,857,745"
DDRI,23.83B,3.12%,8.36%,53.72%,12.99%,0.31,0.21,3.21,3.63,17.43%,12.17%,9.13%,Sep 24/b,209.89,1.14%,"1,176,522"
DDRIO,67.91M,-,-32.34%,-55.65%,-38.12%,2.31,1.92,0.58,0.59,58.15%,-151.60%,-199.33%,Aug 11/b,6.93,5.32%,"48,826"
DDRIP,-,4.81%,-,-,-,-,-,-,-,-,-,-,-,32.37,-0.09%,"1,014,910"
DDRIV,-,0.64%,-,-,-,-,-,-,-,-,-,-,-,34.21,1.03%,"16,386"
DDRKY,-,13.23%,-,-,-,-,-,-,-,-,-,-,-,21.50,0.82%,"2,877"
DDRLL,-,2.02%,-,-,-,-,-,-,-,-,-,-,-,42.45,0.14%,"12,045"
DDRMA,4.79M,-,-139.93%,-183.89%,-239.95%,2.80,2.72,0.00,0.00,-,-,-,Aug 11/a,1.19,-0.83%,"26,730"
DDRMP,-,8.68%,-,-,-,-,-,-,-,-,-,-,-,21.65,1.15%,"20,670"
DDRMY,-,3.21%,-,-,-,-,-,-,-,-,-,-,-,49.28,1.06%,"7,889"
DDRN,-,2.08%,-,-,-,-,-,-,-,-,-,-,-,9.78,2.30%,"1,608,817"
DDRNZ,-,-,-,-,-,-,-,-,-,-,-,-,-,20.64,0.81%,"78,378"
DDRS,9.63B,1.00%,7.78%,11.92%,10.63%,1.92,1.56,0.08,0.10,24.29%,10.56%,8.52%,Jul 30/b,36.07,-0.66%,"621,295"
DDRSK,-,3.81%,-,-,-,-,-,-,-,-,-,-,-,27.84,-0.07%,"102,414"
DDRTS,1.30B,-,-75.51%,-141.68%,-159.91%,11.09,11.09,0.31,0.34,-,-,-,Aug 10/a,14.43,-0.07%,"410,398"
DDRUG,623.21M,-,-13.80%,-13.93%,-8.18%,121.97,121.97,0.00,0.00,-,-,-,Aug 17/b,63.18,-2.80%,"129,222"
DDRUP,-,-,-,-,-,-,-,-,-,-,-,-,-,67.79,0.54%,"1,682"
DDRV,-,3.49%,-,-,-,-,-,-,-,-,-,-,-,20.14,-2.23%,"251,774"
DDRVN,2.00B,-,4.15%,20.58%,4.87%,1.47,1.33,2.63,2.66,39.91%,14.52%,7.42%,Aug 06/b,12.15,-1.22%,"862,257"
DDRVR,-,0.22%,-,-,-,-,-,-,-,-,-,-,-,25.02,0.57%,442
DDSAC,346.31M,-,-,-,1.86%,9.81,9.81,0.00,0.00,-,-,-,-,10.18,-0.10%,"1,469,749"
DDSC,265.07M,-,-6.26%,-12.48%,-7.26%,1.87,1.28,0.28,0.51,38.44%,-14.97%,-13.96%,Aug 26/b,7.91,-1.80%,"30,705"
DDSCO,-,3.26%,-,-,-,-,-,-,-,-,-,-,-,24.64,-0.02%,"43,707"
DDSEP,-,-,-,-,-,-,-,-,-,-,-,-,-,48.68,0.31%,"6,673"
DDSGN,915.57M,-,-32.33%,-34.13%,-34.72%,18.86,18.86,0.01,0.01,-,-,-,Aug 03/b,14.63,-1.15%,"715,238"
DDSGR,1.61B,-,0.50%,1.37%,0.62%,2.54,1.39,1.20,1.29,29.95%,4.21%,0.44%,Aug 06/b,34.75,0.00%,"193,532"
DDSGX,6.52B,-,10.12%,11.95%,11.39%,2.02,2.02,0.00,0.00,67.69%,33.24%,24.25%,Sep 10/a,76.04,6.62%,"1,814,530"
DDSI,-,0.85%,-,-,-,-,-,-,-,-,-,-,-,145.43,0.87%,"74,808"
DDSL,1.19B,12.69%,-,-,-,-,-,-,-,-,-,-,-,10.40,-0.48%,"303,067"
DDSM,275.81M,5.54%,-,-,-,-,-,-,-,-,-,-,-,5.58,0.00%,"126,845"
DDSMC,-,1.06%,-,-,-,-,-,-,-,-,-,-,-,43.70,1.27%,"7,271"
DDSP,837.04M,-,1.94%,12.33%,6.66%,2.34,2.34,0.15,0.20,76.51%,36.49%,2.24%,Aug 10/a,12.58,-1.26%,"239,586"
DDSPC,-,-,-,-,-,-,-,-,-,-,-,-,-,13.75,-2.12%,"3,915"
DDSPY,-,0.74%,-,-,-,-,-,-,-,-,-,-,-,66.39,0.86%,"2,112"
DDSS,7.26M,-,-34.19%,-361.77%,-269.07%,0.19,0.15,-,-,-20.80%,-89.83%,-149.84%,May 19,0.72,-6.91%,"139,280"
DDSTL,-,1.10%,-,-,-,-,-,-,-,-,-,-,-,67.24,0.84%,"44,866"
DDSTX,-,2.85%,-,-,-,-,-,-,-,-,-,-,-,35.39,0.49%,"2,018"
DDSU,603.78M,12.75%,-,-,-,-,-,-,-,-,-,-,-,9.32,-0.53%,"174,228"
DDSWL,47.81M,6.48%,8.50%,10.05%,9.71%,5.25,4.67,0.00,0.00,22.37%,3.53%,17.33%,Jun 17/b,3.01,-2.90%,"8,188"
DDSX,369.51M,3.37%,5.17%,11.53%,5.69%,2.05,2.01,0.92,1.10,34.52%,18.27%,25.20%,Jul 30/b,2.97,1.71%,"1,227,591"
DDSY,31.11M,-,-364.18%,-9117.54%,-536.55%,1.51,1.51,0.92,1.72,1.01%,-1889.49%,-1800.55%,-,3.77,-1.05%,"5,808"
DDT,14.76B,-,3.70%,5.88%,5.85%,1.12,1.12,0.06,0.06,81.35%,13.03%,7.22%,Aug 05/b,51.07,-0.68%,"4,971,486"
DDTAN,-,2.68%,-,-,-,-,-,-,-,-,-,-,-,33.31,0.81%,48
DDTCR,-,0.87%,-,-,-,-,-,-,-,-,-,-,-,28.26,1.98%,"354,145"
DDTCX,81.09M,-,-63.30%,-64.69%,-22.12%,183.58,183.58,0.00,0.00,-21985.43%,-,-,Apr 13/a,2.02,0.50%,"93,845"
DDTD,-,1.82%,-,-,-,-,-,-,-,-,-,-,-,96.23,0.65%,"18,419"
DDTE,27.59B,3.59%,2.47%,11.01%,3.43%,0.80,0.53,2.15,2.29,16.03%,12.64%,8.05%,Jul 28/b,132.58,-1.31%,"1,683,961"
DDTEC,-,0.04%,-,-,-,-,-,-,-,-,-,-,-,50.68,0.56%,"2,431"
DDTF,80.70M,3.34%,-,-,-,-,-,-,-,-,-,-,-,11.48,0.09%,"2,326"
DDTH,-,3.74%,-,-,-,-,-,-,-,-,-,-,-,58.39,0.65%,"15,128"
DDTI,92.79M,-,-1.31%,-2.49%,-1.60%,2.18,1.50,0.58,0.66,54.52%,2.53%,-1.97%,Aug 06/a,2.63,1.15%,"64,704"
DDTIL,197.90M,-,-45.66%,-135.15%,-74.69%,12.82,12.82,0.58,0.62,94.24%,-80.78%,-119.00%,Aug 06/b,7.17,-0.97%,"191,404"
DDTM,13.15B,2.71%,4.64%,9.90%,5.75%,1.37,1.37,0.70,0.71,53.05%,49.69%,35.73%,Jul 30/b,128.86,-0.50%,"1,043,082"
DDTRE,-,3.72%,-,-,-,-,-,-,-,-,-,-,-,42.03,1.31%,14
DDTSQ,41.59M,-,1.76%,1.81%,4.75%,0.04,0.04,0.00,0.00,-,-,-,-,11.39,0.22%,"1,770"
DDTSS,10.74M,-,-37.50%,-81.19%,-75.52%,0.60,0.57,0.04,1.15,3.96%,-4.73%,-4.79%,-,0.66,-3.64%,"8,125"
DDTST,7.11M,-,-7.80%,-8.72%,-20.92%,10.69,10.69,0.00,0.00,47.28%,-309.16%,-149.30%,Aug 14/b,3.04,1.69%,"12,219"
DDUBS,-,1.94%,-,-,-,-,-,-,-,-,-,-,-,42.94,1.01%,"13,404"
DDUG,-,5.46%,-,-,-,-,-,-,-,-,-,-,-,14.11,-0.35%,"155,563"
DDUHP,-,0.91%,-,-,-,-,-,-,-,-,-,-,-,41.85,0.67%,"642,030"
DDUK,93.11B,3.66%,2.68%,9.91%,3.80%,0.66,0.43,1.52,1.68,31.37%,26.62%,15.61%,Aug 04/b,119.42,0.04%,"3,033,898"
DDUKH,-,5.48%,-,-,-,-,-,-,-,-,-,-,-,23.56,0.13%,454
DDUKQ,-,0.31%,-,-,-,-,-,-,-,-,-,-,-,31.49,0.83%,639
DDUKR,18.47M,-,-54.10%,-66.63%,-33.37%,14.47,14.47,0.06,0.07,-4.96%,-550.65%,-610.97%,Aug 13/b,5.39,0.37%,"9,271"
DDUKU,93.11B,-,-,-,-,-,-,-,-,-,-,-,-,49.91,0.58%,"53,183"
DDUKX,-,1.88%,-,-,-,-,-,-,-,-,-,-,-,29.02,0.90%,361
DDUKZ,-,3.96%,-,-,-,-,-,-,-,-,-,-,-,24.93,0.04%,"5,487"
DDULL,-,-,-,-,-,-,-,-,-,-,-,-,-,57.12,-1.67%,"6,626"
DDUNK,-,-,-,-,-,-,-,-,-,-,-,-,-,27.44,0.44%,"25,002"
DDUO,19.70M,-,-11.61%,-17.61%,-14.82%,1.93,1.90,0.00,0.00,29.25%,-32.57%,-30.17%,Aug 28/b,0.51,-1.29%,"30,900"
DDUOG,-,-,-,-,-,-,-,-,-,-,-,-,-,53.92,-2.23%,"1,810"
DDUOL,6.72B,-,22.72%,34.42%,27.46%,2.72,2.72,0.06,0.06,72.22%,14.21%,35.87%,Aug 05/a,143.68,-1.02%,"980,262"
DDUOT,259.96M,-,30.05%,38.58%,19.29%,8.47,8.47,0.00,0.00,44.54%,-32.16%,158.98%,Aug 17/a,8.26,1.98%,"639,595"
DDURA,-,3.07%,-,-,-,-,-,-,-,-,-,-,-,39.47,0.41%,"1,239"
DDUSA,-,0.86%,-,-,-,-,-,-,-,-,-,-,-,56.86,0.55%,"15,407"
DDUSB,-,3.96%,-,-,-,-,-,-,-,-,-,-,-,50.67,-0.08%,"318,443"
DDUSG,-,0.14%,-,-,-,-,-,-,-,-,-,-,-,50.91,0.97%,"2,283"
DDUSL,-,0.40%,-,-,-,-,-,-,-,-,-,-,-,81.36,2.91%,"7,339"
DDUST,-,8.24%,-,-,-,-,-,-,-,-,-,-,-,33.62,-2.01%,"1,275,332"
DDUTY,-,-,-,-,-,-,-,-,-,-,-,-,-,25.66,-0.36%,"2,978"
DDV,2.08B,-,4.52%,5.39%,4.96%,4.50,4.50,0.08,0.10,74.44%,12.69%,7.66%,Aug 06/a,13.41,0.30%,"2,964,859"
DDVA,11.58B,-,4.67%,635.30%,6.81%,1.47,1.41,-,-,27.29%,14.93%,5.87%,Aug 04/a,181.55,0.12%,"767,849"
DDVAL,-,1.75%,-,-,-,-,-,-,-,-,-,-,-,16.46,0.73%,"1,340"
DDVDN,-,15.92%,-,-,-,-,-,-,-,-,-,-,-,14.90,-0.31%,575
DDVGR,-,0.61%,-,-,-,-,-,-,-,-,-,-,-,26.40,0.59%,"2,452"
DDVLT,184.72M,-,-87.32%,-108.43%,-70.55%,4.76,4.72,0.00,0.03,44.77%,-145.10%,-370.21%,Aug 19/b,0.19,-4.09%,"25,522,732"
DDVLU,-,0.66%,-,-,-,-,-,-,-,-,-,-,-,40.76,1.19%,"1,247"
DDVN,55.25B,2.29%,6.41%,11.55%,6.31%,0.72,0.67,0.25,0.28,27.09%,24.36%,16.55%,Aug 04/a,50.23,0.42%,"10,410,318"
DDVND,-,1.75%,-,-,-,-,-,-,-,-,-,-,-,39.40,0.78%,802
DDVOL,-,0.78%,-,-,-,-,-,-,-,-,-,-,-,36.15,0.82%,"5,418"
DDVQQ,-,0.03%,-,-,-,-,-,-,-,-,-,-,-,31.35,1.55%,"1,357"
DDVSP,-,0.25%,-,-,-,-,-,-,-,-,-,-,-,29.55,1.72%,"1,608"
DDVVY,-,0.45%,-,-,-,-,-,-,-,-,-,-,-,27.34,0.63%,11
DDVY,-,3.24%,-,-,-,-,-,-,-,-,-,-,-,162.36,0.40%,"237,109"
DDVYA,-,4.34%,-,-,-,-,-,-,-,-,-,-,-,51.62,0.40%,"1,579"
DDVYE,-,4.56%,-,-,-,-,-,-,-,-,-,-,-,36.10,0.17%,"79,006"
DDWAS,-,0.00%,-,-,-,-,-,-,-,-,-,-,-,109.98,1.21%,"6,300"
DDWAW,-,0.67%,-,-,-,-,-,-,-,-,-,-,-,50.37,0.86%,417
DDWLD,-,1.57%,-,-,-,-,-,-,-,-,-,-,-,46.39,0.30%,"12,922"
DDWM,-,2.69%,-,-,-,-,-,-,-,-,-,-,-,75.40,0.91%,"5,877"
DDWMF,-,3.08%,-,-,-,-,-,-,-,-,-,-,-,34.00,0.80%,235
DDWSH,-,7.14%,-,-,-,-,-,-,-,-,-,-,-,5.68,-0.79%,"11,750"
DDWSN,104.35M,-,7.20%,19.96%,11.42%,0.87,0.87,0.59,1.00,15.40%,7.39%,3.49%,Aug 13/a,3.36,-0.44%,"28,103"
DDWTX,65.95M,-,-40.68%,-47.77%,-52.66%,3.89,3.89,0.00,0.00,-,-,-,Aug 13/b,1.94,3.19%,"53,084"
DDWUS,-,0.03%,-,-,-,-,-,-,-,-,-,-,-,59.05,0.86%,52
DDWWN,-,1.45%,-,-,-,-,-,-,-,-,-,-,-,23.75,0.33%,14
DDWX,-,4.12%,-,-,-,-,-,-,-,-,-,-,-,47.67,0.70%,"8,514"
DDX,3.11B,16.29%,2.31%,18.23%,13.74%,0.06,0.06,0.00,7.13,100.00%,120.13%,47.49%,Jul 20/b,12.52,-0.32%,"6,904,672"
DDXC,1.82B,-,0.94%,3.98%,1.91%,1.41,1.41,1.12,1.37,14.00%,1.59%,0.99%,Jul 30/a,11.39,3.17%,"1,788,058"
DDXCM,31.33B,-,14.51%,38.49%,25.00%,1.73,1.43,0.53,0.53,63.57%,22.92%,20.12%,Jul 30/a,83.03,-1.75%,"2,547,398"
DDXD,-,4.02%,-,-,-,-,-,-,-,-,-,-,-,17.13,-1.83%,"2,687,747"
DDXF,1.46M,-,-10.25%,-21.21%,-16.48%,0.78,0.78,0.01,0.13,41.48%,-77.48%,-90.86%,-,0.45,-2.59%,"42,596"
DDXIV,-,2.29%,-,-,-,-,-,-,-,-,-,-,-,74.12,0.52%,"6,496"
DDXJ,-,0.95%,-,-,-,-,-,-,-,-,-,-,-,177.22,2.16%,"226,164"
DDXLG,35.49M,-,-9.83%,-30.63%,-13.69%,1.31,0.38,1.63,1.98,39.92%,-3.26%,-8.77%,Sep 09/b,0.64,-1.54%,"22,560"
DDXPE,2.90B,-,5.86%,18.47%,6.60%,2.99,2.58,1.61,1.66,31.76%,8.93%,4.35%,Aug 05/a,187.09,2.16%,"103,026"
DDXR,66.98M,-,14.20%,14.24%,12.02%,245.27,245.27,0.00,0.00,-106.52%,4024.05%,4021.89%,Mar 03/b,11.47,5.81%,"69,771"
DDXST,4.54M,-,-3.89%,-8.55%,-6.36%,1.68,1.68,0.03,0.05,31.01%,-2.11%,-3.51%,-,2.50,-1.57%,"11,205"
DDXUV,-,0.96%,-,-,-,-,-,-,-,-,-,-,-,68.85,0.75%,"25,723"
DDXYZ,978.39M,-,32.18%,32.39%,16.94%,113.65,113.65,0.00,0.00,-730.85%,15530.52%,15530.52%,-,32.11,0.19%,"532,021"
DDY,9.27B,-,6.75%,19.20%,6.54%,2.35,2.24,1.44,1.48,15.04%,8.06%,4.79%,Aug 26/b,307.47,3.90%,"734,503"
DDYAI,19.39M,-,-103.88%,-2826.92%,-287.21%,1.65,1.65,-,-,16.24%,-194.50%,-200.46%,Aug 12/b,0.48,-1.18%,"148,459"
DDYFI,-,4.65%,-,-,-,-,-,-,-,-,-,-,-,22.48,-0.03%,"5,892"
DDYLD,-,4.26%,-,-,-,-,-,-,-,-,-,-,-,22.17,0.02%,"2,257"
DDYLG,-,3.99%,-,-,-,-,-,-,-,-,-,-,-,28.44,0.99%,129
DDYN,3.40B,-,-60.29%,-81.57%,-56.70%,12.02,12.02,0.30,0.33,-,-,-,Jul 29/a,18.21,-1.14%,"3,774,440"
DDYNB,-,3.77%,-,-,-,-,-,-,-,-,-,-,-,38.32,-0.10%,"1,730"
DDYNC,241.47M,-,-1.84%,-1.99%,-2.01%,0.07,0.07,0.00,0.00,-,-,-,-,10.91,0.09%,441
DDYNF,-,0.77%,-,-,-,-,-,-,-,-,-,-,-,69.77,0.87%,"2,789,367"
DDYOR,232.99M,-,-,-,2.08%,9.28,9.28,0.00,0.00,-,-,-,-,10.13,-0.49%,"11,102"
DDYTA,-,1.51%,-,-,-,-,-,-,-,-,-,-,-,31.69,0.73%,"12,209"
DDZZ,-,-,-,-,-,-,-,-,-,-,-,-,-,1.72,2.75%,430
EE,81.68B,4.62%,2.34%,6.97%,6.71%,1.23,1.05,0.74,0.93,5.63%,7.36%,6.37%,Jul 29/b,56.05,-0.66%,"279,277"
EEAD,369.92M,10.22%,-,-,-,-,-,-,-,-,-,-,-,6.26,-1.26%,"106,141"
EEAF,171.69M,-,-16.46%,-,-20.79%,4.13,2.24,-,-,-5.73%,-17.45%,-34.58%,Jul 24/b,6.58,6.82%,"320,817"
EEAFG,-,2.01%,-,-,-,-,-,-,-,-,-,-,-,25.48,0.91%,36
EEAGG,-,4.13%,-,-,-,-,-,-,-,-,-,-,-,45.95,-0.11%,"421,519"
EEAGL,-,0.51%,-,-,-,-,-,-,-,-,-,-,-,34.93,0.34%,"80,895"
EEALT,-,-,-,-,-,-,-,-,-,-,-,-,-,36.53,0.69%,"20,155"
EEAPR,-,-,-,-,-,-,-,-,-,-,-,-,-,33.94,0.70%,"1,084"
EEARN,164.89M,22.22%,-6.42%,-22.36%,-18.18%,0.15,0.43,0.34,1.29,77.51%,-68.03%,-82.15%,Aug 12/a,4.32,0.23%,"318,079"
EEART,-,0.63%,-,-,-,-,-,-,-,-,-,-,-,29.57,-0.50%,"10,108"
EEASG,-,3.81%,-,-,-,-,-,-,-,-,-,-,-,38.74,0.92%,"2,941"
EEASY,-,0.80%,-,-,-,-,-,-,-,-,-,-,-,26.62,0.02%,"3,938"
EEAT,8.87B,-,14.80%,119.57%,23.67%,0.45,0.32,3.64,3.96,14.88%,10.82%,8.39%,Aug 12/b,212.49,-1.02%,"1,294,562"
EEBAY,47.95B,1.14%,12.18%,46.44%,22.03%,1.02,1.02,1.16,1.53,72.59%,21.44%,18.36%,Aug 05/a,107.75,2.59%,"3,153,730"
EEBC,4.94B,2.70%,1.33%,9.44%,7.87%,0.03,-,0.12,0.12,-,26.92%,25.21%,Jul 23/a,21.60,-0.30%,"2,473,230"
EEBF,538.85M,4.69%,11.78%,13.96%,13.56%,3.53,2.15,0.01,0.03,29.14%,13.45%,10.84%,Jun 22/b,21.30,0.61%,"134,948"
EEBI,-,1.08%,-,-,-,-,-,-,-,-,-,-,-,67.22,0.77%,"22,481"
EEBIT,-,1.70%,-,-,-,-,-,-,-,-,-,-,-,39.44,0.43%,38
EEBIZ,-,0.53%,-,-,-,-,-,-,-,-,-,-,-,28.42,1.28%,739
EEBMT,178.43M,2.66%,0.75%,8.50%,5.46%,0.04,-,0.49,0.49,-,16.45%,12.61%,Jul 28/a,22.40,-0.40%,"18,544"
EEBND,-,5.88%,-,-,-,-,-,-,-,-,-,-,-,20.99,0.05%,"276,243"
EEBON,13.38M,-,-4.84%,-5.04%,-5.16%,28.65,28.11,0.00,0.01,25.74%,-323.33%,-181.47%,-,2.13,-1.39%,"5,561"
EEBS,319.43M,-,-13.95%,-40.29%,-19.05%,5.42,2.95,1.72,1.72,47.17%,17.77%,-22.96%,Aug 05/a,6.23,6.13%,"1,299,174"
EEBUF,-,-,-,-,-,-,-,-,-,-,-,-,-,32.12,0.41%,"18,297"
EEC,36.49B,6.24%,4.53%,15.90%,6.75%,1.51,1.23,1.10,1.24,30.98%,22.50%,10.84%,Aug 03/a,17.75,-1.77%,"1,067,490"
EECAT,1.47B,22.54%,-,-,-,-,-,-,-,-,-,-,-,14.74,-1.99%,"1,422,176"
EECBK,185.33M,-,0.72%,6.56%,2.46%,1.37,-,1.58,1.58,-,17.88%,13.19%,-,21.21,1.87%,"30,523"
EECC,492.14M,32.43%,-,-,-,-,-,-,-,-,-,-,Aug 13/b,3.70,-0.27%,"982,955"
EECF,170.86M,7.59%,-,-,-,-,-,-,-,-,-,-,-,12.51,0.81%,"19,977"
EECG,6.10B,-,14.38%,39.52%,23.40%,1.59,1.53,0.41,0.47,12.94%,7.83%,5.96%,Aug 04/a,119.42,3.64%,"345,296"
EECH,-,1.99%,-,-,-,-,-,-,-,-,-,-,-,39.48,-0.53%,"546,494"
EECHO,27.06B,-,-11.42%,-33.48%,-18.68%,5.20,5.12,1.15,1.25,23.55%,7.15%,-38.71%,Aug 03/b,93.14,1.40%,"1,815,125"
EECHX,-,-,-,-,-,-,-,-,-,-,-,-,-,8.63,2.48%,"5,862"
EECL,77.42B,1.06%,7.89%,21.85%,9.39%,1.84,1.57,1.24,1.38,44.24%,18.22%,12.57%,Jul 28/b,276.18,1.69%,"1,289,095"
EECML,-,1.11%,-,-,-,-,-,-,-,-,-,-,-,41.48,0.78%,23
EECNS,-,6.83%,-,-,-,-,-,-,-,-,-,-,-,27.81,-0.89%,"17,743"
EECO,2.92B,20.16%,29.44%,61.59%,25.97%,4.43,4.13,0.76,0.82,65.87%,62.34%,56.92%,Aug 04/a,76.15,4.43%,"681,074"
EECON,-,1.34%,-,-,-,-,-,-,-,-,-,-,-,36.03,1.54%,"56,402"
EECOR,86.73M,-,-93.41%,-478.70%,-274.03%,1.21,1.00,-,-,85.47%,-37.64%,-39.96%,Aug 06/a,9.62,4.68%,"40,232"
EECOW,-,5.54%,-,-,-,-,-,-,-,-,-,-,-,27.32,0.16%,"16,220"
EECPG,2.09B,-,5.61%,30.54%,5.73%,1.29,1.29,3.87,3.87,70.81%,37.77%,15.92%,Aug 05/a,98.56,0.63%,"345,735"
EECVT,1.09B,-,1.62%,4.07%,-5.59%,1.70,1.44,0.91,0.93,20.30%,12.07%,-7.20%,Aug 05/b,9.92,-1.49%,"694,169"
EECX,381.72M,-,-2.67%,-,-,0.72,0.59,-,-,20.88%,-1.00%,-2.25%,Aug 11/b,1.07,0.94%,"537,932"
EED,39.23B,3.34%,3.00%,8.96%,4.19%,1.27,1.17,1.06,1.11,61.56%,17.98%,12.53%,Aug 06/a,106.46,-0.25%,"1,417,249"
EEDBL,2.85M,-,-68.23%,-152.43%,-91.81%,0.73,0.56,2.30,2.64,-34.39%,-138.41%,-173.35%,Aug 14/b,1.46,2.10%,"60,751"
EEDC,-,1.31%,-,-,-,-,-,-,-,-,-,-,-,81.62,3.74%,"44,918"
EEDD,380.94M,10.66%,-,-,-,-,-,-,-,-,-,-,-,5.91,-0.17%,"208,217"
EEDEN,-,2.99%,-,-,-,-,-,-,-,-,-,-,-,115.22,-0.93%,"11,147"
EEDF,174.38M,13.28%,-,-,-,-,-,-,-,-,-,-,-,5.42,0.93%,"149,707"
EEDGE,-,-,-,-,-,-,-,-,-,-,-,-,-,51.80,1.02%,178
EEDGF,-,3.23%,-,-,-,-,-,-,-,-,-,-,-,24.59,-0.00%,"3,171,673"
EEDGH,-,1.03%,-,-,-,-,-,-,-,-,-,-,-,34.71,-0.06%,"55,737"
EEDGI,-,1.33%,-,-,-,-,-,-,-,-,-,-,-,32.10,1.36%,"407,720"
EEDGQ,-,7.09%,-,-,-,-,-,-,-,-,-,-,-,27.36,1.04%,"5,272"
EEDGU,-,0.69%,-,-,-,-,-,-,-,-,-,-,-,31.79,0.79%,"2,051,850"
EEDGX,-,4.87%,-,-,-,-,-,-,-,-,-,-,-,26.75,0.64%,"1,474"
EEDHL,-,-,-,-,-,-,-,-,-,-,-,-,-,4.42,7.28%,"1,546,124"
EEDIT,414.67M,-,-33.02%,-118.82%,-45.50%,3.19,3.19,0.54,0.68,94.84%,-177.56%,-157.32%,Aug 05/a,2.70,1.89%,"2,463,715"
EEDIV,-,4.16%,-,-,-,-,-,-,-,-,-,-,-,41.85,0.60%,"70,803"
EEDN,541.74M,-,4.05%,10.36%,6.42%,1.46,1.27,0.49,0.61,22.92%,5.89%,7.35%,-,24.48,-2.35%,"32,180"
EEDOG,-,4.80%,-,-,-,-,-,-,-,-,-,-,-,25.11,-0.13%,875
EEDOW,-,1.23%,-,-,-,-,-,-,-,-,-,-,-,45.55,1.02%,"6,863"
EEDRY,192.41M,-,4.46%,9.82%,5.32%,1.28,1.23,0.76,0.97,36.62%,24.49%,15.02%,Aug 06/b,67.12,5.06%,"220,887"
EEDSA,57.15M,-,-102.46%,-122.93%,-160.05%,2.76,2.76,0.00,0.00,-,-,-,Aug 13/a,4.23,-9.23%,"26,794"
EEDTK,14.66M,-,-71.40%,-82.75%,-125.08%,0.17,0.17,0.00,0.15,-802.38%,-15622.08%,-60136.23%,-,0.92,0.00%,"2,372"
EEDU,8.88B,3.41%,5.74%,12.47%,10.48%,1.50,1.47,0.14,0.21,54.64%,11.36%,8.39%,Jul 29/b,55.82,2.27%,"333,499"
EEDUC,11.17M,-,3.03%,4.96%,4.28%,3.20,0.55,0.13,0.16,59.76%,-33.53%,9.75%,Jul 09/a,1.31,0.00%,"289,510"
EEDV,-,5.49%,-,-,-,-,-,-,-,-,-,-,-,59.02,0.29%,"4,512,880"
EEDVA,1.60M,-,-201.40%,-,-,0.03,0.03,-,-,-191.86%,-1463.75%,-3033.60%,Aug 20/b,0.25,2.13%,"249,443"
EEDZ,-,8.22%,-,-,-,-,-,-,-,-,-,-,-,14.18,-3.54%,"215,191"
EEE,4.36B,0.90%,1.16%,7.03%,2.38%,1.80,1.70,1.90,2.03,28.79%,21.98%,3.23%,Aug 05/a,38.41,-0.52%,"357,572"
EEEA,74.76M,8.87%,-,-,-,-,-,-,-,-,-,-,-,10.91,0.55%,"1,613"
EEEE,-,0.08%,-,-,-,-,-,-,-,-,-,-,-,22.73,1.51%,77
EEEFT,2.70B,-,4.42%,22.34%,9.14%,1.37,1.37,1.56,2.28,20.52%,11.55%,6.59%,Jul 30/b,72.18,2.05%,"431,309"
EEEIQ,5.96M,-,-24.55%,-79.81%,-56.18%,1.91,1.91,0.23,0.33,58.19%,-47.14%,-51.07%,Jun 25/a,3.62,10.53%,"25,703"
EEELV,-,3.80%,-,-,-,-,-,-,-,-,-,-,-,29.00,0.28%,"32,282"
EEEM,-,1.64%,-,-,-,-,-,-,-,-,-,-,-,67.84,1.25%,"21,480,552"
EEEMA,-,1.31%,-,-,-,-,-,-,-,-,-,-,-,117.41,1.44%,"19,241"
EEEMO,-,1.73%,-,-,-,-,-,-,-,-,-,-,-,22.85,1.62%,"2,086"
EEEMS,-,2.80%,-,-,-,-,-,-,-,-,-,-,-,76.39,0.87%,"9,705"
EEEMV,-,2.14%,-,-,-,-,-,-,-,-,-,-,-,75.93,1.25%,"182,457"
EEEMX,-,1.79%,-,-,-,-,-,-,-,-,-,-,-,53.59,1.21%,"1,431"
EEES,-,1.15%,-,-,-,-,-,-,-,-,-,-,-,67.06,0.83%,"60,280"
EEET,-,1.42%,-,-,-,-,-,-,-,-,-,-,-,112.53,2.38%,954
EEETH,-,41.45%,-,-,-,-,-,-,-,-,-,-,-,30.75,3.22%,"52,141"
EEEV,-,8.13%,-,-,-,-,-,-,-,-,-,-,-,10.52,-2.50%,"113,580"
EEFA,-,3.15%,-,-,-,-,-,-,-,-,-,-,-,106.70,0.98%,"10,285,847"
EEFAA,-,8.15%,-,-,-,-,-,-,-,-,-,-,-,56.31,0.73%,"72,575"
EEFAD,-,2.58%,-,-,-,-,-,-,-,-,-,-,-,43.76,0.38%,"1,795"
EEFAS,-,4.67%,-,-,-,-,-,-,-,-,-,-,-,22.92,0.39%,"4,221"
EEFAV,-,3.04%,-,-,-,-,-,-,-,-,-,-,-,93.98,0.77%,"506,122"
EEFAX,-,3.10%,-,-,-,-,-,-,-,-,-,-,-,54.97,0.75%,"3,912"
EEFC,1.66B,12.10%,1.18%,12.35%,1.48%,0.21,0.20,6.73,9.40,82.52%,81.18%,31.12%,Aug 06/a,12.89,-1.15%,"1,155,772"
EEFFE,-,2.44%,-,-,-,-,-,-,-,-,-,-,-,28.56,1.33%,21
EEFFI,-,3.84%,-,-,-,-,-,-,-,-,-,-,-,27.24,1.05%,33
EEFG,-,2.29%,-,-,-,-,-,-,-,-,-,-,-,121.77,0.83%,"587,438"
EEFIV,-,0.94%,-,-,-,-,-,-,-,-,-,-,-,74.10,0.72%,"9,124"
EEFNL,-,0.97%,-,-,-,-,-,-,-,-,-,-,-,55.92,0.95%,"5,241"
EEFO,-,1.55%,-,-,-,-,-,-,-,-,-,-,-,75.93,2.04%,"1,069"
EEFOI,17.90M,-,-23.88%,-50.21%,-46.23%,1.54,0.82,0.00,0.32,4.43%,-23.56%,-23.77%,-,2.81,-1.06%,"4,580"
EEFOR,1.29B,-,2.15%,4.57%,2.53%,2.13,2.13,0.82,0.83,26.88%,5.70%,2.09%,Jul 29/a,31.47,3.55%,"416,626"
EEFR,307.64M,8.61%,-,-,-,-,-,-,-,-,-,-,-,10.42,-0.10%,"97,818"
EEFRA,-,1.66%,-,-,-,-,-,-,-,-,-,-,-,34.78,0.45%,140
EEFSC,2.32B,2.13%,1.14%,9.60%,7.57%,0.05,-,0.23,0.33,-,26.85%,18.31%,Jul 22/a,64.13,0.33%,"214,697"
EEFSI,246.34M,2.72%,0.96%,9.98%,8.01%,0.14,-,0.20,0.20,-,19.25%,15.20%,Jul 23/a,45.52,-0.31%,"62,758"
EEFT,281.46M,8.74%,-,-,-,-,-,-,-,-,-,-,-,10.59,0.19%,"77,154"
EEFU,-,5.24%,-,-,-,-,-,-,-,-,-,-,-,6.97,-2.11%,"5,176"
EEFV,-,4.44%,-,-,-,-,-,-,-,-,-,-,-,82.30,1.08%,"2,088,399"
EEFX,19.85B,1.32%,5.79%,14.58%,8.19%,0.60,0.60,0.93,1.25,44.05%,18.53%,10.73%,Jul 21/b,169.00,0.57%,"1,056,522"
EEFXT,2.80B,0.60%,1.86%,4.61%,3.04%,1.19,0.86,0.49,0.51,22.61%,11.09%,2.06%,Aug 06/b,22.92,2.64%,"364,289"
EEFZ,-,4.05%,-,-,-,-,-,-,-,-,-,-,-,22.57,-0.96%,884
EEG,14.25B,2.20%,3.40%,12.57%,10.06%,0.40,-,0.23,0.23,-,14.23%,11.27%,Jul 29/a,371.71,0.18%,"323,755"
EEGAN,137.66M,-,5.99%,10.76%,10.35%,1.71,1.71,0.02,0.03,72.06%,8.74%,9.74%,Sep 03/a,5.26,2.33%,"287,335"
EEGBN,841.36M,0.14%,-0.38%,-3.28%,-3.05%,0.17,-,0.09,0.18,-,-9.38%,-6.45%,Jul 22/a,27.60,-0.47%,"187,532"
EEGG,80.09M,-,-23.98%,-31.40%,-18.22%,6.94,6.94,0.03,0.06,31.06%,-108.81%,-96.45%,-,2.86,4.00%,"6,244"
EEGGQ,-,7.49%,-,-,-,-,-,-,-,-,-,-,-,52.96,0.83%,"3,713"
EEGGS,-,19.90%,-,-,-,-,-,-,-,-,-,-,-,36.15,0.88%,"14,337"
EEGGY,-,33.95%,-,-,-,-,-,-,-,-,-,-,-,34.07,0.86%,"45,297"
EEGHA,213.61M,-,2.41%,2.52%,2.49%,0.29,0.29,0.00,0.00,-,-,-,-,10.39,-0.02%,18
EEGHT,265.76M,-,0.70%,3.45%,1.04%,0.94,0.94,2.09,2.42,63.38%,3.60%,0.64%,Aug 04/a,1.84,1.10%,"1,893,794"
EEGLE,-,1.12%,-,-,-,-,-,-,-,-,-,-,-,32.17,0.68%,10
EEGO,11.43B,0.45%,7.47%,11.28%,7.23%,1.31,0.85,0.22,0.26,47.86%,44.69%,29.83%,Jul 30/a,43.75,2.24%,"1,010,306"
EEGP,10.65B,3.23%,5.69%,8.73%,5.97%,0.43,0.43,0.43,0.47,44.05%,40.54%,40.47%,Jul 22/a,198.12,0.72%,"314,769"
EEGUS,-,0.21%,-,-,-,-,-,-,-,-,-,-,-,58.07,1.00%,711
EEGY,664.81M,3.95%,-11.41%,-24.74%,-17.72%,0.44,0.41,0.64,0.69,20.08%,9.12%,-31.54%,Aug 06/a,6.32,1.28%,"994,566"
EEH,254.95M,-,-14.74%,-27.91%,-22.66%,1.84,1.65,0.27,0.64,61.69%,-86.18%,-61.35%,Aug 25/b,4.53,2.26%,"855,726"
EEHC,12.01B,0.49%,8.48%,24.75%,11.52%,1.19,1.19,1.07,1.09,21.95%,18.00%,9.98%,Aug 05/a,121.71,0.55%,"649,383"
EEHCC,-,13.59%,-,-,-,-,-,-,-,-,-,-,-,23.35,2.18%,246
EEHGO,5.30M,-,-49.67%,-117.31%,-126.79%,3.23,2.45,0.01,0.25,15.14%,-73.47%,-69.39%,-,1.07,0.00%,"414,895"
EEHI,169.98M,14.97%,-,-,-,-,-,-,-,-,-,-,-,5.61,-0.18%,"141,077"
EEHLD,42.81M,3.68%,27.75%,43.05%,21.76%,3.10,2.89,0.68,0.73,51.02%,42.04%,40.00%,Aug 12/b,15.20,-3.18%,"40,353"
EEHLS,-,-,-,-,-,-,-,-,-,-,-,-,-,25.76,0.80%,43
EEHTH,29.86M,-,2.43%,2.92%,2.53%,9.95,9.95,0.13,0.14,-,12.22%,-5.24%,Aug 04/a,0.93,1.13%,"226,483"
EEHY,-,57.09%,-,-,-,-,-,-,-,-,-,-,-,8.63,5.01%,"7,475"
EEIC,227.90M,13.95%,-,-,-,-,-,-,-,-,-,-,Aug 13/b,9.89,0.00%,"80,966"
EEIDO,-,3.06%,-,-,-,-,-,-,-,-,-,-,-,12.75,-0.78%,"950,116"
EEIG,891.92M,2.70%,0.25%,0.78%,0.77%,0.38,-,0.15,0.15,-,1.12%,0.91%,Jul 29/a,49.66,1.00%,"149,574"
EEIKN,484.24M,-,-,-,-,9.89,9.89,0.52,0.54,-,-,-,Aug 13/a,8.94,-2.93%,"1,010,238"
EEIM,479.31M,6.56%,-,-,-,-,-,-,-,-,-,-,-,9.33,0.11%,"135,990"
EEINC,-,3.37%,-,-,-,-,-,-,-,-,-,-,-,119.94,-0.33%,"3,315"
EEIPI,-,6.61%,-,-,-,-,-,-,-,-,-,-,-,22.68,-0.26%,"77,897"
EEIPX,-,2.60%,-,-,-,-,-,-,-,-,-,-,-,33.56,-0.15%,"25,191"
EEIRL,-,2.23%,-,-,-,-,-,-,-,-,-,-,-,84.48,0.64%,966
EEIS,-,1.50%,-,-,-,-,-,-,-,-,-,-,-,123.72,1.28%,"24,980"
EEIX,21.55B,6.25%,4.18%,22.58%,6.94%,0.66,0.61,2.17,2.48,34.12%,29.88%,19.28%,Jul 30/a,56.00,-1.32%,"4,127,884"
EEJAN,-,-,-,-,-,-,-,-,-,-,-,-,-,37.11,0.37%,"3,976"
EEJH,3.84M,-,1.42%,1.48%,1.26%,30.98,30.98,0.00,0.00,23.01%,-6.43%,8.18%,-,1.20,4.35%,"76,485"
EEJUL,-,-,-,-,-,-,-,-,-,-,-,-,-,31.59,0.79%,"27,947"
EEKG,-,-,-,-,-,-,-,-,-,-,-,-,-,21.35,0.83%,547
EEL,35.14B,1.52%,0.92%,4.75%,1.50%,1.22,0.90,2.19,2.43,75.55%,11.21%,1.21%,Aug 19/b,97.12,0.67%,"2,574,303"
EELA,349.47M,-,23.45%,32.45%,24.98%,4.24,2.61,0.12,0.24,21.03%,9.57%,7.63%,Aug 05,13.46,-1.54%,"85,105"
EELAB,3.66M,-,-59.06%,-105.22%,-63.60%,1.36,1.30,0.27,0.85,10.31%,-477.02%,-522.97%,Mar 30/b,4.52,-1.74%,"11,402"
EELAN,11.58B,-,-1.46%,-2.98%,-1.91%,2.05,1.10,0.58,0.59,44.28%,6.63%,-3.96%,Aug 05/b,23.17,1.36%,"4,738,449"
EELBM,55.77M,-,-47.50%,-110.03%,-56.28%,0.88,0.88,0.51,0.51,-,-,-,Aug 13/b,0.52,-3.28%,"379,691"
EELCV,-,2.14%,-,-,-,-,-,-,-,-,-,-,-,31.44,0.74%,"20,492"
EELD,-,6.01%,-,-,-,-,-,-,-,-,-,-,-,28.81,0.01%,"8,231"
EELDN,225.91M,-,-72.74%,-110.71%,-136.67%,7.90,7.90,0.00,0.01,-,-,-,Aug 13/a,2.78,0.00%,"638,398"
EELE,1.38B,0.56%,0.50%,0.58%,0.36%,5.48,5.48,0.00,0.00,65.86%,20.63%,4.01%,Aug 11/a,21.43,2.39%,"185,887"
EELF,5.72B,-,3.16%,6.04%,2.89%,2.55,1.82,0.76,0.80,69.20%,12.00%,3.38%,Aug 05/a,96.91,1.20%,"1,510,936"
EELFY,-,1.07%,-,-,-,-,-,-,-,-,-,-,-,40.24,0.59%,"22,508"
EELIL,-,1.53%,-,-,-,-,-,-,-,-,-,-,-,25.89,-1.34%,"51,751"
EELLO,287.86M,-,-2.80%,-14.40%,7.93%,1.24,1.23,2.64,3.16,15.11%,-7.79%,136.17%,Aug 18/a,20.89,1.70%,"2,390"
EELM,-,2.50%,-,-,-,-,-,-,-,-,-,-,-,29.52,0.39%,"17,717"
EELMD,227.98M,-,18.53%,23.26%,20.91%,4.69,4.39,0.00,0.00,78.54%,18.82%,15.32%,Aug 25/a,27.25,2.25%,"96,860"
EELME,147.50M,1.69%,-7.61%,-13.43%,-8.33%,1.03,1.03,0.78,0.78,21.15%,6.06%,-54.70%,-,1.66,0.00%,"235,790"
EELMT,493.14M,-,-,-,-,3.03,1.60,0.10,0.12,-,-,-,Aug 13/b,16.19,1.70%,"143,113"
EELOG,7.67M,-,-4.04%,-8.64%,-7.01%,1.71,1.71,0.08,0.45,9.30%,-2.30%,-2.52%,-,0.60,-2.22%,"129,376"
EELOL,-,-,-,-,-,-,-,-,-,-,-,-,-,23.96,2.75%,"6,452"
EELOX,63.57M,-,-,-,-,3.74,3.74,0.00,0.00,-,-,-,Aug 12/b,15.75,-3.26%,"17,169"
EELPC,9.27B,5.80%,5.14%,12.67%,6.79%,1.30,1.28,0.88,0.98,23.11%,19.29%,11.25%,Aug 06/b,12.48,-1.81%,"349,765"
EELPW,2.55M,-,-,-,-,0.46,0.46,-,-,-17.40%,-81.06%,-271.27%,-,2.74,-3.18%,"24,850"
EELS,12.05B,3.62%,6.98%,23.03%,7.92%,0.25,0.25,1.88,1.88,38.20%,34.27%,25.69%,Jul 22/a,60.08,-0.36%,"1,231,094"
EELTK,54.77M,-,-8.92%,-13.79%,-10.85%,2.15,1.51,0.28,0.29,-0.13%,-11.65%,-12.66%,Aug 18/b,8.15,0.62%,"6,953"
EELTX,53.88M,-,-124.36%,-774.56%,-180.09%,2.77,2.77,1.65,1.78,-,-,-,Aug 13/a,2.05,-2.84%,"445,797"
EELUT,35.87M,-,-57.89%,-,-128.03%,1.77,1.64,0.23,0.69,69.41%,-177.07%,-205.11%,Aug 13/a,0.81,1.22%,"25,017"
EELV,90.81B,1.65%,4.00%,11.20%,6.57%,1.52,-,0.68,0.69,-,3.63%,2.47%,Jul 15/b,418.72,0.52%,"1,359,467"
EELVA,321.50M,-,5.12%,9.85%,4.09%,7.53,5.72,0.60,0.62,30.42%,9.21%,6.14%,Aug 10/a,6.43,-2.43%,"369,485"
EELVN,3.98B,-,-14.98%,-15.31%,-11.82%,64.07,64.07,0.00,0.00,-,-,-,Aug 05/a,54.32,-3.40%,"995,816"
EELVR,980.83M,-,6.27%,8.60%,5.70%,3.44,2.95,0.04,0.11,-38.44%,-35.28%,30.08%,Aug 27/a,50.82,-4.90%,"34,890"
EELWT,47.43M,-,-79.65%,-,-1198.54%,0.88,0.56,-,-,17.69%,-43.55%,-45.34%,Aug 18/b,7.17,-0.23%,"65,865"
EEMA,15.11B,4.30%,2.36%,7.64%,3.16%,0.73,0.59,1.36,1.54,25.27%,19.32%,11.30%,Aug 07/b,49.19,-0.59%,"322,535"
EEMAT,1.92B,-,-842.91%,-,-52793.94%,0.16,0.14,-,-,9.39%,-548.27%,-12886.83%,Aug 17/b,3.08,0.00%,"651,220"
EEMAU,-,-,-,-,-,-,-,-,-,-,-,-,-,25.81,0.84%,6
EEMB,-,5.23%,-,-,-,-,-,-,-,-,-,-,-,93.34,-0.07%,"7,128,829"
EEMBC,279.90M,5.10%,7.22%,-,11.83%,1.68,1.17,-,-,59.63%,26.38%,8.59%,Aug 07/b,4.94,1.02%,"1,133,390"
EEMBD,-,5.84%,-,-,-,-,-,-,-,-,-,-,-,23.24,0.04%,"19,405"
EEMBJ,13.43B,0.71%,3.52%,13.18%,7.57%,1.44,0.72,0.71,0.75,17.90%,8.35%,5.34%,Aug 10/b,75.49,0.99%,"757,300"
EEMBX,-,5.23%,-,-,-,-,-,-,-,-,-,-,-,50.54,0.02%,"10,816"
EEMC,-,0.56%,-,-,-,-,-,-,-,-,-,-,-,37.59,1.45%,"13,927"
EEMCB,-,5.43%,-,-,-,-,-,-,-,-,-,-,-,65.21,-0.34%,"3,779"
EEMCR,-,1.47%,-,-,-,-,-,-,-,-,-,-,-,43.81,1.02%,941
EEMCS,-,1.43%,-,-,-,-,-,-,-,-,-,-,-,46.98,1.92%,298
EEMD,591.19M,11.21%,-,-,-,-,-,-,-,-,-,-,-,10.17,0.10%,"270,954"
EEMDM,-,2.73%,-,-,-,-,-,-,-,-,-,-,-,43.30,1.18%,"7,565"
EEMDV,-,1.90%,-,-,-,-,-,-,-,-,-,-,-,47.12,0.05%,125
EEME,34.43B,0.20%,15.51%,40.37%,31.85%,1.28,1.25,0.11,0.13,19.43%,9.60%,7.74%,Jul 30/b,780.66,4.32%,"241,954"
EEMEM,-,-,-,-,-,-,-,-,-,-,-,-,-,26.40,1.16%,"5,727"
EEMEQ,-,1.67%,-,-,-,-,-,-,-,-,-,-,-,66.55,1.36%,"72,581"
EEMES,-,0.42%,-,-,-,-,-,-,-,-,-,-,-,28.65,1.17%,313
EEMET,-,1.58%,-,-,-,-,-,-,-,-,-,-,-,43.10,-0.64%,"2,420"
EEMF,337.82M,3.94%,-,-,-,-,-,-,-,-,-,-,-,22.60,0.76%,"30,645"
EEMFI,-,2.10%,-,-,-,-,-,-,-,-,-,-,-,49.55,1.30%,38
EEMGF,-,1.99%,-,-,-,-,-,-,-,-,-,-,-,72.62,1.17%,"326,265"
EEMHC,-,6.24%,-,-,-,-,-,-,-,-,-,-,-,24.53,-0.08%,"45,793"
EEMHY,-,6.61%,-,-,-,-,-,-,-,-,-,-,-,39.74,-0.05%,"63,305"
EEMIF,-,4.18%,-,-,-,-,-,-,-,-,-,-,-,26.54,-0.46%,"1,721"
EEMIS,161.47M,-,4.34%,4.35%,2.17%,7.19,7.19,0.00,0.00,-,-,-,-,10.26,0.00%,14
EEMJL,-,-,-,-,-,-,-,-,-,-,-,-,-,24.86,0.74%,"2,006"
EEMJN,-,-,-,-,-,-,-,-,-,-,-,-,-,23.28,0.52%,7
EEMKT,-,0.44%,-,-,-,-,-,-,-,-,-,-,-,31.62,0.89%,"26,400"
EEML,147.31M,1.80%,3.39%,6.33%,4.31%,2.80,1.32,0.44,0.47,23.72%,2.32%,3.43%,Aug 11/a,24.48,-4.52%,"11,646"
EEMLC,-,6.23%,-,-,-,-,-,-,-,-,-,-,-,25.44,-0.08%,"2,139,448"
EEMLP,-,2.77%,-,-,-,-,-,-,-,-,-,-,-,43.79,-0.36%,"309,377"
EEMM,-,0.72%,-,-,-,-,-,-,-,-,-,-,-,45.14,1.27%,"1,619"
EEMMF,-,1.92%,-,-,-,-,-,-,-,-,-,-,-,38.50,0.90%,"12,870"
EEMMY,-,-,-,-,-,-,-,-,-,-,-,-,-,25.06,0.70%,10
EEMN,7.79B,4.96%,2.88%,7.41%,4.19%,1.50,0.76,0.73,0.86,19.97%,9.52%,4.98%,Jul 30/a,68.11,-0.39%,"1,518,339"
EEMNT,-,3.89%,-,-,-,-,-,-,-,-,-,-,-,98.60,0.01%,"8,370"
EEMO,1.10B,7.85%,-,-,-,-,-,-,-,-,-,-,-,55.03,0.15%,"49,113"
EEMOP,-,0.21%,-,-,-,-,-,-,-,-,-,-,-,51.76,1.13%,"65,540"
EEMOT,-,1.09%,-,-,-,-,-,-,-,-,-,-,-,26.19,0.79%,66
EEMPB,-,0.73%,-,-,-,-,-,-,-,-,-,-,-,34.77,1.42%,"1,722"
EEMPD,85.61M,-,-18.37%,-20.84%,-27.33%,0.47,0.44,0.49,0.49,-104.65%,-1214.07%,-1757.98%,May 08,3.04,0.66%,"129,941"
EEMQQ,-,3.86%,-,-,-,-,-,-,-,-,-,-,-,32.28,0.34%,"42,215"
EEMR,84.89B,1.45%,6.08%,12.81%,9.06%,0.90,0.66,0.40,0.68,48.67%,20.60%,13.84%,Aug 04/a,152.19,2.57%,"1,901,887"
EEMSC,-,-,-,-,-,-,-,-,-,-,-,-,-,25.78,0.65%,"4,211"
EEMSF,-,4.88%,-,-,-,-,-,-,-,-,-,-,-,39.44,0.99%,312
EEMTY,-,3.19%,-,-,-,-,-,-,-,-,-,-,-,24.52,-1.56%,84
EEMXC,-,1.91%,-,-,-,-,-,-,-,-,-,-,-,100.59,1.38%,"1,170,773"
EEMXF,-,2.63%,-,-,-,-,-,-,-,-,-,-,-,58.21,1.47%,"4,376"
EEMXX,-,-,-,-,-,-,-,-,-,-,-,-,-,23.52,1.28%,25
EENB,104.31B,5.83%,2.78%,9.42%,3.71%,0.72,0.66,1.59,1.72,25.44%,13.31%,6.84%,Jul 31/b,47.76,-0.95%,"6,843,150"
EENDW,-,2.37%,-,-,-,-,-,-,-,-,-,-,-,35.27,0.40%,"36,108"
EENFR,-,3.90%,-,-,-,-,-,-,-,-,-,-,-,39.54,-0.43%,"76,887"
EENGN,120.63M,-,-48.84%,-60.50%,-49.92%,10.21,10.21,0.13,0.14,-,-,-,Sep 08/b,1.80,1.69%,"651,007"
EENGS,130.02M,-,-37.30%,-,-1809.75%,0.70,0.59,0.71,60.86,-16.30%,-53.68%,-58.28%,-,2.92,0.69%,"593,195"
EENHA,616.79M,-,-254.91%,-4186.30%,-1892.79%,0.89,0.89,0.00,0.05,-194.38%,-296.12%,-327.06%,Aug 13/a,1.56,0.00%,"566,134"
EENHI,-,1.15%,-,-,-,-,-,-,-,-,-,-,-,27.38,0.92%,"3,473"
EENHU,-,0.48%,-,-,-,-,-,-,-,-,-,-,-,28.53,0.93%,13
EENIC,6.06B,2.39%,4.42%,10.90%,6.67%,0.79,0.74,0.59,0.72,21.79%,19.32%,12.95%,Jul 30/a,4.38,-1.79%,"437,129"
EENLT,10.38B,-,1.04%,5.19%,1.15%,1.12,1.12,2.65,3.01,40.59%,49.88%,15.33%,Aug 04/b,74.22,0.34%,"60,717"
EENLV,16.78M,-,104.94%,126.17%,63.84%,193.24,193.24,0.00,0.00,-,-,-,Aug 24,0.96,-2.16%,"255,984"
EENOR,-,4.98%,-,-,-,-,-,-,-,-,-,-,-,36.90,-1.07%,"25,472"
EENOV,1.11B,-,-25.03%,-54.25%,-39.52%,1.98,1.00,0.88,0.93,53.34%,3.41%,-47.90%,Aug 06/b,19.28,4.73%,"2,886,526"
EENPH,4.80B,-,4.40%,13.00%,7.50%,3.45,2.95,0.51,0.52,62.84%,25.63%,10.09%,Jul 28/a,36.35,-1.38%,"3,113,975"
EENR,1.41B,6.07%,1.81%,42.18%,2.28%,2.07,1.10,16.62,16.88,38.37%,15.69%,2.73%,Aug 04/b,20.58,2.69%,"741,605"
EENRD,520.45M,-,3.47%,3.59%,15.45%,0.43,0.43,-,-,-,-,-,Aug 18/b,3.66,-8.50%,"95,699"
EENS,6.47B,0.63%,8.74%,18.40%,11.83%,2.80,1.83,0.51,0.53,30.65%,14.54%,9.29%,Aug 12/a,179.45,0.24%,"698,591"
EENSC,9.47M,-,-295.93%,-968.33%,-,0.60,0.60,-,-,-,-281.32%,-280.48%,Aug 19,0.49,-5.62%,"562,946"
EENSG,10.14B,0.15%,7.09%,16.98%,8.29%,1.21,1.21,0.87,0.92,13.96%,8.78%,6.90%,Jul 27/b,173.98,0.69%,"318,954"
EENTA,377.47M,-,-21.15%,-70.12%,-26.08%,3.76,3.76,1.40,1.80,92.48%,-89.99%,-96.89%,Aug 10/a,12.96,2.05%,"289,137"
EENTG,21.45B,0.23%,3.62%,7.67%,3.96%,3.05,1.85,0.86,0.86,39.92%,17.09%,9.18%,Aug 04/b,140.37,2.16%,"1,296,899"
EENTL,-,-,-,-,-,-,-,-,-,-,-,-,-,7.15,3.82%,217
EENTX,493.69M,-,-87.02%,-138.92%,-227.35%,8.98,8.98,0.03,0.06,-,-,-,Aug 07/a,2.84,1.79%,"187,608"
EENVA,5.56B,-,5.49%,26.08%,5.43%,20.20,20.20,3.37,3.37,-,24.14%,10.31%,Jul 23/a,223.48,0.19%,"212,712"
EENVB,6.36M,-,-139.75%,-170.04%,-108.00%,10.21,10.21,0.00,0.00,-,-,-,Aug 14/a,1.42,-2.74%,"38,749"
EENVX,680.29M,-,-26.80%,-82.20%,-23.08%,9.71,9.37,2.51,2.56,-24.62%,-496.54%,-473.89%,Aug 12/a,3.10,-1.27%,"6,087,443"
EENZL,-,2.21%,-,-,-,-,-,-,-,-,-,-,-,45.80,-0.46%,"20,019"
EEO,-,-,-,-,-,-,-,-,-,-,-,-,-,8.32,-2.61%,"1,017"
EEOCN,4.00M,-,-55.03%,-68.21%,-88.73%,4.16,4.16,0.00,0.01,-,-,-,Jul 30,3.84,-4.71%,"44,885"
EEOCT,-,-,-,-,-,-,-,-,-,-,-,-,-,35.16,-0.05%,"4,598"
EEOD,276.91M,8.68%,-,-,-,-,-,-,-,-,-,-,-,6.43,-2.13%,"109,477"
EEOG,77.29B,2.80%,13.61%,22.51%,17.29%,1.85,1.68,0.25,0.26,43.24%,35.12%,25.75%,Aug 04/a,147.36,-0.07%,"3,075,727"
EEOI,807.32M,8.17%,-,-,-,-,-,-,-,-,-,-,-,19.69,0.15%,"66,032"
EEOLS,517.84M,-,-14.40%,-18729.61%,-26.14%,1.70,1.28,-,-,64.95%,-6.51%,-10.85%,Aug 05/a,7.84,-0.88%,"586,591"
EEONR,29.66M,-,1.99%,7.04%,2.94%,0.35,0.35,0.07,0.09,27.38%,-31.13%,11.08%,Apr 28/b,0.59,-3.34%,"768,358"
EEOS,1.14B,8.57%,-,-,-,-,-,-,-,-,-,-,-,21.29,0.95%,"141,954"
EEOSE,1.44B,-,-111.95%,-,-220.74%,3.26,2.68,-,-,-84.75%,-158.78%,-331.22%,Aug 05/b,3.95,-1.00%,"19,625,270"
EEOSU,-,-,-,-,-,-,-,-,-,-,-,-,-,7.72,-3.62%,"115,861"
EEOT,253.59M,5.03%,-,-,-,-,-,-,-,-,-,-,-,16.23,-0.43%,"114,701"
EEP,103.99M,-,-69.31%,-230.66%,-336.94%,0.42,0.37,1.89,2.19,-4.65%,-39.95%,-202.22%,Aug 17/b,2.50,3.73%,"66,742"
EEPAC,1.80B,0.11%,11.38%,21.64%,15.58%,2.67,2.04,0.41,0.44,49.05%,21.76%,14.72%,Jul 07/a,35.22,-0.51%,"424,520"
EEPAI,-,-,-,-,-,-,-,-,-,-,-,-,-,26.93,2.23%,152
EEPAM,6.08B,-,8.65%,11.18%,11.06%,2.75,2.75,0.03,0.04,26.94%,9.80%,7.15%,Aug 06/b,117.91,2.96%,"919,146"
EEPC,1.24B,3.65%,-1.19%,-2.87%,-3.45%,1.84,1.12,0.85,0.88,41.70%,6.46%,-4.55%,Aug 05/b,26.93,0.19%,"421,616"
EEPD,84.00B,5.77%,7.84%,21.07%,10.02%,0.93,0.66,1.06,1.13,12.98%,12.54%,10.73%,Jul 30/b,38.90,-1.09%,"1,571,625"
EEPEM,-,2.81%,-,-,-,-,-,-,-,-,-,-,-,30.47,0.92%,10
EEPHE,-,2.82%,-,-,-,-,-,-,-,-,-,-,-,24.12,-0.25%,"72,587"
EEPI,-,-,-,-,-,-,-,-,-,-,-,-,-,42.29,0.69%,"326,950"
EEPIN,-,0.63%,-,-,-,-,-,-,-,-,-,-,-,28.58,0.72%,614
EEPM,149.56M,12.90%,-2.46%,-6.17%,-3.48%,0.61,0.61,0.97,0.97,13.60%,1.63%,-4.82%,Sep 15/a,3.72,-3.12%,"410,326"
EEPMB,-,0.40%,-,-,-,-,-,-,-,-,-,-,-,26.26,1.13%,104
EEPMV,-,0.55%,-,-,-,-,-,-,-,-,-,-,-,26.18,1.26%,"1,611"
EEPOL,-,3.23%,-,-,-,-,-,-,-,-,-,-,-,45.56,0.91%,"544,872"
EEPOW,17.48M,-,-11.11%,-,-60.32%,0.72,0.48,-,-,-12.60%,-34.53%,-35.84%,-,0.32,-2.70%,"113,095"
EEPP,-,3.31%,-,-,-,-,-,-,-,-,-,-,-,56.55,0.59%,"122,213"
EEPR,4.53B,6.24%,4.53%,11.35%,4.51%,7.95,7.95,1.53,1.53,51.22%,36.64%,32.18%,Jul 29/a,59.18,-0.25%,"876,570"
EEPRF,-,6.29%,-,-,-,-,-,-,-,-,-,-,-,16.20,0.38%,"8,605"
EEPRT,6.28B,4.42%,3.89%,6.50%,3.65%,3.19,3.19,0.66,0.66,71.46%,64.81%,42.74%,Jul 22/a,28.79,-1.07%,"1,391,822"
EEPRX,554.96M,-,-61.39%,-65.25%,-37.75%,16.00,16.00,0.01,0.01,-,-,-,Aug 11/a,8.42,4.99%,"492,925"
EEPS,-,1.11%,-,-,-,-,-,-,-,-,-,-,-,80.64,0.88%,"33,172"
EEPSB,-,0.31%,-,-,-,-,-,-,-,-,-,-,-,26.90,1.15%,"4,175"
EEPSM,3.62M,-,-,-,-13.00%,7.35,1.91,0.00,0.02,14.73%,-29.23%,-29.26%,-,1.36,-0.73%,"227,347"
EEPSN,192.00M,3.91%,-1.95%,-3.05%,-2.05%,0.96,0.96,0.31,0.32,49.12%,35.90%,-5.18%,Aug 12/a,6.34,0.48%,"98,932"
EEPSV,-,0.44%,-,-,-,-,-,-,-,-,-,-,-,29.92,1.15%,635
EEPU,-,1.88%,-,-,-,-,-,-,-,-,-,-,-,90.72,-0.07%,"27,001"
EEPV,-,4.83%,-,-,-,-,-,-,-,-,-,-,-,17.81,-1.11%,"12,624"
EEQ,133.79M,-,-50.68%,-58.98%,-32.05%,23.40,23.40,0.00,0.01,-,-,-,Aug 13/a,2.11,-12.81%,"554,046"
EEQAL,-,1.67%,-,-,-,-,-,-,-,-,-,-,-,59.87,0.65%,"36,248"
EEQBK,1.03B,1.46%,0.55%,4.90%,3.82%,0.19,-,0.13,0.65,-,15.47%,9.45%,Jul 14/a,50.05,0.30%,"77,413"
EEQH,14.56B,2.15%,-0.30%,-508.79%,-30.32%,11.62,-,-,-,-,-3.26%,-8.34%,Aug 04/a,53.34,1.41%,"2,397,368"
EEQIN,-,1.81%,-,-,-,-,-,-,-,-,-,-,-,54.15,0.59%,"12,243"
EEQIX,102.39B,1.99%,3.84%,10.77%,4.23%,1.13,1.13,1.52,1.62,31.69%,9.22%,15.63%,Jul 29/a,1037.72,1.36%,"558,955"
EEQL,-,1.34%,-,-,-,-,-,-,-,-,-,-,-,51.46,0.63%,"21,769"
EEQLT,-,1.56%,-,-,-,-,-,-,-,-,-,-,-,39.07,0.71%,82
EEQNR,107.11B,3.51%,6.48%,21.36%,13.48%,1.16,1.08,0.56,0.75,30.28%,29.28%,7.98%,Jul 22/b,44.80,-0.69%,"2,970,116"
EEQPT,4.57B,-,0.63%,4.24%,0.96%,2.42,1.91,2.90,3.04,28.10%,6.84%,0.45%,Aug 12/a,18.02,2.27%,"2,796,018"
EEQQQ,-,-,-,-,-,-,-,-,-,-,-,-,-,39.57,1.11%,"16,948"
EEQRR,-,1.02%,-,-,-,-,-,-,-,-,-,-,-,86.87,1.11%,"7,203"
EEQS,13.69M,-,-62.57%,-72.77%,-111.02%,1.15,1.15,0.00,0.14,100.00%,-11061.88%,-11538.75%,-,0.98,0.00%,63
EEQT,33.82B,1.23%,6.70%,11.62%,8.80%,0.67,0.67,0.22,0.22,48.14%,42.38%,28.61%,Jul 21/a,54.07,-1.62%,"5,470,944"
EEQTY,-,0.02%,-,-,-,-,-,-,-,-,-,-,-,29.09,0.91%,"19,294"
EEQWL,-,1.54%,-,-,-,-,-,-,-,-,-,-,-,132.47,0.68%,"50,566"
EEQX,14.48B,0.48%,5.79%,9.84%,10.20%,1.33,0.77,0.09,0.09,42.55%,36.24%,22.55%,Aug 05/a,12.40,1.64%,"10,778,800"
EERAS,5.55B,-,-65.25%,-78.25%,-71.60%,8.29,8.29,0.11,0.12,-,-,-,Aug 11/a,15.88,-0.94%,"2,883,857"
EERC,253.05M,9.66%,-,-,-,-,-,-,-,-,-,-,-,9.02,-0.77%,"85,558"
EERET,-,3.42%,-,-,-,-,-,-,-,-,-,-,-,28.15,0.30%,207
EERH,99.10M,9.15%,-,-,-,-,-,-,-,-,-,-,-,11.22,-1.23%,"13,298"
EERIC,31.39B,3.13%,8.98%,26.30%,19.10%,1.12,0.89,0.27,0.38,48.13%,13.75%,10.75%,Jul 14/b,10.31,3.00%,"13,633,670"
EERIE,11.41B,2.39%,17.26%,24.81%,23.39%,1.25,1.25,0.00,0.00,17.90%,17.93%,14.01%,Jul 30/a,245.03,1.93%,"156,995"
EERII,385.39M,-,7.48%,8.58%,8.61%,8.05,5.99,0.03,0.05,65.36%,16.33%,12.72%,Aug 05/a,7.55,3.85%,"929,289"
EERNA,6.80M,-,-176.37%,-320.70%,-362.42%,2.01,2.01,0.06,0.11,-,-,-,Aug 17,4.16,3.61%,"19,816"
EERO,3.70B,-,15.85%,30.56%,17.90%,1.37,0.81,0.43,0.47,42.52%,35.85%,29.79%,Aug 05/a,35.47,1.40%,"952,629"
EEROC,2.79B,-,-,-,-,1.42,1.25,0.51,0.61,-,-,-,Aug 11/a,12.70,6.99%,"3,447,814"
EEROK,3.33B,-,-,-,-,2.06,2.06,0.00,0.00,-,-,-,Aug 10/a,25.30,-0.55%,"113,296"
EERTH,-,2.02%,-,-,-,-,-,-,-,-,-,-,-,44.85,0.51%,"1,402"
EERX,-,1.26%,-,-,-,-,-,-,-,-,-,-,-,112.08,0.57%,"479,623"
EERY,-,4.23%,-,-,-,-,-,-,-,-,-,-,-,8.63,-0.69%,"16,196,960"
EES,25.81B,4.58%,2.33%,9.06%,3.35%,0.80,0.74,1.64,1.82,30.41%,22.34%,10.35%,Jul 30/a,68.52,-0.68%,"1,756,921"
EESAB,4.39B,0.28%,3.60%,8.58%,3.39%,1.96,1.22,0.99,1.00,33.46%,14.15%,5.66%,Aug 06/b,70.69,2.05%,"791,916"
EESBA,1.22B,3.41%,0.17%,0.70%,0.22%,3.03,3.03,2.18,2.18,27.04%,16.78%,0.39%,-,4.10,0.00%,53
EESBG,-,1.07%,-,-,-,-,-,-,-,-,-,-,-,21.41,0.70%,"4,077"
EESCA,268.58M,3.10%,10.19%,13.15%,12.59%,3.21,1.63,0.00,0.09,27.22%,12.39%,9.46%,Jul 30/b,19.51,-1.01%,"24,323"
EESE,7.00B,0.12%,5.65%,9.50%,8.17%,1.38,0.94,0.08,0.09,35.68%,15.66%,11.01%,Aug 06/a,270.30,1.14%,"197,335"
EESEA,490.23M,4.22%,19.21%,29.49%,19.21%,5.46,5.38,0.36,0.40,66.03%,59.35%,59.98%,Aug 13/b,74.56,1.24%,"19,467"
EESG,-,0.85%,-,-,-,-,-,-,-,-,-,-,-,181.00,0.74%,223
EESGD,-,3.24%,-,-,-,-,-,-,-,-,-,-,-,105.66,0.86%,"192,844"
EESGE,-,2.07%,-,-,-,-,-,-,-,-,-,-,-,54.86,1.20%,"516,000"
EESGG,-,1.26%,-,-,-,-,-,-,-,-,-,-,-,238.85,0.76%,193
EESGU,-,0.92%,-,-,-,-,-,-,-,-,-,-,-,167.15,0.80%,"815,201"
EESGV,-,0.85%,-,-,-,-,-,-,-,-,-,-,-,135.30,0.83%,"104,865"
EESI,8.37B,0.62%,3.31%,6.57%,3.67%,2.91,2.11,0.73,0.75,38.42%,14.77%,5.67%,Jul 27/a,34.34,0.50%,"4,851,637"
EESIM,-,1.19%,-,-,-,-,-,-,-,-,-,-,-,29.27,0.69%,745
EESLA,28.69M,-,-416.74%,-,-,0.20,0.20,-,-,-,-,-,Sep 02,0.66,-1.99%,"25,929"
EESLG,-,0.28%,-,-,-,-,-,-,-,-,-,-,-,28.05,0.81%,"1,193"
EESLT,34.11B,0.55%,4.90%,15.23%,12.53%,1.39,0.89,0.15,0.19,25.03%,9.22%,7.44%,Aug 11/b,728.00,0.56%,"49,320"
EESLV,-,0.91%,-,-,-,-,-,-,-,-,-,-,-,28.61,0.74%,"4,569"
EESML,-,0.92%,-,-,-,-,-,-,-,-,-,-,-,53.79,0.71%,"96,068"
EESMV,-,1.48%,-,-,-,-,-,-,-,-,-,-,-,31.25,0.70%,25
EESN,-,0.75%,-,-,-,-,-,-,-,-,-,-,-,20.56,0.49%,"34,585"
EESNT,6.13B,2.05%,9.19%,12.01%,11.05%,3.22,-,0.09,0.09,-,65.77%,52.46%,Aug 07/b,68.18,-0.23%,"579,950"
EESOA,212.34M,1.14%,4.99%,15.08%,9.34%,1.50,1.50,0.33,0.58,11.77%,3.87%,2.24%,Aug 10/a,11.38,-0.09%,"94,967"
EESP,190.81M,1.57%,12.76%,20.97%,19.09%,2.28,1.61,0.00,0.00,36.52%,25.45%,25.49%,May 12/a,63.69,1.10%,"14,008"
EESPO,-,1.33%,-,-,-,-,-,-,-,-,-,-,-,97.22,2.10%,"14,937"
EESQ,1.45B,0.67%,2.31%,18.26%,16.71%,0.46,-,0.01,0.01,-,40.28%,29.30%,Jul 23/b,119.86,0.61%,"192,350"
EESRT,741.01M,3.27%,0.17%,0.70%,0.22%,3.03,3.03,2.18,2.18,27.04%,16.78%,0.39%,Jul 29/a,4.28,0.94%,"3,713,271"
EESS,18.14B,3.80%,3.17%,7.55%,3.56%,0.09,0.09,1.18,1.27,36.84%,29.26%,21.48%,Jul 29/a,272.91,0.57%,"270,072"
EESSC,-,0.42%,-,-,-,-,-,-,-,-,-,-,-,29.60,0.59%,"6,912"
EESTA,2.11B,-,-11.41%,-175.30%,-13.63%,3.84,2.52,12.20,12.20,70.49%,-7.63%,-15.82%,Aug 06/b,70.94,-0.63%,"281,970"
EESTC,8.76B,0.02%,13.60%,33.12%,19.91%,1.71,1.71,0.46,0.46,75.50%,-1.40%,20.84%,Aug 27/a,83.39,-0.11%,"2,354,729"
EESUM,-,0.96%,-,-,-,-,-,-,-,-,-,-,-,30.27,0.70%,"18,348"
EET,74.20B,6.35%,3.87%,15.07%,5.02%,1.16,0.94,1.98,1.99,10.94%,9.62%,4.70%,Aug 04/b,21.55,-0.83%,"8,155,841"
EETB,456.48M,8.19%,-,-,-,-,-,-,-,-,-,-,-,15.54,1.04%,"77,653"
EETCO,-,143.69%,-,-,-,-,-,-,-,-,-,-,-,8.98,1.19%,"1,939"
EETD,552.69M,6.20%,5.48%,8.36%,7.06%,2.06,1.06,0.20,0.26,61.16%,7.71%,6.88%,Jul 29/a,21.93,0.37%,"390,357"
EETEC,-,0.51%,-,-,-,-,-,-,-,-,-,-,-,25.27,0.99%,36
EETFT,-,-,-,-,-,-,-,-,-,-,-,-,-,9.81,0.58%,406
EETG,1.79B,6.62%,-,-,-,-,-,-,-,-,-,-,-,23.39,0.86%,"92,972"
EETH,-,0.14%,-,-,-,-,-,-,-,-,-,-,-,24.25,3.24%,"8,458,280"
EETHA,-,-,-,-,-,-,-,-,-,-,-,-,-,19.16,3.23%,"97,174,910"
EETHB,-,0.35%,-,-,-,-,-,-,-,-,-,-,-,32.68,3.16%,"1,891,355"
EETHD,-,21.53%,-,-,-,-,-,-,-,-,-,-,-,28.47,-6.44%,"1,468,707"
EETHE,-,1.31%,-,-,-,-,-,-,-,-,-,-,-,20.42,3.18%,"6,835,061"
EETHO,-,0.70%,-,-,-,-,-,-,-,-,-,-,-,79.57,0.84%,"1,860"
EETHT,-,1.19%,-,-,-,-,-,-,-,-,-,-,-,17.82,6.39%,"4,917,652"
EETHU,-,2.15%,-,-,-,-,-,-,-,-,-,-,-,27.71,6.33%,"17,349,738"
EETHV,-,-,-,-,-,-,-,-,-,-,-,-,-,37.12,3.20%,"234,718"
EETHW,-,-,-,-,-,-,-,-,-,-,-,-,-,18.16,3.06%,"2,074,052"
EETJ,559.95M,9.38%,-,-,-,-,-,-,-,-,-,-,-,8.32,0.48%,"116,502"
EETN,165.21B,0.99%,7.92%,19.71%,9.70%,1.24,0.79,0.95,1.05,35.90%,19.44%,12.75%,Jul 31/b,425.37,3.96%,"1,631,418"
EETNG,-,-,-,-,-,-,-,-,-,-,-,-,-,13.71,7.82%,"7,115"
EETO,506.89M,6.71%,-,-,-,-,-,-,-,-,-,-,-,30.93,0.68%,"25,092"
EETON,1.63B,-,11.67%,35.97%,19.01%,1.52,1.30,0.43,0.63,57.87%,15.63%,12.02%,Aug 13/a,57.08,-1.38%,"323,592"
EETOR,2.46B,-,14.65%,19.50%,18.78%,4.02,4.02,0.02,0.03,94.40%,31.96%,26.96%,Aug 11/b,30.35,1.10%,"1,005,171"
EETR,50.32B,2.45%,2.47%,10.42%,3.64%,0.88,0.66,1.71,1.88,28.57%,22.23%,13.33%,Jul 29/b,105.33,-0.38%,"4,179,401"
EETS,-,-,-,-,-,-,-,-,-,-,-,-,Apr 13/a,1.50,7.91%,"376,857"
EETSS,198.60M,-,-,-,0.27%,4.20,4.20,0.00,0.00,-,-,-,-,9.93,0.00%,"1,247"
EETSY,6.68B,-,16.22%,-,20.29%,1.48,1.48,-,-,72.30%,16.10%,7.32%,Aug 05/a,72.76,1.63%,"2,862,407"
EETTY,-,36.36%,-,-,-,-,-,-,-,-,-,-,-,9.98,4.27%,605
EETU,-,-,-,-,-,-,-,-,-,-,-,-,-,7.32,5.78%,"139,900"
EETV,1.77B,7.82%,-,-,-,-,-,-,-,-,-,-,-,15.19,0.13%,"138,834"
EETW,1.05B,8.21%,-,-,-,-,-,-,-,-,-,-,-,9.65,0.10%,"290,819"
EETX,197.55M,5.16%,-,-,-,-,-,-,-,-,-,-,-,18.13,-0.06%,"4,510"
EETY,2.26B,8.37%,-,-,-,-,-,-,-,-,-,-,-,14.19,0.28%,"497,035"
EEU,213.71M,-,-13.75%,-22.08%,-16.61%,8.03,7.64,0.49,0.49,9.99%,-147.52%,-131.75%,Aug 13/b,1.10,-4.35%,"3,103,276"
EEUAD,-,0.39%,-,-,-,-,-,-,-,-,-,-,-,42.88,1.01%,"66,669"
EEUDA,40.27M,-,-,-,-,0.18,0.18,-,-,43.88%,-35.78%,-40.65%,-,13.45,2.52%,"109,385"
EEUDG,-,2.37%,-,-,-,-,-,-,-,-,-,-,-,38.88,0.39%,695
EEUDV,-,2.10%,-,-,-,-,-,-,-,-,-,-,-,52.80,-0.34%,520
EEUFN,-,3.91%,-,-,-,-,-,-,-,-,-,-,-,42.29,1.15%,"1,945,976"
EEUHY,-,6.71%,-,-,-,-,-,-,-,-,-,-,-,52.60,0.07%,"15,763"
EEUIG,-,2.42%,-,-,-,-,-,-,-,-,-,-,-,48.92,-0.44%,112
EEUM,-,4.27%,-,-,-,-,-,-,-,-,-,-,-,15.61,-1.08%,"46,888"
EEUO,-,-,-,-,-,-,-,-,-,-,-,-,-,30.03,0.25%,"3,506"
EEURK,24.85M,-,0.38%,273.15%,-,0.00,0.00,-,-,-,-,-,-,11.45,-1.80%,"80,181"
EEURL,-,1.57%,-,-,-,-,-,-,-,-,-,-,-,47.08,1.97%,"4,115"
EEUSA,-,1.44%,-,-,-,-,-,-,-,-,-,-,-,115.03,0.74%,"34,712"
EEUSB,-,4.08%,-,-,-,-,-,-,-,-,-,-,-,42.21,-0.09%,"25,192"
EEUV,-,-,-,-,-,-,-,-,-,-,-,-,-,23.95,1.78%,"386,660"
EEUVX,-,-,-,-,-,-,-,-,-,-,-,-,-,13.99,2.96%,"18,713"
EEVAC,602.01M,-,7.02%,7.33%,3.66%,11.36,11.36,0.00,0.00,-,-,-,-,10.30,-0.10%,"361,271"
EEVAX,26.10M,-,-41.51%,-110.21%,-53.95%,5.06,5.06,0.69,0.75,-,-116.83%,-116.42%,Aug 20/b,3.13,0.97%,"30,259"
EEVC,794.60M,2.32%,1.13%,5.67%,1.90%,1.48,1.48,2.09,2.47,22.94%,8.43%,0.72%,Aug 10/a,8.61,-0.69%,"1,056,400"
EEVCM,1.11B,-,2.04%,3.89%,2.84%,2.03,2.03,0.73,0.75,67.14%,13.42%,5.88%,Aug 05/a,6.31,-3.37%,"180,663"
EEVER,845.05M,-,39.31%,53.61%,44.48%,3.33,3.33,0.00,0.01,97.65%,11.00%,15.16%,Aug 03/a,23.98,2.09%,"644,133"
EEVEX,735.31M,-,-59.50%,-1179.21%,-65.60%,3.48,3.48,13.28,13.53,-,-,-,Aug 04/b,2.11,0.48%,"758,920"
EEVF,89.94M,8.77%,-,-,-,-,-,-,-,-,-,-,-,4.95,0.41%,"117,803"
EEVG,140.09M,8.58%,-,-,-,-,-,-,-,-,-,-,-,10.41,-0.57%,"27,760"
EEVGN,7.59M,-,-71.03%,-,-,3.57,3.54,-,-,-14.15%,-1019.82%,-694.19%,Aug 18/b,0.48,-0.10%,"2,462,244"
EEVGO,427.74M,-,-5.91%,-4730.75%,-14.18%,2.03,2.03,-,-,16.15%,-26.58%,-13.43%,Aug 05/b,1.36,2.26%,"2,114,485"
EEVH,473.72M,-,-22.78%,-78.95%,-37.35%,1.24,1.24,2.53,2.53,11.89%,-1.33%,-24.37%,Aug 06/b,4.19,0.48%,"1,697,240"
EEVHY,-,7.17%,-,-,-,-,-,-,-,-,-,-,-,51.62,-0.10%,"2,707"
EEVI,204.77M,-,2.09%,4.47%,3.13%,1.64,0.85,0.39,0.42,29.70%,3.52%,1.47%,Sep 08/b,15.90,2.91%,"51,416"
EEVIM,-,3.62%,-,-,-,-,-,-,-,-,-,-,-,51.37,0.34%,"42,581"
EEVLN,-,6.67%,-,-,-,-,-,-,-,-,-,-,-,48.80,-0.00%,"27,181"
EEVLU,-,3.66%,-,-,-,-,-,-,-,-,-,-,-,42.31,1.10%,"2,800"
EEVLV,896.57M,-,-1.79%,-4.94%,-3.32%,1.18,1.11,0.32,0.35,49.98%,-19.95%,-3.05%,Aug 11/a,4.95,-0.40%,"1,374,267"
EEVMN,382.52M,-,-47.55%,-178.03%,-33.28%,11.68,11.68,0.02,0.03,84.62%,-1018.93%,-946.68%,Aug 06/a,10.54,-0.19%,"388,942"
EEVMO,-,5.12%,-,-,-,-,-,-,-,-,-,-,-,48.89,-0.21%,"12,828"
EEVMT,-,11.27%,-,-,-,-,-,-,-,-,-,-,-,17.75,0.40%,"9,914"
EEVMU,-,0.14%,-,-,-,-,-,-,-,-,-,-,-,32.68,6.24%,"5,984"
EEVN,416.00M,5.87%,-,-,-,-,-,-,-,-,-,-,-,10.42,0.39%,"53,977"
EEVNT,-,0.40%,-,-,-,-,-,-,-,-,-,-,-,12.23,0.04%,"3,537"
EEVO,614.46M,-,-11.74%,-26.25%,-18.65%,2.33,2.21,0.62,0.71,10.47%,-18.62%,-27.53%,Aug 13/b,1.73,-2.26%,"42,524"
EEVOX,323.84M,-,-0.17%,-0.17%,-0.09%,3.50,3.50,0.00,0.00,-,-,-,-,10.12,0.00%,"2,312"
EEVPF,-,2.63%,-,-,-,-,-,-,-,-,-,-,-,49.17,0.23%,"2,690"
EEVR,10.81B,1.26%,17.76%,42.41%,25.81%,2.47,2.47,0.55,0.59,98.79%,22.57%,15.71%,Jul 29/b,281.21,-0.85%,"274,821"
EEVRG,18.81B,3.39%,2.71%,9.17%,4.11%,0.36,0.21,1.20,1.61,32.48%,25.55%,15.33%,Aug 06/b,81.62,0.32%,"2,262,331"
EEVSB,-,4.54%,-,-,-,-,-,-,-,-,-,-,-,50.75,-0.08%,"81,960"
EEVSD,-,4.63%,-,-,-,-,-,-,-,-,-,-,-,50.35,-0.14%,"256,489"
EEVSM,-,3.03%,-,-,-,-,-,-,-,-,-,-,-,49.72,0.08%,"67,310"
EEVT,2.14B,6.91%,-,-,-,-,-,-,-,-,-,-,Aug 13/b,28.67,0.17%,"61,784"
EEVTC,1.75B,0.68%,4.39%,15.57%,5.15%,1.70,1.70,1.95,2.06,36.81%,19.93%,9.80%,Aug 04/a,29.27,0.41%,"337,524"
EEVTL,92.01M,-,1.47%,-,-,0.71,0.71,-,-,-,-,-,Aug 13/b,0.54,-3.29%,"4,939,715"
EEVTR,-,4.89%,-,-,-,-,-,-,-,-,-,-,-,49.32,-0.07%,"852,848"
EEVUS,-,1.45%,-,-,-,-,-,-,-,-,-,-,-,36.97,0.69%,"20,950"
EEVV,1.03B,9.80%,-,-,-,-,-,-,-,-,-,-,-,8.85,-0.56%,"382,802"
EEVX,-,0.18%,-,-,-,-,-,-,-,-,-,-,-,39.94,0.85%,"3,122"
EEVYM,-,5.04%,-,-,-,-,-,-,-,-,-,-,-,48.57,0.59%,609
EEW,48.63B,-,7.16%,9.26%,8.67%,4.52,3.77,0.06,0.07,78.28%,28.53%,15.05%,Jul 23/a,84.37,-2.77%,"3,795,194"
EEWA,-,2.90%,-,-,-,-,-,-,-,-,-,-,-,29.27,0.65%,"2,712,947"
EEWAV,130.75M,-,-,-,-,0.80,0.80,-,-,-,-,-,-,9.89,0.10%,"29,511"
EEWBC,17.70B,2.48%,1.78%,16.58%,12.11%,0.13,-,0.29,0.45,-,39.68%,30.90%,Jul 21/a,129.17,-0.15%,"662,364"
EEWC,-,1.24%,-,-,-,-,-,-,-,-,-,-,-,60.58,0.48%,"1,169,162"
EEWD,-,3.46%,-,-,-,-,-,-,-,-,-,-,-,51.90,0.62%,"75,657"
EEWG,-,1.94%,-,-,-,-,-,-,-,-,-,-,-,42.87,0.59%,"550,027"
EEWH,-,4.60%,-,-,-,-,-,-,-,-,-,-,-,22.52,0.22%,"4,365,107"
EEWI,-,3.03%,-,-,-,-,-,-,-,-,-,-,-,61.96,1.56%,"296,534"
EEWJ,-,3.45%,-,-,-,-,-,-,-,-,-,-,-,98.56,2.20%,"3,402,589"
EEWJV,-,4.45%,-,-,-,-,-,-,-,-,-,-,-,50.12,2.73%,"108,312"
EEWK,-,1.83%,-,-,-,-,-,-,-,-,-,-,-,26.93,0.64%,"10,138"
EEWL,-,1.81%,-,-,-,-,-,-,-,-,-,-,-,60.30,0.00%,"164,405"
EEWM,-,3.59%,-,-,-,-,-,-,-,-,-,-,-,27.76,-0.50%,"201,527"
EEWN,-,4.18%,-,-,-,-,-,-,-,-,-,-,-,67.84,0.46%,"61,558"
EEWO,-,1.89%,-,-,-,-,-,-,-,-,-,-,-,44.45,-0.02%,"188,542"
EEWP,-,2.68%,-,-,-,-,-,-,-,-,-,-,-,62.14,1.17%,"133,633"
EEWQ,-,2.93%,-,-,-,-,-,-,-,-,-,-,-,44.93,0.69%,"141,808"
EEWS,-,3.52%,-,-,-,-,-,-,-,-,-,-,-,33.62,0.75%,"1,011,177"
EEWT,-,0.91%,-,-,-,-,-,-,-,-,-,-,-,110.91,1.83%,"2,216,985"
EEWTX,4.82B,-,-36.09%,-38.03%,-43.76%,16.24,16.24,0.01,0.01,-,-,-,Aug 06/b,44.40,3.50%,"1,404,272"
EEWU,-,3.12%,-,-,-,-,-,-,-,-,-,-,-,47.94,0.86%,"720,141"
EEWUS,-,3.09%,-,-,-,-,-,-,-,-,-,-,-,44.03,0.91%,528
EEWV,-,5.74%,-,-,-,-,-,-,-,-,-,-,-,15.72,-4.55%,"18,872"
EEWW,-,3.27%,-,-,-,-,-,-,-,-,-,-,-,75.38,0.17%,"523,235"
EEWX,-,2.54%,-,-,-,-,-,-,-,-,-,-,-,72.61,0.30%,"13,535"
EEWY,-,1.08%,-,-,-,-,-,-,-,-,-,-,-,188.72,3.25%,"11,838,535"
EEWZ,-,3.55%,-,-,-,-,-,-,-,-,-,-,-,38.19,-0.96%,"16,964,984"
EEWZS,-,3.13%,-,-,-,-,-,-,-,-,-,-,-,13.37,-1.47%,"569,438"
EEXC,44.55B,3.89%,2.40%,9.71%,3.46%,1.09,0.99,1.71,1.78,27.53%,20.79%,10.99%,Jul 30/b,43.16,-0.53%,"4,644,230"
EEXE,21.95B,2.43%,9.97%,14.89%,12.04%,0.96,0.96,0.19,0.19,48.69%,21.53%,22.08%,Jul 28/a,94.83,-2.11%,"3,501,273"
EEXEL,13.91B,-,33.28%,44.39%,42.82%,3.46,3.38,0.09,0.09,96.48%,40.72%,35.33%,Aug 05/a,56.12,-2.28%,"2,916,863"
EEXFY,196.96M,-,-8.39%,-11.73%,-11.21%,3.48,3.48,0.04,0.04,47.68%,-8.03%,-11.31%,Aug 06/a,2.16,-2.70%,"712,572"
EEXG,2.97B,8.16%,-,-,-,-,-,-,-,-,-,-,-,9.70,0.31%,"466,953"
EEXI,-,1.09%,-,-,-,-,-,-,-,-,-,-,-,195.13,1.42%,"27,505"
EEXK,3.01B,-,5.79%,10.58%,6.86%,1.97,1.65,0.34,0.35,27.64%,26.29%,8.89%,Jul 29/a,10.18,-3.23%,"9,386,780"
EEXLS,5.35B,-,14.47%,25.94%,26.20%,1.23,1.23,0.10,0.56,35.44%,14.42%,11.17%,Jul 28/a,35.26,1.85%,"1,965,342"
EEXOD,181.52M,-,-19.09%,-36.35%,-43.24%,1.06,1.06,0.00,0.00,35.72%,-50.13%,-79.94%,Aug 10/a,6.01,0.67%,"45,601"
EEXOZ,58.49M,-,-115.42%,-187.16%,-231.85%,3.81,3.81,0.20,0.30,-,-,-,Aug 20/a,6.30,2.13%,"4,563"
EEXP,5.68B,0.52%,11.02%,27.03%,12.34%,3.23,1.91,1.19,1.21,27.02%,23.21%,17.32%,Jul 29/b,185.12,0.73%,"467,105"
EEXPD,25.04B,0.84%,18.52%,42.60%,35.75%,1.46,1.46,0.21,0.27,15.20%,9.90%,7.63%,Aug 04/b,192.60,1.73%,"866,153"
EEXPE,33.70B,0.53%,7.27%,199.12%,29.53%,0.80,0.80,4.70,4.70,84.69%,16.64%,12.97%,Aug 05/a,280.83,1.43%,"1,365,845"
EEXPN,-,-,-,-,-,-,-,-,-,-,-,-,-,25.09,0.86%,"12,492"
EEXPO,3.20B,1.84%,15.83%,31.20%,30.83%,1.98,1.98,0.26,0.28,24.60%,20.17%,17.67%,Jul 30/a,67.21,-0.18%,"480,088"
EEXR,30.37B,4.74%,3.24%,7.07%,3.75%,0.80,0.80,0.92,1.09,34.60%,26.06%,27.74%,Jul 28/a,137.64,0.87%,"1,864,240"
EEXTR,2.90B,-,3.61%,54.64%,16.68%,0.93,0.81,1.85,2.20,60.24%,5.05%,3.28%,Aug 05/b,22.20,4.82%,"1,127,464"
EEXUS,-,0.03%,-,-,-,-,-,-,-,-,-,-,-,28.78,1.21%,"5,144"
EEXYN,21.24M,-,-,-,-,1.84,1.56,0.01,0.35,-,-,-,Aug 19/a,2.67,-0.37%,"56,891"
EEYE,1.37B,-,2.54%,5.75%,3.39%,0.59,0.27,0.65,0.78,54.08%,4.25%,2.47%,Aug 12/b,17.29,0.93%,"2,658,968"
EEYEG,-,5.03%,-,-,-,-,-,-,-,-,-,-,-,33.99,-0.07%,19
EEYES,-,-,-,-,-,-,-,-,-,-,-,-,-,27.94,0.24%,558
EEYLD,-,4.63%,-,-,-,-,-,-,-,-,-,-,-,49.71,0.67%,"51,572"
EEYPT,364.68M,-,-115.86%,-148.70%,-164.66%,4.50,4.46,0.12,0.13,-18.29%,-11365.22%,-10994.73%,Aug 06/b,4.23,-0.47%,"2,728,042"
EEZA,-,7.20%,-,-,-,-,-,-,-,-,-,-,-,70.10,0.81%,"75,071"
EEZBC,-,-,-,-,-,-,-,-,-,-,-,-,-,44.66,0.29%,"137,428"
EEZET,-,-,-,-,-,-,-,-,-,-,-,-,-,19.24,3.22%,"181,339"
EEZGO,1.97M,-,-14.63%,-20.36%,-17.21%,3.07,1.52,0.10,0.19,5.15%,-19.79%,-55.05%,-,0.85,-3.57%,"16,458"
EEZJ,-,1.71%,-,-,-,-,-,-,-,-,-,-,-,71.13,4.56%,"1,284"
EEZM,-,1.22%,-,-,-,-,-,-,-,-,-,-,-,75.06,0.71%,"7,210"
EEZMO,-,-,-,-,-,-,-,-,-,-,-,-,-,26.59,1.02%,880
EEZPW,2.00B,-,7.82%,14.69%,8.31%,4.81,3.45,0.64,0.70,56.27%,13.97%,9.99%,Aug 05/a,32.47,0.00%,"414,664"
EEZPZ,-,-,-,-,-,-,-,-,-,-,-,-,-,19.63,0.78%,"2,979"
EEZRA,4.54M,-,-38.89%,-123.42%,-54.90%,1.63,1.63,0.65,0.79,47.96%,-74.88%,-54.37%,-,2.70,-0.74%,"34,612"
EEZRO,-,-,-,-,-,-,-,-,-,-,-,-,-,24.77,1.17%,"15,360"
EEZU,-,2.64%,-,-,-,-,-,-,-,-,-,-,-,69.61,0.91%,"2,729,667"
FF,55.71B,4.29%,-2.56%,-18.31%,-5.03%,1.09,0.93,3.12,4.57,8.00%,1.98%,-3.93%,Jul 28/a,13.97,0.65%,"39,394,609"
FFA,3.64B,-,0.66%,1.94%,0.75%,2.53,2.53,1.57,1.58,28.81%,10.89%,1.51%,Aug 06/b,21.22,3.92%,"1,079,505"
FFAAA,-,2.40%,-,-,-,-,-,-,-,-,-,-,-,50.36,0.07%,"46,380"
FFAAR,-,9.62%,-,-,-,-,-,-,-,-,-,-,-,31.99,-0.47%,"128,433"
FFAB,-,1.52%,-,-,-,-,-,-,-,-,-,-,-,105.12,0.64%,"6,151"
FFABC,17.02M,-,-77.03%,-298.03%,-80.08%,18.63,18.63,0.00,0.01,-,-,-,-,2.43,2.97%,"94,087"
FFAC,568.29M,-,-2.25%,-2.71%,-5.18%,17.52,17.52,0.08,0.09,-,-,-,Aug 11/a,5.31,0.95%,"194,956"
FFACT,260.72M,-,2.08%,2.19%,2.16%,1.69,1.69,0.00,0.00,-,-,-,-,10.72,0.09%,"1,216"
FFAD,-,0.10%,-,-,-,-,-,-,-,-,-,-,-,182.10,0.99%,"6,305"
FFAF,7.33B,3.06%,4.23%,13.87%,10.11%,1.97,-,0.31,0.31,-,14.42%,9.33%,Jul 22/a,71.78,0.84%,"468,153"
FFAI,-,-,-,-,-,-,-,-,-,-,-,-,-,54.39,1.18%,"26,510"
FFALN,-,6.63%,-,-,-,-,-,-,-,-,-,-,-,26.52,0.00%,"863,331"
FFAMI,4.57M,-,-49.63%,-65.36%,-75.16%,5.64,5.64,0.10,0.15,-6.05%,-428.40%,-494.82%,-,0.12,-6.07%,"4,599,432"
FFAN,-,0.99%,-,-,-,-,-,-,-,-,-,-,-,23.65,0.64%,"11,439"
FFANG,57.40B,2.13%,2.05%,3.79%,2.97%,0.47,0.45,0.29,0.33,37.37%,35.05%,8.51%,Aug 03/a,204.97,-0.20%,"1,679,166"
FFAPR,-,-,-,-,-,-,-,-,-,-,-,-,-,47.74,0.59%,"18,614"
FFARX,-,2.78%,-,-,-,-,-,-,-,-,-,-,-,30.07,0.03%,"3,281"
FFAS,-,1.08%,-,-,-,-,-,-,-,-,-,-,-,173.91,1.90%,"296,182"
FFAST,56.59B,2.00%,26.23%,34.34%,31.20%,4.18,2.21,0.07,0.11,42.77%,20.29%,15.45%,Jul 14/b,49.32,0.63%,"6,367,759"
FFATE,276.79M,-,-39.89%,-60.75%,-56.20%,4.85,4.85,0.46,0.49,-84.69%,-2058.08%,-1941.09%,Aug 13/b,2.31,-0.86%,"742,393"
FFATN,79.26M,-,16.16%,23.26%,17.47%,3.98,3.79,0.18,0.21,76.38%,17.18%,26.87%,Jul 30/a,5.61,0.45%,"112,060"
FFAUG,-,-,-,-,-,-,-,-,-,-,-,-,-,57.63,0.66%,"40,810"
FFAX,595.30M,13.73%,-,-,-,-,-,-,-,-,-,-,-,14.42,0.14%,"144,408"
FFAZ,-,3.59%,-,-,-,-,-,-,-,-,-,-,-,32.62,-1.81%,"1,394,420"
FFB,-,1.95%,-,-,-,-,-,-,-,-,-,-,-,45.39,0.51%,"1,434"
FFBCG,-,0.04%,-,-,-,-,-,-,-,-,-,-,-,61.71,0.83%,"468,939"
FFBCV,-,2.39%,-,-,-,-,-,-,-,-,-,-,-,42.53,0.65%,"5,735"
FFBDC,-,11.88%,-,-,-,-,-,-,-,-,-,-,-,17.25,0.36%,"10,309"
FFBDT,36.81M,-,-,-,-,0.46,0.41,0.74,8.74,-,-,-,-,0.66,0.20%,"546,509"
FFBGL,5.06M,-,-,-,-,-,-,-,-,-,-,-,-,0.37,-8.29%,"8,085"
FFBIN,4.86B,2.54%,2.30%,6.41%,2.91%,2.01,1.05,1.21,1.21,44.88%,15.16%,3.39%,Aug 04/a,40.73,2.49%,"2,074,523"
FFBIO,84.04M,-,46.92%,107.48%,53.19%,3.96,3.83,0.28,0.32,58.88%,-42.86%,150.97%,Aug 13/a,2.52,-1.95%,"209,700"
FFBIZ,608.88M,1.87%,1.30%,14.74%,10.76%,0.06,-,0.28,0.89,-,22.51%,18.65%,Jul 30/a,72.76,0.68%,"48,683"
FFBK,2.74B,1.45%,1.30%,11.08%,8.56%,0.11,-,0.19,0.19,-,26.15%,19.10%,Jul 13/a,54.76,-0.33%,"347,885"
FFBL,-,2.60%,-,-,-,-,-,-,-,-,-,-,-,25.95,1.05%,"903,476"
FFBLA,254.85M,-,0.23%,0.91%,-0.08%,0.11,-,0.27,0.39,-,4.02%,-0.37%,-,15.98,-0.06%,"80,175"
FFBLG,10.72M,-,-166.14%,-660.08%,-317.34%,2.64,2.64,0.23,0.31,-,-,-,Jul 31/a,1.61,-6.94%,"107,289"
FFBNC,2.66B,1.50%,1.03%,8.10%,7.35%,0.06,-,0.05,0.05,-,28.77%,23.09%,Jul 22/a,64.30,-0.59%,"182,604"
FFBND,-,4.78%,-,-,-,-,-,-,-,-,-,-,-,44.24,-0.05%,"4,109,683"
FFBOT,-,0.43%,-,-,-,-,-,-,-,-,-,-,-,38.42,1.29%,"7,521"
FFBP,4.23B,2.88%,1.95%,19.49%,17.11%,0.05,-,0.10,0.10,-,35.12%,29.21%,Jul 22/b,27.69,-0.18%,"1,282,716"
FFBRT,646.09M,10.28%,1.01%,4.00%,1.19%,0.88,0.61,2.50,2.85,93.73%,57.66%,6.08%,Jul 29/a,7.78,1.30%,"2,828,238"
FFBT,-,-,-,-,-,-,-,-,-,-,-,-,-,261.85,-0.16%,"30,110"
FFBTC,-,-,-,-,-,-,-,-,-,-,-,-,-,67.25,0.28%,"2,898,897"
FFBUF,-,0.57%,-,-,-,-,-,-,-,-,-,-,-,33.54,0.80%,"2,545"
FFBX,-,-,-,-,-,-,-,-,-,-,-,-,-,33.17,0.99%,347
FFBY,-,50.84%,-,-,-,-,-,-,-,-,-,-,-,8.90,0.45%,"54,074"
FFBYD,750.59M,-,-0.46%,-4.59%,-1.46%,0.66,0.66,0.61,1.24,62.30%,-66.86%,-16.42%,-,6.19,-6.78%,"217,937"
FFBYY,-,59.17%,-,-,-,-,-,-,-,-,-,-,-,10.65,-0.70%,"1,066"
FFC,202.84M,-,1.05%,4.03%,5.09%,0.66,0.61,0.00,0.00,72.30%,5.68%,0.83%,Jul 01/a,17.96,0.28%,"48,909"
FFCA,-,2.88%,-,-,-,-,-,-,-,-,-,-,-,27.36,0.22%,"15,908"
FFCAL,-,3.54%,-,-,-,-,-,-,-,-,-,-,-,47.48,0.30%,"17,395"
FFCAP,209.54M,2.00%,1.46%,13.89%,12.95%,0.71,-,0.00,0.00,-,33.25%,26.97%,-,62.65,-1.03%,"10,053"
FFCBC,894.08M,3.55%,1.75%,11.38%,10.99%,0.28,-,0.00,0.01,-,36.74%,30.38%,Jul 21/a,47.28,-0.90%,"118,752"
FFCBD,-,4.20%,-,-,-,-,-,-,-,-,-,-,-,25.00,0.04%,"6,416"
FFCBM,401.74M,-,-,-,-,0.05,-,0.16,0.28,-,-,-,Jul 30/b,12.93,1.25%,"149,444"
FFCCO,320.53M,1.92%,1.05%,12.06%,9.43%,0.13,-,0.07,0.50,-,25.19%,18.32%,Jul 22/b,34.10,-0.15%,"35,151"
FFCEF,-,5.76%,-,-,-,-,-,-,-,-,-,-,-,23.49,-0.48%,"35,330"
FFCEL,1.27B,-,-16.35%,-21.21%,-14.82%,8.67,7.77,0.14,0.16,-32.39%,-87.95%,-115.68%,Sep 02/b,15.89,1.92%,"5,428,618"
FFCF,2.15B,2.63%,1.38%,10.91%,9.73%,0.04,-,0.10,0.19,-,29.04%,22.65%,Jul 28/a,21.31,0.28%,"819,197"
FFCFS,9.91B,0.75%,7.76%,17.40%,7.90%,4.89,3.51,1.12,1.16,51.52%,16.11%,9.42%,Jul 23/b,228.38,0.44%,"411,154"
FFCFY,-,1.32%,-,-,-,-,-,-,-,-,-,-,-,30.43,1.73%,"22,668"
FFCG,-,2.00%,-,-,-,-,-,-,-,-,-,-,-,31.83,-0.38%,"740,998"
FFCHL,1.23M,-,-135.25%,-359.49%,-144.61%,3.95,3.95,0.14,0.15,21.17%,-113.43%,-111.89%,-,0.94,-2.91%,"17,316"
FFCLD,-,0.01%,-,-,-,-,-,-,-,-,-,-,-,43.50,0.24%,"53,964"
FFCLO,-,3.16%,-,-,-,-,-,-,-,-,-,-,-,50.42,0.08%,"6,225"
FFCN,4.09B,-,7.19%,15.63%,9.87%,2.03,2.03,0.92,0.95,31.76%,9.69%,6.44%,Jul 30/b,148.07,-1.49%,"240,331"
FFCNCA,24.13B,0.39%,1.01%,10.65%,4.34%,0.20,-,1.48,1.48,-,21.14%,15.75%,Jul 23/b,2173.00,0.35%,"51,610"
FFCOM,-,0.97%,-,-,-,-,-,-,-,-,-,-,-,72.08,1.04%,"318,572"
FFCOR,-,4.77%,-,-,-,-,-,-,-,-,-,-,-,45.64,0.01%,"60,838"
FFCPI,-,1.54%,-,-,-,-,-,-,-,-,-,-,-,56.81,0.75%,"7,307"
FFCPT,2.63B,6.15%,4.12%,7.65%,4.34%,0.44,0.44,0.68,0.78,64.68%,55.70%,38.70%,Jul 29/a,23.97,-0.54%,"488,263"
FFCRS,369.08M,-,4.35%,4.56%,2.28%,0.85,0.85,0.00,0.00,-,-,-,-,10.27,0.10%,"700,820"
FFCSH,-,4.27%,-,-,-,-,-,-,-,-,-,-,-,23.78,-0.04%,804
FFCTE,-,0.08%,-,-,-,-,-,-,-,-,-,-,-,28.77,1.81%,"15,776"
FFCTR,-,0.48%,-,-,-,-,-,-,-,-,-,-,-,39.59,0.86%,604
FFCUS,-,3.52%,-,-,-,-,-,-,-,-,-,-,-,38.56,1.54%,"83,345"
FFCUV,4.01M,-,-50.45%,-121.07%,-28.62%,2.44,2.34,1.33,1.36,18.54%,-651.13%,-727.60%,-,5.70,3.26%,"145,756"
FFCVT,-,1.12%,-,-,-,-,-,-,-,-,-,-,-,49.38,0.34%,"5,672"
FFCX,102.06B,0.84%,5.03%,15.26%,9.99%,2.07,0.92,0.45,0.52,24.55%,22.11%,11.62%,Jul 23/b,71.07,-0.20%,"10,765,919"
FFCXG,-,-,-,-,-,-,-,-,-,-,-,-,-,15.37,-0.30%,"48,500"
FFDAT,-,5.84%,-,-,-,-,-,-,-,-,-,-,-,22.42,0.14%,118
FFDBC,318.02M,3.14%,1.08%,13.07%,11.51%,0.13,-,0.06,0.54,-,24.69%,21.11%,-,54.75,-0.29%,"8,206"
FFDCF,-,-,-,-,-,-,-,-,-,-,-,-,-,50.83,1.20%,"1,987"
FFDD,-,4.93%,-,-,-,-,-,-,-,-,-,-,-,20.42,0.59%,"52,132"
FFDEC,-,-,-,-,-,-,-,-,-,-,-,-,-,55.78,0.63%,"9,886"
FFDEM,-,2.90%,-,-,-,-,-,-,-,-,-,-,-,36.61,0.66%,"38,181"
FFDEV,-,2.90%,-,-,-,-,-,-,-,-,-,-,-,37.79,0.74%,"32,588"
FFDFF,-,0.96%,-,-,-,-,-,-,-,-,-,-,-,36.55,0.53%,"1,491"
FFDG,-,-,-,-,-,-,-,-,-,-,-,-,-,132.56,1.45%,"3,247"
FFDHY,-,6.56%,-,-,-,-,-,-,-,-,-,-,-,48.54,-0.02%,"59,170"
FFDIF,-,0.25%,-,-,-,-,-,-,-,-,-,-,-,40.93,0.87%,"3,061"
FFDIG,-,1.41%,-,-,-,-,-,-,-,-,-,-,-,44.46,1.48%,"23,425"
FFDIQ,-,2.13%,-,-,-,-,-,-,-,-,-,-,-,71.78,0.53%,"1,894"
FFDIS,-,0.75%,-,-,-,-,-,-,-,-,-,-,-,98.75,1.11%,"69,883"
FFDIV,-,2.40%,-,-,-,-,-,-,-,-,-,-,-,27.60,0.52%,"4,789"
FFDL,-,3.54%,-,-,-,-,-,-,-,-,-,-,-,52.23,0.35%,"600,776"
FFDLO,-,1.36%,-,-,-,-,-,-,-,-,-,-,-,72.01,0.98%,"52,295"
FFDLS,-,0.79%,-,-,-,-,-,-,-,-,-,-,-,42.93,0.70%,"21,653"
FFDM,-,1.36%,-,-,-,-,-,-,-,-,-,-,-,91.99,0.36%,"10,877"
FFDMM,369.65M,-,-,-,-,0.09,0.09,-,-,-,-,-,-,9.86,0.41%,129
FFDMO,-,0.60%,-,-,-,-,-,-,-,-,-,-,-,94.68,0.84%,"68,148"
FFDMT,727.57M,-,-37.09%,-43.25%,-40.58%,8.03,8.03,0.08,0.10,91.17%,-214.24%,-194.74%,Aug 13/a,13.17,-2.37%,"481,189"
FFDN,-,-,-,-,-,-,-,-,-,-,-,-,-,288.92,1.20%,"90,219"
FFDND,-,7.68%,-,-,-,-,-,-,-,-,-,-,-,22.64,1.18%,44
FFDNI,-,1.44%,-,-,-,-,-,-,-,-,-,-,-,26.19,0.85%,181
FFDRR,-,2.01%,-,-,-,-,-,-,-,-,-,-,-,70.06,1.14%,"14,548"
FFDRS,-,-,-,-,-,-,-,-,-,-,-,-,-,24.92,1.30%,"7,652"
FFDRV,-,1.37%,-,-,-,-,-,-,-,-,-,-,-,16.89,1.46%,"1,532"
FFDRX,-,-,-,-,-,-,-,-,-,-,-,-,-,23.22,2.07%,135
FFDS,9.24B,1.74%,13.27%,27.03%,18.44%,0.68,0.68,0.51,0.77,51.38%,30.79%,23.21%,Sep 30/b,259.71,-1.22%,"1,018,392"
FFDSB,96.96M,-,0.31%,1.27%,1.28%,14.18,-,0.00,0.00,-,8.54%,6.97%,-,18.52,-0.80%,"6,157"
FFDT,-,2.70%,-,-,-,-,-,-,-,-,-,-,-,97.39,1.48%,"67,249"
FFDTS,-,2.63%,-,-,-,-,-,-,-,-,-,-,-,71.47,1.46%,"1,748"
FFDTX,-,-,-,-,-,-,-,-,-,-,-,-,-,54.63,1.08%,"26,602"
FFDUS,742.77M,10.95%,5.60%,10.81%,5.29%,5.37,5.37,0.98,0.98,72.47%,74.43%,47.64%,Aug 06/a,19.57,0.41%,"418,261"
FFDV,-,2.73%,-,-,-,-,-,-,-,-,-,-,-,33.12,0.45%,"101,079"
FFDVV,-,2.74%,-,-,-,-,-,-,-,-,-,-,-,63.18,1.19%,"595,306"
FFDX,73.84B,1.51%,4.75%,14.83%,6.37%,1.48,1.44,1.20,1.36,21.77%,6.99%,4.67%,Jun 24,311.99,0.06%,"1,194,273"
FFDXF,19.18B,-,-,-,-,167.41,167.41,-,-,-,-,-,Jul 29,128.31,3.46%,"1,488,463"
FFE,26.69B,4.02%,1.93%,8.42%,2.71%,0.54,0.45,2.10,2.24,27.34%,18.57%,6.86%,Jul 28/a,46.13,-0.26%,"3,827,131"
FFEAC,-,0.76%,-,-,-,-,-,-,-,-,-,-,-,33.04,0.91%,622
FFEAM,59.78M,-,-57.32%,-62.35%,-59.46%,6.50,6.50,0.00,0.00,-,-,-,May 12/a,1.44,-4.00%,"147,133"
FFEBM,-,-,-,-,-,-,-,-,-,-,-,-,-,31.61,0.16%,136
FFEBO,2.27M,-,-12.65%,-26.16%,-24.87%,2.07,1.72,0.20,0.40,17.49%,-12.79%,-12.52%,-,0.74,2.74%,"5,106"
FFEBP,-,-,-,-,-,-,-,-,-,-,-,-,-,34.83,0.46%,"3,429"
FFEBT,-,-,-,-,-,-,-,-,-,-,-,-,-,42.12,0.64%,"7,355"
FFEBU,-,-,-,-,-,-,-,-,-,-,-,-,-,30.04,0.69%,8
FFEBW,-,-,-,-,-,-,-,-,-,-,-,-,-,36.23,0.33%,"7,245"
FFEBZ,-,2.23%,-,-,-,-,-,-,-,-,-,-,-,40.89,0.71%,8
FFECM,-,0.71%,-,-,-,-,-,-,-,-,-,-,-,24.32,0.44%,112
FFEDM,-,2.82%,-,-,-,-,-,-,-,-,-,-,-,65.61,0.94%,"2,300"
FFEDU,22.62M,-,4.16%,6.59%,5.29%,1.85,1.85,0.19,0.24,25.79%,2.60%,12.17%,-,10.01,-4.03%,174
FFEED,3.31M,-,-100.90%,-127.32%,-147.11%,0.66,0.31,0.00,0.04,-26.06%,-783.59%,-2553.89%,-,3.58,0.28%,"11,014"
FFEGE,-,1.13%,-,-,-,-,-,-,-,-,-,-,-,52.09,0.23%,"390,241"
FFEIG,-,4.91%,-,-,-,-,-,-,-,-,-,-,-,39.40,-0.05%,182
FFEIM,987.81M,-,2.17%,3.04%,2.14%,5.34,4.27,0.04,0.06,40.15%,8.24%,3.68%,Sep 10/a,88.38,42.40%,"1,554,626"
FFELC,-,0.82%,-,-,-,-,-,-,-,-,-,-,-,43.58,0.83%,"640,864"
FFELE,4.33B,4.06%,7.45%,11.63%,9.78%,2.41,1.10,0.13,0.22,35.52%,13.10%,7.02%,Jul 28/b,97.83,0.71%,"295,505"
FFELG,-,0.35%,-,-,-,-,-,-,-,-,-,-,-,44.08,0.92%,"183,994"
FFELV,-,1.39%,-,-,-,-,-,-,-,-,-,-,-,42.63,1.02%,"115,378"
FFEM,-,2.14%,-,-,-,-,-,-,-,-,-,-,-,33.44,0.67%,"171,342"
FFEMB,-,6.27%,-,-,-,-,-,-,-,-,-,-,-,29.60,0.27%,"142,387"
FFEMD,-,-,-,-,-,-,-,-,-,-,-,-,-,35.30,0.60%,11
FFEMG,-,0.10%,-,-,-,-,-,-,-,-,-,-,-,25.89,0.95%,501
FFEMR,-,1.47%,-,-,-,-,-,-,-,-,-,-,-,41.85,0.72%,"31,757"
FFEMS,-,4.18%,-,-,-,-,-,-,-,-,-,-,-,46.19,-0.48%,"6,970"
FFEMV,-,0.25%,-,-,-,-,-,-,-,-,-,-,-,27.22,0.93%,"1,864"
FFEMY,23.28M,-,-94.25%,-443.65%,-147.17%,2.14,0.55,1.07,1.19,25.45%,-763.90%,-534.27%,Aug 14/a,2.78,1.46%,"16,209"
FFENC,384.34M,-,-5.98%,-20.63%,-8.50%,5.85,5.66,0.00,0.00,93.73%,-2.68%,-6.09%,Aug 11/b,10.96,-3.01%,"249,928"
FFENG,8.05M,-,1.85%,2.58%,2.43%,2.89,2.89,0.02,0.03,53.69%,-2.95%,3.58%,-,1.49,0.68%,"1,767"
FFENI,-,2.87%,-,-,-,-,-,-,-,-,-,-,-,40.96,0.96%,"1,090,920"
FFENY,-,2.15%,-,-,-,-,-,-,-,-,-,-,-,36.10,0.28%,"693,907"
FFEOE,-,1.34%,-,-,-,-,-,-,-,-,-,-,-,55.26,1.12%,"174,928"
FFEP,-,2.68%,-,-,-,-,-,-,-,-,-,-,-,59.56,0.29%,"12,068"
FFEPI,-,23.27%,-,-,-,-,-,-,-,-,-,-,-,42.52,0.83%,"127,509"
FFER,40.73B,1.98%,2.22%,10.25%,3.86%,1.20,1.09,1.80,1.86,10.42%,10.42%,6.15%,Jul 28/a,56.15,1.17%,"1,170,324"
FFERA,328.93M,-,2.19%,2.33%,2.30%,0.07,0.07,0.00,0.00,-,-,-,-,10.51,-0.09%,115
FFERG,43.05B,1.45%,12.22%,37.47%,18.01%,1.73,0.93,0.96,1.11,29.98%,9.64%,6.77%,Aug 10/b,222.54,0.71%,"919,312"
FFESC,-,-,-,-,-,-,-,-,-,-,-,-,-,23.44,1.07%,89
FFESM,-,0.74%,-,-,-,-,-,-,-,-,-,-,-,46.36,0.78%,"538,542"
FFET,952.46M,-,-0.20%,-0.51%,-0.31%,2.19,1.13,0.78,0.79,28.04%,4.09%,-0.19%,Jul 30/a,83.02,2.54%,"169,968"
FFETH,-,-,-,-,-,-,-,-,-,-,-,-,-,25.29,3.22%,"6,600,887"
FFEUS,-,0.96%,-,-,-,-,-,-,-,-,-,-,-,83.74,1.11%,59
FFEUZ,-,2.65%,-,-,-,-,-,-,-,-,-,-,-,67.82,0.28%,"1,015"
FFEX,-,0.95%,-,-,-,-,-,-,-,-,-,-,-,136.31,0.90%,"10,574"
FFEZ,-,2.56%,-,-,-,-,-,-,-,-,-,-,-,69.70,0.96%,"511,783"
FFF,239.93M,2.56%,-14.10%,-18.44%,-19.92%,4.06,2.64,0.00,0.00,-5.05%,-14.77%,-19.94%,Aug 10/a,5.47,2.24%,"415,366"
FFFA,459.93M,6.74%,-,-,-,-,-,-,-,-,-,-,-,23.01,0.66%,"12,473"
FFFAI,6.44M,-,-97.31%,-2030.50%,-305.75%,0.38,0.36,-,-,-4750.53%,-10533.42%,-21852.64%,Aug 13/a,1.67,-2.34%,"736,738"
FFFBC,3.41B,3.14%,1.39%,10.29%,8.32%,0.11,-,0.15,0.35,-,26.06%,20.77%,Jul 21/a,32.50,-0.09%,"719,327"
FFFC,752.54M,7.69%,-,-,-,-,-,-,-,-,-,-,-,15.62,0.45%,"99,097"
FFFDI,-,1.99%,-,-,-,-,-,-,-,-,-,-,-,32.59,1.18%,"1,085"
FFFEB,-,-,-,-,-,-,-,-,-,-,-,-,-,62.46,0.58%,"14,462"
FFFEM,-,1.28%,-,-,-,-,-,-,-,-,-,-,-,42.74,1.09%,"11,674"
FFFF,-,-,-,-,-,-,-,-,-,-,-,-,-,26.36,1.32%,"1,248"
FFFGX,-,1.51%,-,-,-,-,-,-,-,-,-,-,-,34.62,1.05%,"1,619"
FFFIN,4.75B,2.56%,1.81%,14.41%,13.33%,0.16,-,0.01,0.04,-,37.86%,31.02%,Jul 16/a,33.16,0.30%,"675,339"
FFFIU,-,4.20%,-,-,-,-,-,-,-,-,-,-,-,21.17,-0.53%,"4,559"
FFFIV,23.31B,-,11.23%,19.83%,17.83%,1.64,1.57,0.06,0.07,80.60%,24.96%,21.95%,Jul 27/a,411.71,3.32%,"455,050"
FFFLC,-,0.98%,-,-,-,-,-,-,-,-,-,-,-,59.64,0.68%,"69,762"
FFFLG,-,0.13%,-,-,-,-,-,-,-,-,-,-,-,33.13,0.94%,"39,224"
FFFLS,-,0.13%,-,-,-,-,-,-,-,-,-,-,-,23.00,0.34%,"1,841"
FFFLV,-,1.35%,-,-,-,-,-,-,-,-,-,-,-,28.78,0.86%,"1,174"
FFFLX,-,0.51%,-,-,-,-,-,-,-,-,-,-,-,9.56,0.21%,"121,577"
FFFND,-,0.60%,-,-,-,-,-,-,-,-,-,-,-,32.64,1.05%,"14,407"
FFFOG,-,-,-,-,-,-,-,-,-,-,-,-,-,50.22,1.08%,"16,320"
FFFOX,-,0.01%,-,-,-,-,-,-,-,-,-,-,-,28.55,0.72%,"6,057"
FFFSM,-,0.46%,-,-,-,-,-,-,-,-,-,-,-,35.54,0.71%,"784,891"
FFFTY,-,1.33%,-,-,-,-,-,-,-,-,-,-,-,35.24,0.15%,"8,123"
FFFUT,-,0.68%,-,-,-,-,-,-,-,-,-,-,-,64.21,-0.64%,"48,528"
FFG,3.02B,4.21%,0.53%,9.24%,6.44%,0.08,-,0.41,0.49,-,11.16%,6.62%,Aug 05/a,23.05,-2.21%,"636,652"
FFGBI,131.49M,0.50%,-0.93%,-14.84%,-8.95%,0.36,-,0.79,0.82,-,-14.02%,-18.05%,Jul 28/b,7.95,-3.28%,"19,994"
FFGD,-,4.89%,-,-,-,-,-,-,-,-,-,-,-,35.49,0.54%,"147,665"
FFGDL,-,-,-,-,-,-,-,-,-,-,-,-,-,57.87,0.54%,"7,570"
FFGI,16.05M,-,-5.67%,-20.60%,-15.21%,1.18,0.90,0.52,1.39,26.51%,0.33%,-3.07%,Aug 12/a,8.31,-1.77%,"43,721"
FFGII,346.97M,-,-,-,1.43%,820.47,820.47,0.00,0.00,-,-,-,-,10.02,0.00%,"1,102"
FFGL,0.41M,-,-,-,-,-,-,-,-,-,-,-,-,5.45,6.86%,"2,119,501"
FFGM,-,1.39%,-,-,-,-,-,-,-,-,-,-,-,63.41,0.50%,957
FFGNX,40.82M,-,-140.45%,-170.67%,-173.65%,6.80,6.80,0.00,0.03,-,517.71%,573.40%,Aug 13,8.01,-0.50%,"65,320"
FFGRU,-,-,-,-,-,-,-,-,-,-,-,-,-,11.43,-9.92%,"17,362"
FFGSI,-,8.34%,-,-,-,-,-,-,-,-,-,-,-,20.41,1.04%,14
FFGSM,-,1.27%,-,-,-,-,-,-,-,-,-,-,-,35.25,0.71%,"10,354"
FFHB,3.13B,4.04%,1.20%,10.32%,10.08%,0.08,-,0.00,0.00,-,31.73%,24.31%,Jul 24/b,25.75,0.33%,"1,936,846"
FFHDG,-,-,-,-,-,-,-,-,-,-,-,-,-,37.12,0.42%,"2,164"
FFHEQ,-,0.53%,-,-,-,-,-,-,-,-,-,-,-,33.93,0.53%,"118,947"
FFHI,4.45B,2.53%,17.55%,33.23%,23.34%,2.59,2.59,0.34,0.36,73.88%,27.98%,20.22%,Jul 30/a,59.57,-2.33%,"674,410"
FFHIL,-,-,-,-,-,-,-,-,-,-,-,-,-,24.64,1.07%,11
FFHLC,-,1.27%,-,-,-,-,-,-,-,-,-,-,-,80.30,-0.20%,"279,543"
FFHN,11.59B,2.71%,1.27%,11.65%,10.07%,0.23,-,0.14,0.47,-,27.37%,20.56%,Jul 15/b,24.47,-1.17%,"5,793,900"
FFHTX,262.48M,-,-30.06%,-,-,3.36,3.36,-,-,94.18%,-186.38%,-175.78%,Aug 06/b,4.42,-1.56%,"289,127"
FFHYS,-,6.05%,-,-,-,-,-,-,-,-,-,-,-,22.86,0.02%,"7,206"
FFIAT,-,110.78%,-,-,-,-,-,-,-,-,-,-,-,16.79,-1.37%,"31,679"
FFIAX,-,8.30%,-,-,-,-,-,-,-,-,-,-,-,17.19,-0.26%,"12,638"
FFIBK,3.52B,5.09%,1.21%,9.62%,8.96%,0.11,-,0.09,0.23,-,29.41%,23.97%,Jul 23/a,36.92,0.11%,"725,396"
FFICO,21.28B,-,41.80%,-,67.87%,1.18,1.18,-,-,85.10%,52.11%,34.05%,Jul 29/a,985.39,2.57%,"400,372"
FFICS,-,1.86%,-,-,-,-,-,-,-,-,-,-,-,41.23,0.33%,"4,325"
FFID,-,3.99%,-,-,-,-,-,-,-,-,-,-,-,22.91,0.28%,"3,873"
FFIDI,-,3.88%,-,-,-,-,-,-,-,-,-,-,-,29.33,0.53%,"28,450"
FFIDU,-,0.98%,-,-,-,-,-,-,-,-,-,-,-,91.58,1.15%,"90,258"
FFIEE,33.77M,-,41.10%,64.02%,40.34%,2.84,2.84,0.00,0.00,81.87%,42.98%,26.52%,Aug 14/a,3.96,-1.25%,"28,196"
FFIG,12.37B,-,-71.96%,-108.64%,-102.68%,2.45,2.45,0.04,0.05,79.14%,-123.84%,-123.15%,Aug 05/a,23.20,4.79%,"13,544,515"
FFIGB,-,4.19%,-,-,-,-,-,-,-,-,-,-,-,41.64,0.12%,"55,949"
FFIGG,-,-,-,-,-,-,-,-,-,-,-,-,-,19.16,9.43%,"110,398"
FFIGR,7.80B,-,11.05%,26.22%,13.69%,1.40,1.40,0.23,1.04,82.68%,42.11%,32.72%,Aug 13/b,34.87,-4.65%,"4,375,625"
FFIGS,2.22B,-,11.26%,14.76%,12.61%,4.96,3.65,0.11,0.13,67.40%,9.60%,8.72%,Aug 06/a,13.35,3.09%,"3,697,767"
FFIGX,200.06M,-,3.39%,3.55%,3.49%,5.35,5.35,0.00,0.00,-,-,-,-,10.32,-0.00%,"36,738"
FFIIG,-,4.82%,-,-,-,-,-,-,-,-,-,-,-,20.07,-0.20%,"148,891"
FFIMU,-,0.64%,-,-,-,-,-,-,-,-,-,-,-,19.38,-0.06%,"7,872"
FFINA,-,-,-,-,-,-,-,-,-,-,-,-,-,25.64,0.91%,173
FFINS,-,11.05%,-,-,-,-,-,-,-,-,-,-,-,12.49,0.24%,"41,225"
FFINT,-,1.83%,-,-,-,-,-,-,-,-,-,-,-,36.90,0.89%,"4,601"
FFINV,441.83M,8.73%,7.33%,11.68%,10.36%,3.98,3.98,0.07,0.09,76.52%,17.92%,14.49%,Aug 27/a,3.40,0.00%,"704,957"
FFINW,185.06M,-,1.49%,6.93%,6.63%,0.38,-,0.00,0.00,-,8.51%,6.58%,Jul 29/a,13.33,-0.89%,"20,603"
FFINX,-,0.82%,-,-,-,-,-,-,-,-,-,-,-,26.15,1.31%,"31,388"
FFINY,-,7.24%,-,-,-,-,-,-,-,-,-,-,-,25.72,0.33%,245
FFIP,391.18M,3.63%,-8.29%,-48.02%,-13.02%,0.27,0.27,2.91,3.50,13.22%,11.04%,-91.29%,Aug 05/a,3.31,0.30%,"799,907"
FFIRY,165.39M,-,-23.59%,-62.95%,-80.81%,1.03,1.03,0.04,1.57,87.76%,-59.82%,-60.23%,Aug 13/a,9.95,3.97%,"65,901"
FFIS,19.67B,4.75%,8.70%,22.33%,10.71%,0.53,0.53,0.96,1.33,35.95%,22.98%,27.64%,Aug 04/b,38.14,-0.99%,"5,204,856"
FFISI,806.38M,3.13%,1.32%,13.27%,10.98%,0.07,-,0.17,0.45,-,26.32%,21.60%,Jul 23/a,40.92,-0.41%,"98,368"
FFISN,421.77M,-,-,-,-107.53%,11.47,11.47,0.00,0.00,-,-,-,Sep 02,7.16,6.07%,"221,791"
FFISR,-,4.33%,-,-,-,-,-,-,-,-,-,-,-,24.81,-0.16%,"199,016"
FFISV,27.43B,-,3.45%,10.75%,5.23%,1.04,1.04,0.99,1.04,56.38%,21.57%,13.42%,Aug 06/b,51.58,5.42%,"5,625,721"
FFITB,49.63B,2.98%,0.92%,8.44%,4.50%,0.13,-,0.51,0.65,-,19.70%,14.44%,Jul 17/b,54.72,0.53%,"3,409,004"
FFITE,-,0.13%,-,-,-,-,-,-,-,-,-,-,-,106.31,0.15%,"6,795"
FFITZ,-,-,-,-,-,-,-,-,-,-,-,-,-,25.11,0.60%,"27,721"
FFIVA,-,2.55%,-,-,-,-,-,-,-,-,-,-,-,39.79,0.96%,"43,984"
FFIVE,13.47B,-,12.53%,28.25%,14.72%,2.22,1.29,0.70,0.82,36.49%,14.75%,11.65%,Sep 02/a,244.60,1.38%,"882,203"
FFIVN,2.29B,-,3.36%,7.92%,3.79%,3.74,3.74,1.00,1.03,54.09%,6.05%,4.94%,Aug 06/a,30.66,1.36%,"866,389"
FFIW,-,0.74%,-,-,-,-,-,-,-,-,-,-,-,105.55,0.62%,"34,533"
FFIX,59.51B,0.19%,21.17%,55.29%,40.46%,1.21,1.19,0.10,0.11,25.08%,16.45%,12.78%,Jul 23/a,1690.82,6.29%,"321,231"
FFIXD,-,4.86%,-,-,-,-,-,-,-,-,-,-,-,42.28,-0.06%,"217,192"
FFIXP,-,5.24%,-,-,-,-,-,-,-,-,-,-,-,19.59,-0.09%,666
FFIXT,-,5.70%,-,-,-,-,-,-,-,-,-,-,-,36.64,-0.09%,"240,394"
FFIXX,-,-,-,-,-,-,-,-,-,-,-,-,-,13.72,11.98%,"8,147"
FFIYY,-,1.47%,-,-,-,-,-,-,-,-,-,-,-,24.51,0.47%,20
FFIZY,-,1.10%,-,-,-,-,-,-,-,-,-,-,-,25.40,0.69%,"9,753"
FFIZZ,2.94B,10.36%,26.50%,40.12%,42.45%,2.39,1.66,0.12,0.16,36.04%,18.28%,14.81%,Sep 10/a,31.37,1.49%,"698,274"
FFJAN,-,-,-,-,-,-,-,-,-,-,-,-,-,56.49,0.63%,"8,098"
FFJDIU,110.66M,-,-,-,-,0.06,0.06,-,-,-,-,-,-,10.01,0.15%,"224,267"
FFJET,107.24M,-,-92.27%,-,-92.97%,11.94,11.94,0.01,0.02,-,-,-,-,1.95,-2.99%,"1,331,695"
FFJP,-,2.45%,-,-,-,-,-,-,-,-,-,-,-,78.87,2.38%,"6,007"
FFJUL,-,-,-,-,-,-,-,-,-,-,-,-,-,61.15,0.56%,"11,007"
FFJUN,-,-,-,-,-,-,-,-,-,-,-,-,-,61.15,0.72%,"6,084"
FFKU,-,3.67%,-,-,-,-,-,-,-,-,-,-,-,55.26,0.69%,487
FFKWL,28.03M,-,-1.45%,-2.11%,-2.12%,3.38,2.77,0.02,0.03,19.22%,-6.25%,-2.07%,-,2.38,-0.87%,"5,475"
FFLAG,-,2.03%,-,-,-,-,-,-,-,-,-,-,-,27.98,0.80%,114
FFLAO,-,-,-,-,-,-,-,-,-,-,-,-,-,28.67,0.07%,41
FFLAU,-,3.05%,-,-,-,-,-,-,-,-,-,-,-,35.04,0.74%,"10,359"
FFLAX,-,1.99%,-,-,-,-,-,-,-,-,-,-,-,36.93,1.21%,"3,442"
FFLBL,-,7.49%,-,-,-,-,-,-,-,-,-,-,-,22.96,-0.37%,"1,373,879"
FFLBR,-,5.44%,-,-,-,-,-,-,-,-,-,-,-,23.79,-0.71%,"144,447"
FFLC,169.82M,7.61%,-,-,-,-,-,-,-,-,-,-,-,16.24,-0.18%,"30,799"
FFLCA,-,1.70%,-,-,-,-,-,-,-,-,-,-,-,54.06,0.46%,"22,394"
FFLCB,-,4.44%,-,-,-,-,-,-,-,-,-,-,-,20.75,-0.10%,"309,398"
FFLCC,-,0.45%,-,-,-,-,-,-,-,-,-,-,-,36.50,1.02%,"19,207"
FFLCE,-,0.31%,-,-,-,-,-,-,-,-,-,-,-,31.70,0.83%,"7,894"
FFLCG,-,0.05%,-,-,-,-,-,-,-,-,-,-,-,34.92,1.01%,"45,809"
FFLCH,-,2.44%,-,-,-,-,-,-,-,-,-,-,-,20.97,0.14%,"61,107"
FFLCO,-,4.86%,-,-,-,-,-,-,-,-,-,-,-,20.64,-0.08%,"26,132"
FFLCV,-,0.69%,-,-,-,-,-,-,-,-,-,-,-,37.25,1.16%,"38,673"
FFLD,29.86M,-,-62.20%,-121.82%,-233.45%,1.84,1.80,0.00,0.40,35.33%,-10.15%,-258.60%,Aug 11/a,0.54,3.73%,"73,105"
FFLDB,-,4.34%,-,-,-,-,-,-,-,-,-,-,-,50.28,0.03%,"12,517"
FFLDR,-,4.21%,-,-,-,-,-,-,-,-,-,-,-,49.93,-0.06%,"1,182,147"
FFLDZ,-,1.55%,-,-,-,-,-,-,-,-,-,-,-,28.71,0.76%,83
FFLEE,-,3.12%,-,-,-,-,-,-,-,-,-,-,-,39.15,0.57%,"2,079"
FFLEL,-,-,-,-,-,-,-,-,-,-,-,-,-,13.46,14.11%,215
FFLEU,-,2.66%,-,-,-,-,-,-,-,-,-,-,-,36.06,0.74%,"1,640"
FFLEX,42.77B,-,4.39%,18.38%,8.51%,1.38,0.89,1.08,1.08,9.29%,5.58%,3.32%,Jul 29/b,115.78,7.19%,"3,033,658"
FFLG,5.47B,0.30%,0.05%,0.59%,0.33%,0.33,-,0.81,1.39,-,2.66%,0.34%,Jul 24/b,13.18,-0.68%,"2,829,971"
FFLGB,-,2.87%,-,-,-,-,-,-,-,-,-,-,-,36.90,0.87%,"28,848"
FFLGR,-,3.32%,-,-,-,-,-,-,-,-,-,-,-,33.38,0.62%,807
FFLGT,562.69M,-,-7.37%,-7.97%,-8.37%,6.34,6.33,0.01,0.01,32.90%,-36.06%,-26.05%,Jul 30/a,20.45,1.64%,"380,509"
FFLGV,-,4.29%,-,-,-,-,-,-,-,-,-,-,-,19.69,-0.10%,"85,158"
FFLHY,-,6.56%,-,-,-,-,-,-,-,-,-,-,-,23.86,0.10%,"135,855"
FFLIA,-,3.03%,-,-,-,-,-,-,-,-,-,-,-,20.08,0.05%,"66,976"
FFLIN,-,0.44%,-,-,-,-,-,-,-,-,-,-,-,34.93,1.01%,"84,968"
FFLJH,-,4.16%,-,-,-,-,-,-,-,-,-,-,-,45.62,1.85%,"10,172"
FFLJJ,-,-,-,-,-,-,-,-,-,-,-,-,-,34.37,0.48%,113
FFLJP,-,4.03%,-,-,-,-,-,-,-,-,-,-,-,41.90,2.22%,"381,914"
FFLKR,-,2.37%,-,-,-,-,-,-,-,-,-,-,-,62.12,3.16%,"1,432,363"
FFLL,73.66M,-,-5.76%,-936.37%,-7.27%,0.62,0.59,-,-,37.68%,2.42%,-12.06%,Aug 06/a,2.01,-1.71%,"173,331"
FFLLA,-,4.60%,-,-,-,-,-,-,-,-,-,-,-,28.32,-0.64%,"11,524"
FFLMB,-,4.25%,-,-,-,-,-,-,-,-,-,-,-,22.71,0.38%,"79,803"
FFLMI,-,4.10%,-,-,-,-,-,-,-,-,-,-,-,23.97,0.42%,"1,449,998"
FFLMX,-,3.88%,-,-,-,-,-,-,-,-,-,-,-,36.60,0.01%,"3,668"
FFLN,-,3.32%,-,-,-,-,-,-,-,-,-,-,-,26.60,-0.69%,"2,634"
FFLNA,37.32M,-,-35.34%,-55.78%,-66.47%,2.08,2.08,0.00,0.00,-,-,-,Jul 29/b,0.77,-4.49%,"309,553"
FFLNC,1.83B,-,-3.45%,-20.72%,-10.40%,1.34,0.76,1.08,1.11,8.76%,-3.74%,-3.07%,Aug 05/a,9.93,2.48%,"4,957,056"
FFLNG,1.68B,9.46%,3.96%,14.03%,4.31%,2.69,2.64,2.40,2.55,51.67%,49.46%,28.50%,Aug 19/b,31.70,0.28%,"470,381"
FFLNT,97.67M,-,-31.02%,-170.46%,-156.41%,0.88,0.88,0.83,4.27,22.44%,-8.14%,-11.48%,Aug 10/a,3.09,1.31%,"51,772"
FFLO,1.29B,10.18%,1.29%,4.01%,1.93%,0.77,0.47,1.15,1.52,45.43%,6.29%,1.06%,Aug 20/a,6.09,-0.33%,"6,309,265"
FFLOC,1.87B,2.20%,2.82%,19.29%,7.25%,2.67,1.33,0.88,0.94,33.15%,18.95%,6.07%,Aug 11/b,20.71,2.07%,"1,462,649"
FFLOT,-,4.34%,-,-,-,-,-,-,-,-,-,-,-,50.94,0.02%,"1,834,683"
FFLOW,-,1.78%,-,-,-,-,-,-,-,-,-,-,-,43.52,1.04%,"4,873"
FFLQL,-,1.01%,-,-,-,-,-,-,-,-,-,-,-,78.79,1.13%,"75,615"
FFLQM,-,1.66%,-,-,-,-,-,-,-,-,-,-,-,59.55,0.73%,"153,347"
FFLQS,-,1.35%,-,-,-,-,-,-,-,-,-,-,-,48.42,0.49%,908
FFLR,7.25B,-,-20.66%,-46.23%,-53.11%,1.80,1.80,0.40,0.40,-0.80%,-2.15%,-12.85%,Aug 07/b,54.20,1.21%,"1,707,788"
FFLRG,-,1.35%,-,-,-,-,-,-,-,-,-,-,-,42.01,0.82%,"16,453"
FFLRN,-,4.32%,-,-,-,-,-,-,-,-,-,-,-,30.77,0.03%,"1,064,654"
FFLRT,-,6.75%,-,-,-,-,-,-,-,-,-,-,-,46.75,-0.02%,"165,927"
FFLS,9.46B,1.18%,6.19%,16.56%,8.20%,2.15,1.58,1.00,1.03,35.80%,13.02%,8.01%,Jul 29/a,74.46,2.24%,"1,017,513"
FFLSA,-,3.01%,-,-,-,-,-,-,-,-,-,-,-,33.05,0.10%,331
FFLSP,-,2.49%,-,-,-,-,-,-,-,-,-,-,-,28.68,-0.10%,"88,094"
FFLSW,-,2.37%,-,-,-,-,-,-,-,-,-,-,-,41.83,0.49%,"14,317"
FFLTB,-,4.43%,-,-,-,-,-,-,-,-,-,-,-,49.47,-0.06%,"120,308"
FFLTR,-,4.50%,-,-,-,-,-,-,-,-,-,-,-,25.55,0.00%,"982,286"
FFLTW,-,1.54%,-,-,-,-,-,-,-,-,-,-,-,106.73,1.72%,"842,405"
FFLUD,-,4.05%,-,-,-,-,-,-,-,-,-,-,-,24.93,0.08%,"197,690"
FFLUT,17.45B,-,-2.60%,-7.95%,-3.58%,0.89,0.89,1.41,1.44,42.46%,2.84%,-4.39%,Aug 05/b,100.56,1.91%,"1,686,814"
FFLUX,12.37M,-,-25.27%,-5240.66%,-193.40%,1.03,0.30,0.50,3.32,28.23%,-15.37%,-17.68%,Aug 20/a,0.57,0.12%,"65,188"
FFLV,-,1.67%,-,-,-,-,-,-,-,-,-,-,-,85.24,0.77%,"4,372"
FFLWS,193.26M,-,-18.00%,-65.43%,-38.36%,0.92,0.26,1.45,1.73,34.43%,-5.04%,-8.96%,Sep 10/b,3.02,-0.66%,"475,622"
FFLX,80.70M,-,-1.11%,-1.70%,-1.71%,2.41,2.41,0.01,0.03,10.84%,0.91%,-0.34%,Aug 20/b,1.54,2.67%,"242,492"
FFLXI,-,2.63%,-,-,-,-,-,-,-,-,-,-,-,47.92,-0.69%,14
FFLXN,-,8.98%,-,-,-,-,-,-,-,-,-,-,-,24.62,0.16%,"5,488"
FFLXR,-,6.18%,-,-,-,-,-,-,-,-,-,-,-,38.38,-0.13%,"517,687"
FFLXS,333.07M,1.04%,12.35%,21.99%,18.72%,2.09,0.90,0.33,0.39,24.70%,9.27%,7.21%,Aug 17/a,81.40,-1.62%,"192,619"
FFLY,3.54B,-,-34.52%,-56.87%,-28.74%,2.73,2.73,0.03,0.04,16.49%,-116.40%,-129.06%,Aug 11/a,21.13,1.10%,"1,903,739"
FFLYD,-,-,-,-,-,-,-,-,-,-,-,-,-,52.65,-2.28%,"4,949"
FFLYE,3.00M,-,-35.09%,-80.94%,-60.72%,2.02,1.67,0.34,0.74,15.61%,-51.38%,-67.88%,-,1.84,1.66%,"43,672"
FFLYT,-,-,-,-,-,-,-,-,-,-,-,-,-,4.74,1.94%,"202,325"
FFLYU,-,-,-,-,-,-,-,-,-,-,-,-,-,37.03,2.24%,"2,023"
FFLYW,2.17B,-,2.99%,4.23%,4.17%,1.52,1.52,0.00,0.00,55.26%,5.94%,4.77%,Aug 04/a,17.87,0.68%,"1,393,307"
FFLYX,114.33M,-,-4.83%,-,-,0.22,0.20,-,-,12.58%,-8.79%,-7.35%,Aug 12/b,1.12,1.82%,"390,301"
FFMAC,158.75M,-,-,-,-,37.47,37.47,0.00,0.00,-,-,-,-,10.06,-0.30%,131
FFMAG,-,0.08%,-,-,-,-,-,-,-,-,-,-,-,35.72,1.10%,"18,610"
FFMAO,488.53M,2.64%,1.15%,10.75%,6.72%,0.12,-,0.53,0.57,-,26.19%,20.23%,Jul 27/a,35.47,0.17%,"31,761"
FFMAR,-,-,-,-,-,-,-,-,-,-,-,-,-,53.49,0.49%,"7,475"
FFMAT,-,1.43%,-,-,-,-,-,-,-,-,-,-,-,58.46,0.43%,"48,574"
FFMAY,-,-,-,-,-,-,-,-,-,-,-,-,-,57.32,0.63%,"6,209"
FFMB,-,3.73%,-,-,-,-,-,-,-,-,-,-,-,49.19,0.16%,"738,577"
FFMBH,1.36B,2.00%,1.19%,10.05%,7.35%,0.11,-,0.24,0.44,-,25.45%,19.78%,Jul 23/b,51.02,0.33%,"79,497"
FFMC,1.43B,3.12%,-25.12%,-89.27%,-48.54%,1.99,1.48,2.47,2.69,33.06%,-1.89%,-84.88%,Jul 29/a,11.40,-5.63%,"3,002,272"
FFMCE,-,0.67%,-,-,-,-,-,-,-,-,-,-,-,28.50,0.74%,224
FFMCX,-,0.29%,-,-,-,-,-,-,-,-,-,-,-,36.33,0.76%,176
FFMDE,-,1.06%,-,-,-,-,-,-,-,-,-,-,-,41.45,1.02%,"904,698"
FFMED,-,-,-,-,-,-,-,-,-,-,-,-,-,31.00,0.51%,"4,172"
FFMET,-,0.49%,-,-,-,-,-,-,-,-,-,-,-,38.72,1.71%,788
FFMF,-,4.83%,-,-,-,-,-,-,-,-,-,-,-,52.29,0.98%,"173,938"
FFMFC,3.63M,-,2.22%,5.59%,2.93%,2.61,1.80,0.00,0.01,18.73%,1.88%,1.38%,-,0.20,-0.95%,"77,760"
FFMHI,-,4.49%,-,-,-,-,-,-,-,-,-,-,-,46.35,0.42%,"170,161"
FFMKT,-,2.07%,-,-,-,-,-,-,-,-,-,-,-,22.40,0.67%,"1,672"
FFMN,82.49M,5.12%,-,-,-,-,-,-,-,-,-,-,-,10.55,-0.05%,"21,220"
FFMNB,932.56M,6.44%,1.08%,10.87%,7.47%,0.10,-,0.13,0.60,-,27.55%,20.51%,Jul 22/b,15.74,-0.88%,"336,069"
FFMNY,-,3.90%,-,-,-,-,-,-,-,-,-,-,-,25.54,0.43%,"8,787"
FFMQQ,-,0.68%,-,-,-,-,-,-,-,-,-,-,-,12.59,0.50%,"11,510"
FFMS,11.90B,3.70%,3.02%,7.30%,4.51%,1.07,0.75,0.69,0.87,26.36%,10.90%,4.82%,Aug 03/a,22.35,0.54%,"584,852"
FFMST,14.25M,-,-23.95%,-25.91%,-24.42%,1.84,1.84,0.00,0.00,-,-,-,-,0.82,-9.76%,"56,012"
FFMTL,-,1.44%,-,-,-,-,-,-,-,-,-,-,-,36.96,0.27%,"2,728"
FFMTM,-,0.25%,-,-,-,-,-,-,-,-,-,-,-,37.89,0.61%,"180,325"
FFMUB,-,3.63%,-,-,-,-,-,-,-,-,-,-,-,49.51,0.18%,"77,438"
FFMUN,-,3.42%,-,-,-,-,-,-,-,-,-,-,-,48.28,0.28%,"19,914"
FFMX,23.57B,6.59%,4.00%,14.16%,6.80%,1.14,0.85,1.08,1.51,40.50%,8.58%,3.61%,Jul 28/b,116.95,-0.53%,"242,779"
FFMY,47.82M,6.87%,-,-,-,-,-,-,-,-,-,-,-,11.35,-1.05%,"2,238"
FFN,14.86B,-,14.03%,21.33%,19.25%,2.25,1.52,0.00,0.00,12.06%,10.06%,10.19%,Aug 17/a,414.58,2.63%,"467,048"
FFNB,6.46B,2.79%,1.20%,9.05%,6.65%,0.08,-,0.33,0.73,-,26.38%,22.39%,Jul 16/a,18.31,0.27%,"2,602,540"
FFNCL,-,1.55%,-,-,-,-,-,-,-,-,-,-,-,81.37,0.60%,"157,944"
FFND,5.04B,-,4.17%,9.69%,5.34%,1.33,0.45,0.74,0.81,39.75%,6.56%,4.93%,Jul 30/a,47.34,1.00%,"1,899,925"
FFNDA,-,1.14%,-,-,-,-,-,-,-,-,-,-,-,36.42,0.64%,"1,949,186"
FFNDB,-,1.41%,-,-,-,-,-,-,-,-,-,-,-,31.58,0.83%,"1,105,022"
FFNDC,-,3.53%,-,-,-,-,-,-,-,-,-,-,-,51.09,0.95%,"66,761"
FFNDE,-,3.48%,-,-,-,-,-,-,-,-,-,-,-,42.65,0.33%,"2,169,401"
FFNDF,-,2.93%,-,-,-,-,-,-,-,-,-,-,-,55.83,0.94%,"3,108,821"
FFNDX,-,1.42%,-,-,-,-,-,-,-,-,-,-,-,32.46,0.84%,"2,918,202"
FFNF,11.84B,4.63%,0.86%,10.05%,6.33%,-,-,0.64,0.64,-,12.93%,5.03%,Aug 05/a,44.13,0.41%,"2,474,071"
FFNG,-,-,-,-,-,-,-,-,-,-,-,-,-,5.10,5.15%,"44,503"
FFNGD,-,-,-,-,-,-,-,-,-,-,-,-,-,26.85,-2.79%,"184,312"
FFNGG,-,0.63%,-,-,-,-,-,-,-,-,-,-,-,262.19,1.69%,"1,106"
FFNGO,-,-,-,-,-,-,-,-,-,-,-,-,-,150.23,2.02%,"1,241"
FFNGR,12.96M,-,-11.89%,-47.25%,-52.25%,1.09,1.05,0.00,0.29,1.30%,-42.18%,-42.82%,-,0.17,-7.37%,"4,061,487"
FFNGS,-,-,-,-,-,-,-,-,-,-,-,-,-,80.04,0.78%,"9,679"
FFNGU,-,-,-,-,-,-,-,-,-,-,-,-,-,32.14,2.16%,"2,739,893"
FFNK,-,1.43%,-,-,-,-,-,-,-,-,-,-,-,63.49,0.45%,"1,130"
FFNKO,306.79M,-,-0.29%,-1.07%,-0.48%,1.16,0.79,1.20,1.39,38.49%,2.75%,-0.21%,Aug 06/a,5.47,1.11%,"1,676,335"
FFNLC,394.32M,4.26%,1.18%,13.54%,11.51%,0.02,-,0.12,0.73,-,25.66%,21.12%,Jul 22/a,34.95,-0.26%,"22,957"
FFNOV,-,-,-,-,-,-,-,-,-,-,-,-,-,59.96,0.56%,"19,642"
FFNRN,282.98M,-,1.19%,10.98%,10.18%,0.21,-,0.02,0.03,-,32.15%,24.79%,Apr 29/a,17.26,-0.06%,"92,170"
FFNUC,50.77M,-,-,-,-,2.16,2.16,0.07,0.12,-,-,-,-,1.40,-1.06%,"161,534"
FFNV,51.30B,0.66%,18.54%,19.91%,17.93%,9.38,9.37,0.00,0.00,77.30%,75.38%,63.85%,Aug 11/a,266.00,2.05%,"734,342"
FFNWB,99.40M,-,0.07%,0.97%,0.87%,0.07,-,0.09,2.08,-,0.69%,1.32%,Jul 29/b,10.45,-2.11%,"40,559"
FFNWD,187.06M,0.83%,0.48%,5.90%,4.53%,0.07,-,0.22,0.61,-,10.51%,9.66%,Jul 28/a,43.17,0.21%,"29,016"
FFNX,-,0.82%,-,-,-,-,-,-,-,-,-,-,-,142.13,0.72%,"6,536"
FFNY,-,-,-,-,-,-,-,-,-,-,-,-,-,100.93,0.99%,"8,648"
FFOA,387.54M,-,0.00%,0.27%,-0.00%,0.10,0.10,95.98,106.04,51.65%,-4.43%,-0.99%,Aug 04/a,15.26,-2.49%,"51,001"
FFOCL,153.67M,-,-50.16%,-263.75%,-111.73%,1.60,1.38,-,-,48.73%,-39.32%,-56.25%,Aug 13/a,4.10,-1.44%,"66,302"
FFOCT,-,-,-,-,-,-,-,-,-,-,-,-,-,53.78,0.57%,"18,938"
FFOF,359.23M,8.09%,-,-,-,-,-,-,-,-,-,-,-,12.91,-0.31%,"85,151"
FFOFO,24.53M,-,-164.41%,-170.19%,-131.59%,36.70,36.70,0.00,0.01,94.00%,-824.10%,-771.22%,-,2.12,-3.64%,"9,940"
FFOIL,1.62B,-,-,-,2.64%,0.90,0.67,0.54,1.87,9.39%,4.91%,1.72%,Sep 02,20.69,-5.95%,"25,529"
FFOMG,-,-,-,-,-,-,-,-,-,-,-,-,-,5.86,5.43%,"7,170"
FFOPC,-,4.27%,-,-,-,-,-,-,-,-,-,-,-,24.94,-0.16%,"4,575"
FFOR,1.37B,-,5.38%,9.64%,6.39%,0.05,0.05,0.44,0.44,23.74%,14.73%,9.89%,Jul 21/b,26.85,1.24%,"115,803"
FFORH,-,1.80%,-,-,-,-,-,-,-,-,-,-,-,24.43,0.06%,124
FFORM,8.98B,-,9.15%,10.99%,10.20%,4.08,3.34,0.02,0.03,43.97%,15.06%,12.80%,Jul 29/a,114.95,2.52%,"870,563"
FFORR,223.71M,-,-9.99%,-30.28%,-22.93%,0.98,0.98,0.53,0.53,53.34%,-0.92%,-11.17%,Jul 30/a,11.75,-0.76%,"125,634"
FFORTY,1.88B,0.77%,2.02%,7.02%,41.19%,1.48,1.44,0.28,0.56,19.84%,7.66%,21.56%,Aug 25/b,122.61,-1.12%,306
FFOSL,279.72M,-,-10.30%,-58.22%,-17.49%,1.76,1.05,3.45,3.92,56.73%,2.00%,-7.10%,Aug 12/a,4.73,5.35%,"725,464"
FFOTO,-,-,-,-,-,-,-,-,-,-,-,-,-,18.08,1.86%,"115,629"
FFOUR,3.56B,-,1.34%,6.54%,1.71%,1.21,1.21,2.81,2.82,28.29%,9.66%,0.92%,Aug 06/b,45.05,4.69%,"2,200,063"
FFOWF,-,0.76%,-,-,-,-,-,-,-,-,-,-,-,34.35,0.83%,"2,280"
FFOX,26.07B,0.99%,7.38%,14.29%,8.80%,3.17,2.99,0.65,0.65,34.23%,20.41%,9.84%,Aug 06/b,58.45,0.67%,"893,149"
FFOXA,26.07B,0.88%,7.38%,14.29%,8.80%,3.17,2.99,0.65,0.65,34.23%,20.41%,9.84%,Aug 06/b,65.94,1.17%,"2,988,229"
FFOXF,833.47M,-,-16.58%,-36.73%,-22.83%,3.10,1.55,0.96,1.02,27.50%,4.75%,-20.39%,Aug 06/a,19.83,1.07%,"350,589"
FFOXX,18.31M,-,-155.84%,-,-,0.38,0.20,-,-,8.45%,-22.36%,-79.80%,-,2.60,-3.70%,"7,489"
FFOXY,-,8.96%,-,-,-,-,-,-,-,-,-,-,-,27.67,-0.01%,"38,689"
FFPA,-,3.52%,-,-,-,-,-,-,-,-,-,-,-,50.91,1.86%,"2,969"
FFPAA,-,-,-,-,-,-,-,-,-,-,-,-,-,25.37,0.70%,"1,147"
FFPAG,-,1.28%,-,-,-,-,-,-,-,-,-,-,-,41.88,0.94%,"33,849"
FFPAS,-,4.91%,-,-,-,-,-,-,-,-,-,-,-,24.13,-0.07%,"1,735"
FFPE,-,6.04%,-,-,-,-,-,-,-,-,-,-,-,17.50,0.23%,"1,129,568"
FFPEI,-,5.90%,-,-,-,-,-,-,-,-,-,-,-,18.84,0.21%,"243,998"
FFPF,1.04B,9.72%,-,-,-,-,-,-,-,-,-,-,-,17.03,-0.53%,"158,322"
FFPFD,-,5.34%,-,-,-,-,-,-,-,-,-,-,-,20.98,0.00%,"15,011"
FFPH,553.87M,-,1.65%,6.47%,4.00%,-,-,0.55,0.55,47.54%,-3.20%,45.09%,Jul 23/a,5.05,1.00%,"135,167"
FFPI,466.85M,3.36%,3.45%,5.50%,3.72%,12.20,11.82,0.49,0.49,75.65%,45.66%,46.97%,Jul 29/a,10.70,0.56%,"333,409"
FFPRO,-,2.55%,-,-,-,-,-,-,-,-,-,-,-,24.42,0.83%,"1,940"
FFPS,9.69B,-,-,-,-,1.64,1.16,1.55,1.58,-,-,-,Sep 15/b,31.82,8.97%,"9,613,067"
FFPSX,-,-,-,-,-,-,-,-,-,-,-,-,-,3.25,17.69%,"367,266"
FFPWR,-,1.96%,-,-,-,-,-,-,-,-,-,-,-,36.47,-0.42%,"7,126"
FFPX,-,0.47%,-,-,-,-,-,-,-,-,-,-,-,180.50,0.16%,"15,676"
FFPXE,-,1.44%,-,-,-,-,-,-,-,-,-,-,-,33.19,1.06%,270
FFPXI,-,0.67%,-,-,-,-,-,-,-,-,-,-,-,69.12,0.21%,"11,424"
FFQAL,-,1.13%,-,-,-,-,-,-,-,-,-,-,-,83.67,0.76%,"18,477"
FFR,8.41B,3.25%,6.48%,13.44%,6.79%,4.45,4.45,0.93,0.93,48.09%,41.59%,47.94%,Jul 22/a,61.38,0.99%,"588,145"
FFRA,383.05M,13.77%,-,-,-,-,-,-,-,-,-,-,-,10.81,0.46%,"88,207"
FFRAF,285.90M,2.08%,1.07%,14.45%,12.41%,0.14,-,0.08,1.17,-,22.66%,18.20%,Jul 24/b,63.54,0.41%,"36,644"
FFRBA,450.66M,2.01%,1.05%,9.72%,6.99%,0.15,-,0.34,0.63,-,22.93%,17.31%,Jul 23/a,17.93,-0.11%,"110,084"
FFRBT,909.03M,-,-,-,-,0.42,-,0.16,0.16,-,-,-,Jul 30/b,18.42,-0.65%,"87,959"
FFRD,312.17M,0.37%,9.03%,17.75%,10.13%,2.90,1.00,0.61,0.62,9.79%,5.27%,3.56%,Aug 06/a,43.28,-2.74%,"54,535"
FFRDM,-,1.55%,-,-,-,-,-,-,-,-,-,-,-,70.83,1.11%,"321,405"
FFREI,-,0.73%,-,-,-,-,-,-,-,-,-,-,-,24.54,0.07%,"5,309"
FFREL,-,3.35%,-,-,-,-,-,-,-,-,-,-,-,28.77,0.81%,"237,018"
FFRGN,-,0.20%,-,-,-,-,-,-,-,-,-,-,-,31.85,0.86%,"11,170"
FFRGT,0.53M,-,-,-,-134.32%,1.00,1.00,0.11,0.65,-25.49%,-45.12%,-60.49%,-,0.87,-11.22%,"133,685"
FFRHC,10.56B,-,1.30%,11.18%,5.06%,1.01,1.01,0.99,1.81,72.67%,29.17%,6.87%,-,165.50,1.70%,"56,774"
FFRI,-,2.52%,-,-,-,-,-,-,-,-,-,-,-,30.86,0.33%,"9,945"
FFRIZ,-,0.80%,-,-,-,-,-,-,-,-,-,-,-,26.89,0.58%,120
FFRME,2.58B,3.58%,0.93%,7.37%,5.11%,0.13,-,0.35,0.59,-,18.91%,16.93%,Jul 22/a,41.11,0.02%,"320,171"
FFRMI,3.52B,-,-,-,-43.25%,0.61,0.61,0.56,0.56,-,-,-,Aug 13/b,5.50,2.04%,"12,987,825"
FFRMM,60.32M,-,-624.64%,-796.12%,-343.04%,2.69,2.69,0.20,0.20,0.00%,-2271.61%,-4896.82%,Aug 13/b,4.57,0.88%,"104,589"
FFRNM,1.54B,-,-0.86%,-0.92%,-0.97%,0.20,0.20,0.00,0.00,-,-,-,Sep 02,14.37,-2.84%,"538,461"
FFRNW,-,1.24%,-,-,-,-,-,-,-,-,-,-,-,22.28,0.53%,"15,582"
FFRO,10.96B,18.51%,24.94%,53.84%,27.92%,1.87,1.87,0.69,0.77,51.53%,49.14%,54.76%,Aug 28/b,49.21,1.67%,"3,710,025"
FFROG,10.75B,-,-3.27%,-4.93%,-4.54%,2.08,2.08,0.01,0.02,77.53%,-12.93%,-7.35%,Aug 06/a,87.18,-1.66%,"1,302,757"
FFRPH,425.24M,-,0.01%,0.02%,0.01%,4.82,4.82,0.50,0.50,41.46%,11.57%,0.22%,Aug 04/a,22.15,-0.45%,"122,146"
FFRPT,3.06B,-,11.76%,17.62%,11.78%,6.05,5.03,0.40,0.40,39.41%,8.26%,17.28%,Aug 05/b,63.74,-2.19%,"1,090,691"
FFRSH,3.10B,-,12.47%,19.70%,20.10%,1.63,1.63,0.03,0.04,83.93%,4.13%,20.49%,Aug 04/a,11.89,0.17%,"3,016,173"
FFRST,400.51M,2.48%,1.29%,13.11%,9.48%,0.08,-,0.29,1.03,-,21.72%,16.99%,Jul 23/a,16.15,0.31%,"89,014"
FFRSX,5.74M,-,-132.90%,-178.07%,-140.85%,3.73,3.73,0.16,0.22,55.06%,-2641.81%,-2608.29%,Aug 14/a,1.10,-0.90%,"13,784"
FFRT,10.00B,4.00%,4.92%,13.14%,5.46%,0.61,0.61,1.37,1.44,38.21%,34.50%,31.95%,Jul 31/b,114.36,-0.42%,"564,524"
FFRTT,-,-,-,-,-,-,-,-,-,-,-,-,-,0.95,-1.82%,"75,560"
FFRTY,-,0.18%,-,-,-,-,-,-,-,-,-,-,-,22.23,0.41%,"22,194"
FFRUT,-,-,-,-,-,-,-,-,-,-,-,-,-,26.44,0.85%,"5,063"
FFRVO,4.60B,-,-,-,-,8.62,8.62,0.11,0.12,-,-,-,Aug 12/b,15.59,-0.89%,"6,061,402"
FFRWD,-,-,-,-,-,-,-,-,-,-,-,-,-,31.72,0.63%,"15,836"
FFSBC,1.14B,2.15%,1.47%,16.17%,12.88%,0.15,-,0.18,0.18,-,34.59%,25.85%,Jul 22/a,46.41,-0.17%,"119,240"
FFSBW,340.43M,2.69%,1.03%,10.64%,4.69%,0.03,-,1.19,1.19,-,19.07%,14.69%,Jul 21/a,43.30,-0.25%,"22,545"
FFSCC,-,0.23%,-,-,-,-,-,-,-,-,-,-,-,34.83,0.61%,"23,517"
FFSCO,1.05B,14.56%,-,-,-,-,-,-,-,-,-,-,Aug 25/a,5.20,0.00%,"759,910"
FFSCS,-,1.00%,-,-,-,-,-,-,-,-,-,-,-,36.76,0.35%,"30,879"
FFSEA,80.77M,-,-0.14%,-1.35%,-1.17%,0.02,-,0.13,0.80,-,-5.16%,-2.94%,-,17.17,-0.17%,"4,040"
FFSEC,-,4.55%,-,-,-,-,-,-,-,-,-,-,-,42.70,-0.07%,"693,084"
FFSEG,-,0.03%,-,-,-,-,-,-,-,-,-,-,-,26.58,0.94%,403
FFSEP,-,-,-,-,-,-,-,-,-,-,-,-,-,56.86,0.58%,"19,365"
FFSEV,-,0.28%,-,-,-,-,-,-,-,-,-,-,-,26.49,0.52%,398
FFSGS,-,0.03%,-,-,-,-,-,-,-,-,-,-,-,32.83,0.74%,853
FFSHP,40.62M,-,1.89%,2.42%,7.43%,0.00,0.00,0.00,0.15,-,-,-,-,11.55,1.54%,519
FFSI,72.16M,-,-5.32%,-8.16%,-7.00%,2.82,1.35,0.20,0.27,7.68%,-5.61%,-8.76%,Aug 14/a,5.65,-0.88%,"7,577"
FFSIG,-,4.65%,-,-,-,-,-,-,-,-,-,-,-,18.61,-0.11%,"151,092"
FFSK,3.29B,14.58%,-2.82%,-6.57%,-3.19%,2.13,2.13,1.23,1.23,63.99%,6.26%,-44.27%,Aug 06/b,11.89,0.00%,"1,390,628"
FFSLR,22.46B,-,13.30%,18.51%,16.69%,2.52,2.00,0.01,0.02,44.00%,34.98%,32.47%,Jul 30/a,209.03,0.90%,"2,068,941"
FFSLY,3.69B,-,-5.47%,-8.39%,-5.97%,3.36,3.36,0.37,0.40,59.07%,-11.96%,-11.80%,Aug 05/a,23.16,1.98%,"6,404,733"
FFSM,3.55B,-,16.32%,23.19%,19.19%,3.00,2.50,0.12,0.13,56.78%,48.63%,32.02%,Aug 05/a,11.99,-0.50%,"3,033,247"
FFSMB,-,3.20%,-,-,-,-,-,-,-,-,-,-,-,19.75,0.13%,"132,115"
FFSMD,-,1.25%,-,-,-,-,-,-,-,-,-,-,-,50.80,0.77%,"213,730"
FFSML,-,0.40%,-,-,-,-,-,-,-,-,-,-,-,29.75,0.63%,242
FFSOL,-,1.71%,-,-,-,-,-,-,-,-,-,-,-,12.13,2.45%,"260,892"
FFSP,35.98M,5.78%,-4.73%,-6.94%,-7.20%,0.22,0.22,0.00,0.44,4.50%,-5.63%,-39.45%,Jul 28/a,0.35,-1.73%,"763,812"
FFSPC,-,-,-,-,-,-,-,-,-,-,-,-,-,18.63,0.99%,196
FFSS,6.96B,0.53%,13.10%,20.61%,14.42%,2.74,1.21,0.31,0.32,28.56%,16.84%,11.66%,Jul 30/b,113.98,0.46%,"274,282"
FFSSL,881.40M,13.23%,-,-,-,-,-,-,-,-,-,-,-,11.61,-0.09%,"189,339"
FFSTA,-,2.22%,-,-,-,-,-,-,-,-,-,-,-,52.48,0.48%,"249,498"
FFSTB,-,0.82%,-,-,-,-,-,-,-,-,-,-,-,19.86,-0.18%,"25,115"
FFSTR,395.44M,-,3.33%,6.46%,4.59%,2.00,1.15,0.39,0.40,21.07%,4.75%,2.04%,Aug 10/b,37.59,0.53%,"29,378"
FFSUN,1.77B,-,0.39%,3.19%,2.24%,0.10,-,0.14,0.15,-,16.90%,6.49%,Jul 27/a,40.16,0.07%,"344,866"
FFSV,6.30B,0.89%,3.70%,13.07%,5.97%,1.67,1.34,1.22,1.28,29.90%,6.17%,2.88%,Jul 23/b,137.78,1.30%,"206,675"
FFSYD,-,6.33%,-,-,-,-,-,-,-,-,-,-,-,47.85,0.04%,"18,361"
FFSZ,-,2.07%,-,-,-,-,-,-,-,-,-,-,-,79.09,-0.34%,23
FFT,189.24M,6.69%,-,-,-,-,-,-,-,-,-,-,-,7.53,-0.26%,"47,383"
FFTA,-,1.61%,-,-,-,-,-,-,-,-,-,-,-,101.20,0.72%,"16,302"
FFTAG,-,1.24%,-,-,-,-,-,-,-,-,-,-,-,30.71,-0.52%,"1,856"
FFTAI,19.11B,0.98%,11.55%,174.46%,12.87%,5.28,2.07,8.55,8.55,25.40%,25.12%,15.35%,Jul 29/a,186.06,3.32%,"1,245,866"
FFTBD,-,5.11%,-,-,-,-,-,-,-,-,-,-,-,47.74,-0.14%,"2,358"
FFTBI,-,7.69%,-,-,-,-,-,-,-,-,-,-,-,21.56,0.42%,"7,365"
FFTC,-,0.15%,-,-,-,-,-,-,-,-,-,-,-,175.90,1.26%,"5,189"
FFTCA,-,3.55%,-,-,-,-,-,-,-,-,-,-,-,7.05,0.14%,"294,278"
FFTCB,-,5.14%,-,-,-,-,-,-,-,-,-,-,-,20.24,-0.17%,"744,771"
FFTCE,-,0.65%,-,-,-,-,-,-,-,-,-,-,-,27.37,1.18%,"6,898"
FFTCI,38.00M,-,-57.67%,-863.70%,-,0.91,0.71,-,-,4.55%,-36.30%,-51.02%,Aug 05/b,2.30,-0.43%,"140,791"
FFTCS,-,1.10%,-,-,-,-,-,-,-,-,-,-,-,97.11,0.33%,"306,445"
FFTDR,5.58B,-,12.57%,101.86%,19.15%,1.59,1.59,4.04,4.15,51.61%,20.12%,12.76%,Aug 06/b,81.01,1.82%,"403,181"
FFTDS,-,1.51%,-,-,-,-,-,-,-,-,-,-,-,65.41,0.50%,"11,451"
FFTEC,-,0.35%,-,-,-,-,-,-,-,-,-,-,-,289.02,1.24%,"185,755"
FFTEK,54.01M,-,-7.72%,-8.94%,-9.21%,5.10,5.03,0.01,0.02,41.99%,-16.78%,-12.75%,Aug 04/a,1.73,6.13%,"444,557"
FFTF,229.50M,13.10%,-,-,-,-,-,-,-,-,-,-,-,5.68,-0.35%,"69,989"
FFTFT,23.26M,-,-13.05%,-17.15%,-11.65%,6.71,6.71,0.00,0.07,7.23%,-148.49%,-160.89%,-,2.88,40.49%,"53,280,793"
FFTG,-,-,-,-,-,-,-,-,-,-,-,-,-,23.62,1.94%,"5,341"
FFTGC,-,14.08%,-,-,-,-,-,-,-,-,-,-,-,31.31,-0.93%,"582,100"
FFTGS,-,0.08%,-,-,-,-,-,-,-,-,-,-,-,38.07,1.07%,"87,267"
FFTH,967.47M,-,-176.88%,-188.88%,-108.79%,19.69,19.69,0.00,0.00,-,-,-,Aug 04/b,37.44,-4.00%,"377,119"
FFTHA,136.76M,-,-,-,-,9.81,9.81,0.00,0.00,-,-,-,-,9.98,0.05%,186
FFTHF,-,1.93%,-,-,-,-,-,-,-,-,-,-,-,50.39,0.96%,"10,761"
FFTHI,-,8.81%,-,-,-,-,-,-,-,-,-,-,-,23.91,0.93%,"1,509,317"
FFTHM,20.01M,-,-33.15%,-79.01%,-95.35%,0.77,0.77,0.12,1.24,6.50%,-4.55%,-6.27%,May 07,0.58,0.00%,"44,497"
FFTHY,478.05M,11.54%,-,-,-,-,-,-,-,-,-,-,-,13.00,0.15%,"126,729"
FFTI,29.94B,0.26%,11.50%,36.04%,27.83%,1.08,0.83,0.29,0.38,22.70%,14.71%,11.37%,Jul 30/b,76.34,1.01%,"2,547,536"
FFTIF,-,1.03%,-,-,-,-,-,-,-,-,-,-,-,29.45,0.14%,981
FFTK,989.90M,-,17.26%,37.80%,21.86%,1.78,1.50,0.35,0.44,23.82%,13.05%,12.97%,Aug 04/a,27.33,-0.33%,"542,349"
FFTKI,-,11.55%,-,-,-,-,-,-,-,-,-,-,-,19.82,0.73%,"9,657"
FFTLF,86.49M,-,7.53%,14.11%,7.84%,1.46,0.45,0.68,0.81,35.66%,11.90%,6.15%,Aug 13/b,9.21,-0.11%,"14,517"
FFTLS,-,0.86%,-,-,-,-,-,-,-,-,-,-,-,76.56,0.41%,"162,742"
FFTMA,-,3.00%,-,-,-,-,-,-,-,-,-,-,-,8.73,0.55%,"691,195"
FFTMH,-,4.10%,-,-,-,-,-,-,-,-,-,-,-,11.20,0.45%,"502,528"
FFTMN,-,2.76%,-,-,-,-,-,-,-,-,-,-,-,8.44,0.24%,"253,547"
FFTMS,-,2.83%,-,-,-,-,-,-,-,-,-,-,-,9.81,0.15%,"169,873"
FFTMU,-,3.67%,-,-,-,-,-,-,-,-,-,-,-,7.55,0.51%,"1,107,475"
FFTNJ,-,3.01%,-,-,-,-,-,-,-,-,-,-,-,8.45,0.36%,"89,766"
FFTNT,114.51B,-,19.73%,117.44%,103.55%,1.28,1.19,0.32,0.32,80.20%,32.37%,28.17%,Jul 29/a,156.07,-1.75%,"2,592,103"
FFTNY,-,3.44%,-,-,-,-,-,-,-,-,-,-,-,7.53,0.40%,"131,415"
FFTOH,-,3.31%,-,-,-,-,-,-,-,-,-,-,-,8.09,0.39%,"69,973"
FFTPA,-,3.15%,-,-,-,-,-,-,-,-,-,-,-,8.32,0.18%,"39,608"
FFTQI,-,11.19%,-,-,-,-,-,-,-,-,-,-,-,22.10,1.05%,"1,201,839"
FFTRA,284.62M,-,-,-,-,10.00,10.00,0.00,0.00,-,-,-,-,9.90,-0.50%,"45,291"
FFTRB,-,4.43%,-,-,-,-,-,-,-,-,-,-,-,24.45,-0.12%,"205,251"
FFTRE,1.64B,-,-3.07%,-15.30%,-5.27%,0.96,0.96,2.08,2.13,16.38%,0.97%,-3.18%,Jul 29/b,17.20,1.06%,"1,780,352"
FFTRI,-,1.91%,-,-,-,-,-,-,-,-,-,-,-,18.24,-0.08%,"14,388"
FFTS,27.78B,3.40%,2.41%,7.48%,3.20%,0.56,0.47,1.30,1.44,28.19%,28.19%,14.02%,Jul 31/b,54.37,-0.20%,"549,772"
FFTSD,-,4.43%,-,-,-,-,-,-,-,-,-,-,-,89.42,-0.12%,"9,019"
FFTSL,-,6.31%,-,-,-,-,-,-,-,-,-,-,-,44.95,0.11%,"316,541"
FFTSM,-,4.10%,-,-,-,-,-,-,-,-,-,-,-,59.69,-0.02%,"745,267"
FFTV,16.52B,0.45%,4.03%,7.32%,5.58%,1.24,1.00,0.58,0.58,61.11%,18.23%,12.38%,Jul 29/b,54.69,0.33%,"1,253,791"
FFTW,327.35M,3.23%,1.91%,2.01%,1.14%,1.18,1.18,1.05,1.17,-,-,-,Aug 11/a,10.45,-1.04%,"34,726"
FFTWO,-,0.86%,-,-,-,-,-,-,-,-,-,-,-,47.08,-0.26%,"25,498"
FFTXG,-,2.55%,-,-,-,-,-,-,-,-,-,-,-,22.56,-0.01%,"2,072"
FFTXH,-,1.05%,-,-,-,-,-,-,-,-,-,-,-,40.47,-0.13%,"20,380"
FFTXL,-,0.10%,-,-,-,-,-,-,-,-,-,-,-,234.49,2.34%,"59,050"
FFTXN,-,1.58%,-,-,-,-,-,-,-,-,-,-,-,41.24,0.22%,"58,481"
FFTXO,-,1.72%,-,-,-,-,-,-,-,-,-,-,-,42.21,0.41%,"42,729"
FFTXR,-,1.01%,-,-,-,-,-,-,-,-,-,-,-,43.11,0.48%,"10,128"
FFUBO,1.26B,-,10.69%,38.60%,10.15%,1.00,1.00,0.49,0.50,15.82%,-5.33%,7.61%,Aug 05/b,11.53,1.05%,"988,168"
FFUFU,214.98M,-,-32.23%,-80.07%,-62.67%,4.22,4.22,1.08,1.10,2.26%,-1.80%,-29.28%,Aug 17/b,1.29,3.20%,"94,148"
FFUL,2.78B,1.56%,3.55%,9.39%,4.47%,1.80,1.12,1.00,1.00,32.39%,11.35%,5.29%,Sep 23/a,51.60,-0.10%,"1,107,881"
FFULC,289.93M,-,-30.75%,-32.38%,-27.12%,31.35,31.35,0.01,0.02,-,-,-,Aug 05,3.80,0.00%,"814,752"
FFULT,4.51B,3.21%,1.19%,11.10%,7.17%,0.10,-,0.45,0.45,-,26.54%,20.10%,Jul 22/a,23.60,0.00%,"1,502,414"
FFUMB,-,2.73%,-,-,-,-,-,-,-,-,-,-,-,20.03,-0.05%,"70,421"
FFUN,1.34B,-,-20.74%,-185.33%,-33.31%,0.42,0.36,44.82,44.95,23.01%,10.76%,-57.25%,Aug 06/b,13.12,-4.02%,"3,516,205"
FFUNC,286.87M,2.34%,1.23%,12.42%,10.26%,0.07,-,0.15,0.48,-,27.04%,20.35%,Jul 20/a,44.45,0.11%,"17,369"
FFUND,314.16M,5.61%,-,-,-,-,-,-,-,-,-,-,-,10.59,-0.19%,"4,965"
FFURY,111.61M,-,-1.19%,-1.28%,-1.19%,21.45,21.45,0.00,0.00,-,-,-,Aug 13/a,0.59,-0.98%,"519,231"
FFUSB,93.53M,1.65%,0.68%,7.53%,6.66%,0.18,-,0.12,0.36,-,15.83%,12.12%,Jul 29/a,16.99,3.22%,"7,644"
FFUSD,-,0.76%,-,-,-,-,-,-,-,-,-,-,-,25.00,-0.08%,109
FFUSE,17.48M,-,-15.45%,46.84%,-,0.11,0.11,-,-,54.61%,-95.70%,-21.67%,-,0.60,-0.15%,"49,103"
FFUSI,-,5.07%,-,-,-,-,-,-,-,-,-,-,-,50.44,-0.02%,"65,880"
FFUTG,-,-,-,-,-,-,-,-,-,-,-,-,-,4.23,-1.41%,"456,354"
FFUTU,10.79B,0.80%,4.55%,30.94%,28.32%,1.13,1.13,0.01,0.73,94.52%,69.06%,42.92%,Aug 20/b,112.73,-0.69%,"639,833"
FFUTY,-,2.76%,-,-,-,-,-,-,-,-,-,-,-,54.70,-0.38%,"417,391"
FFV,-,0.50%,-,-,-,-,-,-,-,-,-,-,-,72.09,0.62%,"48,757"
FFVAL,-,1.52%,-,-,-,-,-,-,-,-,-,-,-,82.32,0.82%,"20,491"
FFVAV,370.41M,-,-,-,-,0.96,0.96,0.00,0.00,-,-,-,-,10.25,-0.77%,210
FFVC,-,1.32%,-,-,-,-,-,-,-,-,-,-,-,41.59,0.64%,"5,532"
FFVCB,333.09M,1.46%,1.12%,10.14%,8.71%,0.64,-,0.11,0.11,-,25.89%,20.59%,Jul 21/a,18.47,0.22%,"63,310"
FFVD,-,2.28%,-,-,-,-,-,-,-,-,-,-,-,49.12,0.20%,"385,629"
FFVN,77.70M,-,3.02%,3.05%,2.92%,64.74,64.74,0.00,0.01,-,-,-,-,10.30,0.19%,"127,061"
FFVR,548.31M,4.68%,0.17%,0.36%,0.17%,0.90,0.90,0.96,0.98,41.89%,21.35%,0.39%,Aug 06/b,18.48,-1.23%,"99,778"
FFVRR,324.64M,-,3.27%,7.13%,6.86%,1.82,1.82,0.00,0.01,81.20%,4.20%,7.18%,Jul 29/b,9.03,1.12%,"399,100"
FFWAC,127.62M,-,-,-,-,9.61,9.61,0.00,0.00,-,-,-,May 12/a,9.94,0.00%,0
FFWD,-,0.09%,-,-,-,-,-,-,-,-,-,-,-,127.56,0.99%,"88,063"
FFWDI,483.70M,-,-360.71%,-461.37%,-232.04%,0.17,0.17,0.00,0.25,70.46%,18.86%,-2073.88%,Aug 12/a,6.55,1.39%,"2,032,513"
FFWONA,23.75B,-,3.17%,5.80%,3.27%,1.27,1.27,0.64,0.65,24.94%,12.45%,9.40%,Aug 06/b,87.03,0.05%,"97,758"
FFWONK,23.75B,-,3.17%,5.80%,3.27%,1.27,1.27,0.64,0.65,24.94%,12.45%,9.40%,Aug 06/b,95.59,0.16%,"1,766,862"
FFWRD,561.78M,-,-11.00%,-1564.53%,-15.29%,1.32,1.32,-,-,2.99%,2.99%,-11.37%,Aug 05/a,16.63,1.28%,"602,507"
FFWRG,700.44M,-,1.02%,2.88%,1.10%,0.27,0.22,1.54,1.70,13.30%,2.50%,1.35%,Aug 04/b,11.35,1.43%,"1,024,847"
FFXA,-,1.17%,-,-,-,-,-,-,-,-,-,-,-,71.02,0.23%,"2,321"
FFXAC,127.27M,-,-,-,-,77.26,77.26,0.00,0.00,-,-,-,-,10.07,-0.10%,18
FFXB,-,2.10%,-,-,-,-,-,-,-,-,-,-,-,130.02,0.13%,"187,545"
FFXC,-,0.16%,-,-,-,-,-,-,-,-,-,-,-,70.52,-0.21%,"51,017"
FFXD,-,0.64%,-,-,-,-,-,-,-,-,-,-,-,66.23,1.19%,"2,156"
FFXE,-,0.77%,-,-,-,-,-,-,-,-,-,-,-,107.01,-0.11%,"299,369"
FFXED,-,7.36%,-,-,-,-,-,-,-,-,-,-,-,16.93,-0.06%,"3,836"
FFXF,-,-,-,-,-,-,-,-,-,-,-,-,-,107.90,-0.43%,"17,228"
FFXG,-,2.47%,-,-,-,-,-,-,-,-,-,-,-,62.06,-0.13%,"18,408"
FFXH,-,0.79%,-,-,-,-,-,-,-,-,-,-,-,129.66,0.28%,"123,700"
FFXHO,323.72M,-,-8.60%,-331.77%,-18.64%,1.41,1.26,0.04,0.49,0.94%,-1.89%,-14.49%,-,12.32,-8.13%,"114,413"
FFXI,-,1.97%,-,-,-,-,-,-,-,-,-,-,-,34.49,0.41%,"12,912,601"
FFXL,-,0.00%,-,-,-,-,-,-,-,-,-,-,-,215.55,2.04%,"8,471"
FFXN,-,1.50%,-,-,-,-,-,-,-,-,-,-,-,24.01,-0.12%,"857,361"
FFXNC,280.86M,2.20%,1.05%,11.81%,9.18%,0.33,-,0.22,0.22,-,22.77%,18.48%,Jul 29/b,31.06,0.49%,"30,676"
FFXO,-,2.02%,-,-,-,-,-,-,-,-,-,-,-,64.90,0.15%,"51,592"
FFXP,-,3.03%,-,-,-,-,-,-,-,-,-,-,-,21.54,0.48%,"1,050"
FFXR,-,0.68%,-,-,-,-,-,-,-,-,-,-,-,85.04,1.48%,"9,716"
FFXU,-,2.29%,-,-,-,-,-,-,-,-,-,-,-,46.45,-0.45%,"198,845"
FFXY,-,-,-,-,-,-,-,-,-,-,-,-,-,59.68,0.47%,"248,944"
FFXZ,-,1.30%,-,-,-,-,-,-,-,-,-,-,-,83.74,0.11%,"73,427"
FFYC,-,0.18%,-,-,-,-,-,-,-,-,-,-,-,116.85,0.59%,"30,645"
FFYEE,-,8.15%,-,-,-,-,-,-,-,-,-,-,-,30.26,0.95%,"73,845"
FFYLD,-,3.15%,-,-,-,-,-,-,-,-,-,-,-,41.03,0.74%,"28,069"
FFYT,-,1.45%,-,-,-,-,-,-,-,-,-,-,-,70.76,0.54%,"25,350"
FFYX,-,0.92%,-,-,-,-,-,-,-,-,-,-,-,139.61,0.64%,"11,072"
GG,5.90B,1.41%,10.87%,22.45%,14.86%,2.00,2.00,0.51,0.54,36.90%,16.07%,11.06%,Aug 06/a,35.14,2.12%,"1,957,257"
GGAA,-,3.37%,-,-,-,-,-,-,-,-,-,-,-,36.14,0.33%,"9,338"
GGAB,1.92B,10.65%,-,-,-,-,-,-,-,-,-,-,-,5.58,-0.18%,"740,254"
GGABC,1.87B,2.49%,1.70%,12.46%,10.50%,0.07,-,0.12,0.14,-,35.28%,28.26%,Jul 27/a,49.75,0.10%,"95,093"
GGABF,-,2.01%,-,-,-,-,-,-,-,-,-,-,-,45.11,0.34%,710
GGAEM,-,6.96%,-,-,-,-,-,-,-,-,-,-,-,26.59,0.06%,"2,784"
GGAIA,34.32M,-,-3.97%,-6.89%,-6.05%,0.41,0.41,0.16,0.17,78.19%,-6.66%,-6.03%,Aug 10/a,1.35,-7.53%,"258,316"
GGAIN,633.17M,7.61%,14.01%,29.17%,13.56%,0.26,0.26,0.88,0.88,19.67%,308.46%,245.38%,Aug 06/a,15.90,-0.93%,"225,671"
GGAIQ,-,-,-,-,-,-,-,-,-,-,-,-,-,64.09,0.97%,10
GGAL,-,2.71%,-,-,-,-,-,-,-,-,-,-,-,53.54,0.46%,"10,865"
GGALT,394.32M,-,-183.01%,-,-,0.10,0.10,-,-,-,-,-,Aug 14/b,3.91,0.26%,"243,766"
GGALX,-,-,-,-,-,-,-,-,-,-,-,-,-,22.95,2.28%,733
GGAM,1.75B,0.68%,-,-,-,-,-,-,-,-,-,-,-,65.73,0.43%,"8,705"
GGAME,47.05M,-,-98.00%,-2323.94%,-557.63%,0.90,0.90,0.09,1.36,43.12%,-7.70%,-96.06%,Aug 10/a,3.68,6.05%,"233,347"
GGAMR,-,0.48%,-,-,-,-,-,-,-,-,-,-,-,97.23,1.34%,98
GGANX,76.38M,-,-159.22%,-268.30%,-172.31%,4.36,4.36,0.03,0.05,-,-,-,Aug 11/b,1.75,2.34%,"223,559"
GGAP,7.56B,3.21%,9.98%,33.78%,13.77%,1.82,1.11,1.29,1.45,43.18%,10.79%,8.14%,Aug 27/a,21.51,2.87%,"4,971,142"
GGAPR,-,-,-,-,-,-,-,-,-,-,-,-,-,42.47,0.31%,"9,524"
GGARA,-,1.61%,-,-,-,-,-,-,-,-,-,-,-,26.74,0.26%,11
GGARP,-,0.26%,-,-,-,-,-,-,-,-,-,-,-,83.07,0.99%,"382,961"
GGARY,-,0.04%,-,-,-,-,-,-,-,-,-,-,-,26.63,0.76%,"2,731"
GGASS,354.46M,-,7.81%,8.28%,7.91%,9.30,9.18,0.00,0.00,35.21%,27.89%,33.90%,Sep 02/b,9.42,1.62%,"101,190"
GGASZ,-,-,-,-,-,-,-,-,-,-,-,-,-,22.59,1.63%,205
GGATX,6.30B,1.48%,2.34%,13.27%,2.48%,1.12,1.12,4.23,4.48,46.48%,29.05%,17.64%,Jul 30/b,178.53,0.94%,"185,886"
GGAU,565.03M,-,11.37%,26.18%,19.48%,1.23,0.74,0.18,0.24,47.93%,44.23%,12.19%,Aug 06/a,2.16,0.00%,"2,058,092"
GGAUG,-,-,-,-,-,-,-,-,-,-,-,-,-,42.08,0.50%,"112,822"
GGAUZ,8.92M,-,-,-,-,-,-,-,-,-,-,-,-,7.80,13.21%,"153,326"
GGAVA,-,0.14%,-,-,-,-,-,-,-,-,-,-,-,18.18,-1.57%,"2,650"
GGBAB,372.83M,11.23%,-,-,-,-,-,-,-,-,-,-,-,13.46,-0.15%,"69,533"
GGBCI,5.97B,2.88%,1.03%,7.95%,6.74%,0.06,-,0.07,0.53,-,25.96%,19.73%,Jul 23/a,45.83,-0.22%,"700,286"
GGBDC,3.32B,10.79%,1.95%,4.46%,2.35%,0.13,0.13,0.97,1.22,77.69%,60.15%,23.15%,Aug 03/a,12.79,0.71%,"1,342,482"
GGBFH,292.36M,-,1.39%,11.39%,8.88%,0.27,-,0.20,0.21,-,19.76%,15.44%,Jul 29/a,20.14,1.05%,"104,091"
GGBHI,-,3.26%,-,-,-,-,-,-,-,-,-,-,-,25.22,-0.00%,36
GGBIL,-,3.65%,-,-,-,-,-,-,-,-,-,-,-,99.96,0.02%,"689,079"
GGBLI,431.90M,4.75%,1.99%,4.88%,4.77%,1.31,-,0.01,0.01,-,9.91%,7.42%,Aug 05/b,29.50,0.00%,566
GGBND,-,3.93%,-,-,-,-,-,-,-,-,-,-,-,48.99,-0.11%,"559,920"
GGBR,3.91M,-,-1.93%,-1.98%,-2.00%,3.18,3.18,0.00,0.00,64.97%,-187.26%,-56.05%,-,0.76,-9.87%,"256,844"
GGBTC,-,-,-,-,-,-,-,-,-,-,-,-,-,59.77,0.20%,"1,437,852"
GGBTG,4.94B,-,1.97%,6.20%,2.79%,1.20,1.20,0.92,0.98,51.42%,7.97%,2.77%,Aug 04/b,9.46,-0.21%,"1,098,187"
GGBUG,-,1.35%,-,-,-,-,-,-,-,-,-,-,-,50.33,0.87%,"18,376"
GGBX,1.33B,3.10%,2.46%,6.96%,3.11%,2.82,1.59,1.19,1.19,14.93%,5.66%,4.08%,Jul 02/b,43.09,1.01%,"351,863"
GGCAD,-,0.77%,-,-,-,-,-,-,-,-,-,-,-,50.26,0.86%,"2,781"
GGCAL,-,3.69%,-,-,-,-,-,-,-,-,-,-,-,49.54,0.41%,"187,220"
GGCBC,607.98M,1.15%,1.32%,15.88%,12.99%,0.06,-,0.14,0.57,-,32.12%,28.14%,-,35.71,1.36%,"15,210"
GGCC,-,5.22%,-,-,-,-,-,-,-,-,-,-,-,26.91,-0.80%,"32,536"
GGCDT,-,-,-,-,-,-,-,-,-,-,-,-,-,0.45,-13.21%,"1,146,764"
GGCGR,468.10M,-,-,-,-,1.42,1.42,0.00,0.00,-,-,-,-,10.09,-0.98%,9
GGCL,77.91M,-,-,-,-35.13%,1.52,1.13,0.93,1.63,10.30%,-5.56%,-10.46%,Jul 31/b,0.61,6.21%,"203,401"
GGCLO,-,0.12%,-,-,-,-,-,-,-,-,-,-,-,50.16,0.06%,"25,010"
GGCMG,2.60B,3.78%,6.77%,682.08%,10.28%,1.81,1.81,16.09,16.30,-,28.25%,7.88%,Aug 10/b,12.84,0.47%,"303,730"
GGCO,380.00M,-,2.84%,7.83%,4.03%,1.58,0.32,0.85,1.05,46.65%,1.35%,1.71%,Sep 03/b,35.12,5.43%,"262,588"
GGCOR,-,4.31%,-,-,-,-,-,-,-,-,-,-,-,39.90,-0.16%,"75,888"
GGCOW,-,4.89%,-,-,-,-,-,-,-,-,-,-,-,46.55,0.54%,"166,843"
GGCPB,-,0.26%,-,-,-,-,-,-,-,-,-,-,-,49.40,-0.13%,"1,437"
GGCSH,-,0.89%,-,-,-,-,-,-,-,-,-,-,-,49.99,0.10%,"25,939"
GGCT,1.85B,-,13.25%,32.34%,16.99%,2.09,1.47,0.72,0.95,23.96%,11.65%,10.65%,Aug 06/b,51.87,0.14%,"380,891"
GGCTK,2.04M,-,-272.48%,-620.63%,-,0.46,0.46,-,-,-,-,-,-,2.55,-21.05%,"744,247"
GGCTS,175.66M,-,-157.47%,-,-,0.82,0.80,-,-,-38.29%,-852.05%,-1301.99%,Aug 10/a,1.91,2.69%,"2,257,232"
GGCV,92.28M,10.48%,-,-,-,-,-,-,-,-,-,-,-,4.58,0.44%,"16,601"
GGD,96.29B,1.77%,7.63%,17.80%,12.92%,1.44,0.96,0.29,0.35,15.38%,10.32%,8.18%,Jul 29/b,355.90,0.47%,"1,343,542"
GGDC,5.74M,-,-156.79%,-158.19%,-80.30%,31.47,31.47,0.00,0.00,-,-,-,-,1.38,3.76%,"273,930"
GGDDY,12.42B,-,11.19%,442.86%,23.75%,0.63,0.63,571.10,573.34,60.58%,25.22%,17.83%,Jul 30/a,98.07,1.76%,"1,447,139"
GGDE,-,4.01%,-,-,-,-,-,-,-,-,-,-,-,66.45,1.40%,"140,998"
GGDEC,-,-,-,-,-,-,-,-,-,-,-,-,-,40.68,0.42%,"9,150"
GGDEV,199.59M,-,33.27%,-,-,0.75,0.75,-,-,64.64%,19.92%,19.69%,Sep 09,10.98,-8.03%,916
GGDHG,74.36M,-,-2.20%,-2.72%,-2.06%,3.05,3.05,0.01,0.01,58.11%,-33.42%,-39.79%,Jul 07/a,1.25,-5.30%,"281,837"
GGDIV,-,1.13%,-,-,-,-,-,-,-,-,-,-,-,18.72,0.68%,"3,443"
GGDL,90.46M,5.70%,-,-,-,-,-,-,-,-,-,-,-,8.42,0.12%,"11,844"
GGDLC,-,-,-,-,-,-,-,-,-,-,-,-,-,35.60,0.79%,"16,482"
GGDMA,-,2.56%,-,-,-,-,-,-,-,-,-,-,-,42.11,0.23%,"4,018"
GGDMN,-,2.66%,-,-,-,-,-,-,-,-,-,-,-,94.47,1.38%,"27,265"
GGDO,74.67M,14.74%,-,-,-,-,-,-,-,-,-,-,-,9.93,-0.30%,"50,664"
GGDOC,-,0.31%,-,-,-,-,-,-,-,-,-,-,-,36.32,-0.08%,180
GGDOG,-,-,-,-,-,-,-,-,-,-,-,-,-,9.92,0.85%,"33,773"
GGDOT,755.62M,-,-0.44%,-2.79%,-2.58%,0.45,0.45,0.07,0.07,22.66%,2.10%,-1.14%,Aug 10/a,13.26,-0.08%,"214,948"
GGDRX,1.16B,-,0.89%,2.52%,1.38%,1.38,1.38,0.82,0.83,79.54%,12.00%,2.07%,Aug 05/a,3.39,1.19%,"491,920"
GGDS,6.01B,-,4.56%,13.00%,5.21%,1.78,1.78,1.18,1.46,23.00%,16.95%,30.12%,Aug 13/b,30.82,-0.77%,"1,062,829"
GGDT,-,3.30%,-,-,-,-,-,-,-,-,-,-,-,35.44,0.23%,"1,055"
GGDTC,9.25M,-,-44.76%,-52.16%,-56.14%,5.17,5.17,0.06,0.07,-278.46%,-1434.50%,-1224.43%,-,0.78,-3.48%,"10,010"
GGDV,2.56B,5.96%,-,-,-,-,-,-,-,-,-,-,-,29.55,0.51%,"94,644"
GGDX,-,0.65%,-,-,-,-,-,-,-,-,-,-,-,97.10,1.11%,"14,308,371"
GGDXD,-,-,-,-,-,-,-,-,-,-,-,-,-,17.42,-3.01%,"3,558,049"
GGDXJ,-,2.11%,-,-,-,-,-,-,-,-,-,-,-,125.41,1.06%,"2,751,914"
GGDXU,-,-,-,-,-,-,-,-,-,-,-,-,-,149.30,2.97%,"1,817,889"
GGDXW,-,52.17%,-,-,-,-,-,-,-,-,-,-,-,44.11,1.43%,"36,066"
GGDXY,-,72.67%,-,-,-,-,-,-,-,-,-,-,-,11.07,0.91%,"616,255"
GGDYN,647.39M,-,0.47%,0.54%,0.54%,7.22,7.22,0.02,0.03,34.72%,1.12%,0.68%,Jul 30/a,7.98,1.92%,"591,036"
GGE,335.82B,0.55%,7.08%,48.75%,25.18%,0.98,0.67,1.02,1.15,35.23%,18.52%,17.69%,Jul 16/b,323.66,-0.15%,"2,528,698"
GGECC,83.06M,17.56%,-11.11%,-30.59%,-14.07%,1.31,1.31,1.47,1.47,87.51%,-45.88%,-89.08%,Aug 05/a,5.98,0.17%,"63,102"
GGEEQ,-,0.76%,-,-,-,-,-,-,-,-,-,-,-,49.06,0.11%,119
GGEF,4.29B,2.79%,3.61%,8.65%,5.85%,1.29,0.99,0.28,0.41,22.41%,6.82%,5.71%,Jul 28/a,82.32,-1.58%,"442,315"
GGEG,68.41M,-,-26.49%,-63.79%,-33.80%,12.89,12.58,1.57,1.58,-3.77%,-50.44%,-127.61%,Aug 26/a,2.20,-0.90%,"7,965"
GGEHC,28.88B,0.16%,5.46%,19.19%,9.28%,1.21,0.91,0.95,0.96,39.37%,13.73%,9.33%,Jul 29/b,63.93,-0.48%,"3,198,491"
GGEL,1.91B,5.00%,1.54%,58.85%,2.55%,0.93,0.90,-,-,21.84%,18.60%,1.34%,Aug 06/b,15.59,-1.70%,"167,150"
GGELS,7.50M,-,-31.56%,-43.32%,-48.23%,0.09,0.27,0.00,0.36,-869.36%,-4107.16%,-4350.49%,-,0.70,-11.05%,"93,425"
GGEM,-,1.85%,-,-,-,-,-,-,-,-,-,-,-,51.83,1.27%,"69,112"
GGEMD,-,5.91%,-,-,-,-,-,-,-,-,-,-,-,40.85,-0.07%,"2,888"
GGEME,-,3.84%,-,-,-,-,-,-,-,-,-,-,-,42.06,0.58%,"45,187"
GGEMG,-,-,-,-,-,-,-,-,-,-,-,-,-,7.73,2.71%,"20,897"
GGEMI,578.25M,-,-33.62%,-416.47%,-107.52%,1.30,1.30,0.03,1.11,81.44%,-293.27%,-320.04%,Aug 13/a,4.46,1.59%,"1,784,551"
GGEMQ,-,-,-,-,-,-,-,-,-,-,-,-,-,24.56,-,107
GGEN,18.11B,1.69%,6.58%,41.94%,9.90%,0.47,0.47,3.00,3.08,73.68%,42.80%,20.73%,Aug 06/a,30.26,0.98%,"4,797,380"
GGENB,2.02B,-,-,-,-,8.30,8.30,0.11,0.14,-,-,-,Aug 06/b,15.72,2.14%,"666,179"
GGENC,262.81M,-,6.49%,6.85%,6.62%,19.16,15.12,0.00,0.00,28.58%,11.74%,13.53%,Aug 10/a,17.93,-0.77%,"42,288"
GGEND,-,2.62%,-,-,-,-,-,-,-,-,-,-,-,13.37,0.64%,147
GGENI,1.89B,-,-16.51%,-22.60%,-22.04%,1.59,1.59,0.04,0.04,22.50%,-16.52%,-22.27%,Aug 06/b,6.82,1.49%,"4,526,023"
GGENK,58.68M,-,-1.77%,-30.38%,-2.43%,0.29,0.25,12.31,13.87,2.14%,-10.81%,-2.09%,Aug 10/a,1.78,-3.78%,"33,773"
GGENM,-,2.97%,-,-,-,-,-,-,-,-,-,-,-,10.09,0.15%,"4,504"
GGENT,-,4.28%,-,-,-,-,-,-,-,-,-,-,-,10.02,0.05%,"27,496"
GGENW,-,2.23%,-,-,-,-,-,-,-,-,-,-,-,15.28,0.77%,279
GGENZ,-,3.58%,-,-,-,-,-,-,-,-,-,-,-,38.13,0.25%,491
GGEO,4.14B,-,7.88%,20.11%,9.38%,1.65,1.65,1.05,1.08,21.26%,12.49%,10.31%,Aug 06/b,31.49,0.35%,"3,439,673"
GGEOS,65.97M,-,-28.79%,-34.42%,-41.27%,2.44,1.04,0.00,0.01,8.00%,-44.42%,-43.10%,Aug 06/a,5.10,0.20%,"47,791"
GGEQ,-,-,-,-,-,-,-,-,-,-,-,-,-,51.55,0.86%,12
GGERN,867.34M,-,-13.01%,-29.24%,-15.58%,6.92,5.16,1.05,1.15,96.45%,-18.36%,-34.17%,Aug 05/b,1.35,-1.46%,"13,573,730"
GGETY,107.85M,-,-5.62%,-29.92%,-8.80%,0.78,0.78,3.00,4.57,65.68%,22.14%,-16.24%,Aug 10/a,0.26,-3.74%,"1,566,609"
GGEV,254.95B,0.21%,14.24%,91.48%,64.60%,0.84,0.62,0.23,0.24,20.16%,5.32%,23.05%,Jul 22/b,957.27,3.61%,"1,178,801"
GGEVC,-,-,-,-,-,-,-,-,-,-,-,-,-,18.57,7.13%,36
GGEVG,-,-,-,-,-,-,-,-,-,-,-,-,-,22.47,7.19%,"19,201"
GGEVO,388.16M,-,-35.69%,-56.98%,-48.06%,2.70,2.19,0.62,0.62,34.17%,-29.94%,-119.93%,Aug 06/a,1.57,-0.63%,"1,931,098"
GGEVX,-,-,-,-,-,-,-,-,-,-,-,-,-,17.76,7.51%,"125,862"
GGEW,-,1.23%,-,-,-,-,-,-,-,-,-,-,-,56.20,0.77%,15
GGF,183.73M,2.52%,-,-,-,-,-,-,-,-,-,-,-,11.27,-1.09%,"14,279"
GGFAI,11.32M,-,-11.27%,-15.99%,-18.35%,5.32,5.31,0.06,0.12,12.76%,-16.68%,-18.89%,Apr 21/b,0.36,-0.08%,"43,272"
GGFEB,-,-,-,-,-,-,-,-,-,-,-,-,-,44.91,0.37%,"5,702"
GGFF,4.35B,0.92%,11.28%,229.23%,14.26%,2.41,1.79,10.16,10.35,42.85%,19.69%,9.28%,Aug 05/b,96.03,0.77%,"224,906"
GGFGF,-,0.21%,-,-,-,-,-,-,-,-,-,-,-,36.18,0.77%,40
GGFI,40.37B,4.96%,33.44%,58.76%,38.29%,1.87,1.87,0.28,0.29,57.32%,52.56%,39.21%,Aug 25/b,45.10,-1.27%,"2,325,031"
GGFL,18.68B,0.13%,-0.91%,-2.42%,-1.04%,0.75,0.75,1.37,1.38,19.98%,5.64%,-2.86%,Jul 29/a,42.85,2.93%,"2,988,786"
GGFLW,-,0.34%,-,-,-,-,-,-,-,-,-,-,-,33.21,1.22%,"92,005"
GGFR,1.57B,-,-2.91%,-3.72%,-3.27%,0.96,0.76,0.03,0.03,20.08%,16.68%,-6.20%,May 05/a,6.52,4.32%,"2,240,754"
GGFS,25.76B,0.37%,4.25%,6.16%,5.37%,2.48,1.74,0.13,0.14,27.14%,11.59%,10.32%,Aug 05/b,46.95,2.15%,"3,701,201"
GGFSG,-,-,-,-,-,-,-,-,-,-,-,-,-,3.61,3.84%,"50,521"
GGFUZ,511.32M,-,-13.43%,-15.58%,-7.79%,0.06,0.06,0.00,0.01,-,-,-,-,8.41,2.44%,"132,452"
GGGAL,5.81B,1.48%,0.37%,2.00%,1.81%,2.29,-,0.07,0.46,-,13.53%,1.18%,Aug 20,43.86,-1.92%,"739,390"
GGGB,6.38B,3.99%,2.75%,4.27%,3.34%,2.87,1.30,0.26,0.28,13.16%,7.38%,3.31%,Aug 04/a,5.15,0.98%,"13,865,421"
GGGG,12.42B,1.53%,17.28%,21.24%,21.02%,2.99,2.14,0.01,0.02,52.64%,27.44%,23.53%,Jul 22/a,76.70,0.96%,"1,694,776"
GGGLL,-,1.90%,-,-,-,-,-,-,-,-,-,-,-,97.61,3.35%,"1,611,037"
GGGLS,-,2.87%,-,-,-,-,-,-,-,-,-,-,-,59.52,-1.76%,"81,816"
GGGM,-,1.37%,-,-,-,-,-,-,-,-,-,-,-,31.35,0.69%,"1,462"
GGGME,-,0.02%,-,-,-,-,-,-,-,-,-,-,-,64.62,1.21%,593
GGGN,868.61M,6.47%,-,-,-,-,-,-,-,-,-,-,-,5.56,0.18%,"260,801"
GGGOV,-,3.23%,-,-,-,-,-,-,-,-,-,-,-,50.10,-0.14%,"276,896"
GGGR,38.04M,-,-7.29%,-36.71%,-13.05%,0.69,0.54,2.31,3.16,17.12%,-11.81%,-16.98%,Aug 24/b,2.58,1.38%,"5,131"
GGGRW,-,0.41%,-,-,-,-,-,-,-,-,-,-,-,36.94,1.05%,168
GGGT,190.62M,21.84%,-,-,-,-,-,-,-,-,-,-,-,4.03,-0.25%,"320,917"
GGGTL,-,0.85%,-,-,-,-,-,-,-,-,-,-,-,39.11,1.05%,15
GGGUS,-,0.42%,-,-,-,-,-,-,-,-,-,-,-,66.49,0.82%,"12,024"
GGGZ,120.94M,4.92%,-,-,-,-,-,-,-,-,-,-,-,16.06,0.66%,"5,030"
GGH,21.12B,-,-27.95%,-,-31.35%,4.03,3.71,-,-,65.01%,-39.70%,-38.33%,Jul 30/a,157.38,-1.04%,"695,946"
GGHC,4.82B,0.65%,6.84%,11.82%,9.21%,1.86,1.59,0.23,0.28,27.86%,5.80%,10.63%,Jul 30/b,1138.57,0.16%,"34,612"
GGHG,68.18M,5.82%,0.83%,2.53%,1.49%,1.70,1.70,0.67,0.93,35.56%,12.21%,4.20%,-,1.03,0.10%,"4,047"
GGHI,145.88M,8.93%,-0.29%,-1.12%,-0.35%,0.24,0.24,2.22,2.73,89.53%,75.32%,-10.86%,Aug 11,6.27,-0.32%,"25,094"
GGHM,1.03B,-,3.83%,7.49%,5.99%,1.23,0.92,0.03,0.04,22.58%,6.58%,4.53%,Aug 06/b,87.90,2.82%,"123,097"
GGHRS,1.87B,-,-18.16%,-18.79%,-17.32%,28.70,28.70,0.00,0.00,-,-,-,Aug 06/b,27.20,-0.29%,"159,259"
GGHTA,-,3.70%,-,-,-,-,-,-,-,-,-,-,-,31.01,0.00%,278
GGHXI,367.19M,-,-,-,-,20.86,20.86,0.00,0.00,-,-,-,-,9.99,-0.50%,132
GGHY,461.22M,11.19%,-,-,-,-,-,-,-,-,-,-,-,11.26,0.09%,"224,510"
GGHYB,-,6.77%,-,-,-,-,-,-,-,-,-,-,-,44.04,-0.05%,"4,836"
GGHYG,-,6.30%,-,-,-,-,-,-,-,-,-,-,-,44.62,-0.09%,"4,712"
GGIAX,-,23.59%,-,-,-,-,-,-,-,-,-,-,-,15.92,0.12%,"51,771"
GGIB,14.36B,0.69%,9.00%,17.14%,13.23%,0.93,0.93,0.33,0.43,16.74%,16.74%,10.54%,Jul 29/b,70.21,1.67%,"356,134"
GGIBO,81.87M,-,-,-,-,0.35,0.35,-,-,-,-,-,-,33.54,0.42%,"53,839"
GGIC,1.49B,2.82%,13.96%,26.18%,19.85%,2.24,1.43,0.25,0.29,36.37%,8.06%,5.90%,Aug 04/a,38.99,0.85%,"71,262"
GGIEQ,-,-,-,-,-,-,-,-,-,-,-,-,-,42.38,0.88%,"1,191"
GGIFT,27.10M,-,-27.81%,-40.23%,-38.45%,1.02,0.58,0.06,0.22,16.60%,-10.26%,-10.32%,Aug 03/b,0.76,0.00%,"4,066"
GGIGB,-,4.80%,-,-,-,-,-,-,-,-,-,-,-,44.28,-0.02%,"97,962"
GGIGL,-,4.25%,-,-,-,-,-,-,-,-,-,-,-,48.88,0.00%,"155,493"
GGIGM,15.14M,-,-4.65%,-5.00%,-4.92%,10.94,10.94,0.00,0.00,54.91%,-59.68%,-43.36%,May 04/b,1.37,2.24%,"3,050"
GGII,-,2.77%,-,-,-,-,-,-,-,-,-,-,-,72.83,-0.01%,"82,370"
GGIII,1.20B,1.08%,4.98%,7.68%,6.43%,2.70,1.74,0.16,0.19,43.08%,7.76%,4.75%,Sep 02/b,27.89,0.80%,"893,534"
GGIL,8.97B,2.05%,2.94%,8.68%,0.84%,1.93,1.01,1.15,1.45,27.74%,15.19%,1.28%,Jul 30/b,48.45,-0.98%,"1,097,304"
GGILD,178.21B,2.26%,-6.17%,-20.57%,-9.09%,1.27,1.09,2.01,2.22,79.66%,39.05%,-10.61%,Aug 04/a,143.72,-0.75%,"4,202,446"
GGILT,761.82M,-,4.53%,7.04%,5.51%,1.97,1.65,0.01,0.02,30.33%,4.65%,6.21%,Aug 05/b,9.89,3.67%,"399,435"
GGINC,-,0.60%,-,-,-,-,-,-,-,-,-,-,-,49.22,-0.20%,"12,229"
GGIND,-,-,-,-,-,-,-,-,-,-,-,-,-,24.68,1.28%,"2,252"
GGINN,-,1.14%,-,-,-,-,-,-,-,-,-,-,-,80.81,0.80%,458
GGINX,-,3.96%,-,-,-,-,-,-,-,-,-,-,-,36.94,0.82%,"10,120"
GGIPR,1.22M,-,-6.67%,-1295.88%,-13.03%,0.26,0.26,-,-,24.19%,-10.90%,-68.94%,Aug 14/b,0.40,-3.14%,"224,316"
GGIS,19.17B,6.85%,-0.28%,-1.06%,-0.44%,0.68,0.40,1.73,1.89,33.59%,15.33%,-0.48%,Sep 23/b,35.85,-0.31%,"7,641,238"
GGISC,-,1.07%,-,-,-,-,-,-,-,-,-,-,-,49.62,-0.10%,"25,090"
GGITS,9.16M,-,-85.26%,-100.22%,-126.94%,1.03,1.03,0.00,0.04,-41687.25%,-113461.04%,-225580.52%,-,2.18,1.40%,"24,146"
GGIW,370.74M,-,-,-,2.22%,7.10,7.10,0.00,0.00,-,-,-,-,10.15,-0.10%,28
GGIX,366.93M,-,-,-,-,12.57,12.57,0.00,0.00,-,-,-,-,10.04,0.40%,171
GGIXI,13.70M,-,-45.32%,-245.46%,-65.94%,0.28,0.28,0.00,0.25,3.52%,-44.64%,-94.47%,-,5.50,2.52%,"16,319"
GGJAN,-,-,-,-,-,-,-,-,-,-,-,-,-,45.95,0.38%,"2,645"
GGJUL,-,-,-,-,-,-,-,-,-,-,-,-,-,44.48,0.43%,"3,776"
GGJUN,-,-,-,-,-,-,-,-,-,-,-,-,-,41.88,0.50%,"1,410,496"
GGK,-,0.08%,-,-,-,-,-,-,-,-,-,-,-,28.78,1.20%,"2,136"
GGKAT,-,0.63%,-,-,-,-,-,-,-,-,-,-,-,45.28,0.56%,109
GGKOS,9.87B,-,-19.72%,-25.98%,-23.95%,5.04,4.46,0.15,0.15,79.12%,-12.89%,-30.68%,Jul 29/a,167.25,-1.84%,"552,484"
GGL,13.15B,0.72%,3.95%,20.95%,13.74%,1.02,-,0.43,0.48,-,26.86%,19.58%,Jul 22/a,171.17,0.22%,"338,051"
GGLAD,440.11M,9.24%,5.74%,9.86%,5.23%,1.29,1.29,0.81,0.81,74.77%,83.39%,52.12%,Aug 04/a,19.48,0.52%,"87,833"
GGLAM,-,-,-,-,-,-,-,-,-,-,-,-,-,28.03,1.01%,32
GGLAS,614.02M,-,-15.42%,-24.83%,-22.56%,1.33,0.70,0.34,0.43,21.40%,-25.12%,-37.52%,Aug 13/a,7.93,-0.63%,"859,767"
GGLBE,6.25B,-,11.96%,16.96%,16.65%,2.07,2.07,0.02,0.03,44.30%,14.28%,13.87%,Aug 12/b,37.18,1.86%,"1,752,391"
GGLBL,-,0.74%,-,-,-,-,-,-,-,-,-,-,-,28.30,1.06%,10
GGLBS,80.29M,-,2.23%,3.80%,2.41%,2.77,2.68,0.54,0.59,36.45%,20.88%,12.72%,Aug 07/a,3.72,6.29%,"246,330"
GGLCR,-,0.72%,-,-,-,-,-,-,-,-,-,-,-,24.62,-0.01%,112
GGLD,-,-,-,-,-,-,-,-,-,-,-,-,-,398.77,0.61%,"10,963,021"
GGLDB,-,0.20%,-,-,-,-,-,-,-,-,-,-,-,22.53,0.95%,"3,712"
GGLDG,223.39M,-,-11.58%,-12.32%,-9.53%,39.65,39.65,0.00,0.00,-,-,-,Jul 14/b,1.04,0.00%,"565,044"
GGLDI,-,25.37%,-,-,-,-,-,-,-,-,-,-,-,147.60,0.27%,"62,511"
GGLDM,-,-,-,-,-,-,-,-,-,-,-,-,-,86.00,0.57%,"2,578,076"
GGLDN,-,7.72%,-,-,-,-,-,-,-,-,-,-,-,16.99,0.99%,"2,493"
GGLDW,-,28.91%,-,-,-,-,-,-,-,-,-,-,-,42.25,0.60%,"16,987"
GGLE,10.06M,-,-14.23%,-15.89%,-17.28%,3.67,3.67,0.00,0.00,5.72%,-108.02%,-91.42%,-,0.55,19.25%,"263,768"
GGLED,160.14M,-,-,-,-,1.40,1.40,0.00,0.00,-,-,-,-,10.02,0.10%,"6,316"
GGLGG,-,-,-,-,-,-,-,-,-,-,-,-,-,4.91,2.90%,"52,590"
GGLIBA,1.03B,1.42%,-9.81%,-20.98%,-11.25%,3.37,3.37,0.73,0.73,27.22%,13.03%,-32.53%,Aug 06/b,26.05,-0.19%,"24,137"
GGLIBK,1.03B,-,-9.81%,-20.98%,-11.25%,3.37,3.37,0.73,0.73,27.22%,13.03%,-32.53%,Aug 06/b,25.78,0.27%,"203,401"
GGLIN,-,0.86%,-,-,-,-,-,-,-,-,-,-,-,45.20,1.38%,"1,277"
GGLIX,-,2.12%,-,-,-,-,-,-,-,-,-,-,-,26.35,0.51%,"1,387"
GGLL,-,-,-,-,-,-,-,-,-,-,-,-,-,22.79,-1.09%,"3,150,215"
GGLND,53.35M,-,-6.17%,-6.23%,-7.22%,27.94,27.94,0.00,0.00,-,-,-,-,1.22,-0.81%,"677,274"
GGLNG,5.37B,1.70%,3.24%,8.55%,3.75%,2.34,2.34,1.25,1.38,55.10%,45.51%,31.27%,Aug 13/b,52.89,0.38%,"1,657,500"
GGLNK,-,-,-,-,-,-,-,-,-,-,-,-,-,10.27,-0.39%,"320,202"
GGLO,240.35M,11.25%,-,-,-,-,-,-,-,-,-,-,-,5.62,0.90%,"63,011"
GGLOB,1.63B,0.93%,3.42%,5.36%,4.39%,1.84,1.84,0.22,0.25,30.06%,9.71%,4.63%,Aug 13/a,37.75,2.86%,"1,464,994"
GGLOF,-,1.53%,-,-,-,-,-,-,-,-,-,-,-,61.08,0.94%,"23,567"
GGLOO,305.47M,-,-54.94%,-262.68%,-71.65%,1.23,1.21,0.28,0.33,21.22%,-65.44%,-90.10%,Sep 09/a,3.33,10.82%,"468,719"
GGLOW,-,1.21%,-,-,-,-,-,-,-,-,-,-,-,34.85,0.77%,"12,262"
GGLP,1.79B,5.74%,4.46%,24.42%,6.69%,1.19,0.71,2.50,2.70,4.41%,2.28%,0.78%,Aug 07/b,52.75,-2.44%,"37,462"
GGLPI,11.71B,8.03%,7.27%,20.30%,7.25%,2.40,2.40,1.68,1.68,80.72%,82.62%,58.49%,Jul 30/a,40.24,-1.81%,"3,889,297"
GGLQ,148.41M,10.66%,-,-,-,-,-,-,-,-,-,-,-,7.92,0.76%,"22,212"
GGLRE,488.64M,-,2.47%,7.50%,7.22%,1.26,-,0.01,0.01,-,5.24%,7.56%,Aug 04/a,14.97,-0.33%,"135,548"
GGLRY,-,0.18%,-,-,-,-,-,-,-,-,-,-,-,38.63,0.97%,"17,058"
GGLSI,226.78M,-,-361.30%,-951.64%,-695.56%,1.54,1.54,0.00,0.00,-,-,-,Aug 17,15.45,2.59%,"75,002"
GGLTR,-,-,-,-,-,-,-,-,-,-,-,-,-,196.74,0.87%,"23,811"
GGLU,113.55M,6.75%,-,-,-,-,-,-,-,-,-,-,-,18.95,-0.21%,"2,578"
GGLUE,1.20B,-,-30.67%,-42.66%,-30.95%,10.58,10.58,0.07,0.08,71.72%,-633.04%,-560.85%,Aug 06/b,14.07,-1.75%,"1,173,907"
GGLV,75.33M,11.00%,-,-,-,-,-,-,-,-,-,-,-,6.07,1.34%,"45,289"
GGLW,143.34B,0.70%,6.16%,16.05%,8.97%,1.81,1.24,0.69,0.75,35.54%,16.48%,11.20%,Jul 28/b,166.40,2.01%,"4,893,891"
GGLWG,-,-,-,-,-,-,-,-,-,-,-,-,-,16.14,4.21%,"563,070"
GGLX,-,-,-,-,-,-,-,-,-,-,-,-,-,14.78,2.65%,191
GGLXG,2.44M,-,-40.19%,-56.56%,-79.22%,2.39,2.39,0.00,0.02,44.48%,-76.25%,-75.09%,-,0.97,-0.98%,"28,580"
GGLXU,-,13.63%,-,-,-,-,-,-,-,-,-,-,-,5.73,1.60%,"61,528"
GGLXY,9.54B,-,-0.97%,-5.83%,-2.07%,1.50,1.50,1.56,2.78,61.22%,29.72%,-7.79%,Aug 05/b,24.40,1.12%,"3,746,727"
GGM,75.13B,0.84%,0.68%,3.04%,1.28%,1.14,0.97,1.46,2.06,5.74%,0.98%,1.01%,Jul 21/b,85.62,-0.58%,"7,370,112"
GGMAB,19.39B,-,8.28%,13.96%,7.20%,2.46,2.44,0.83,0.89,93.03%,32.27%,19.04%,Aug 06/a,32.47,0.74%,"1,394,020"
GGMAR,-,-,-,-,-,-,-,-,-,-,-,-,-,45.09,0.35%,"109,920"
GGMAY,-,-,-,-,-,-,-,-,-,-,-,-,-,43.82,0.34%,"7,038"
GGME,10.67B,-,8.32%,15.79%,8.59%,8.72,8.07,0.69,0.71,37.89%,13.90%,25.16%,Sep 08/b,21.15,3.73%,"9,888,843"
GGMEC,-,-,-,-,-,-,-,-,-,-,-,-,-,21.63,6.40%,11
GGMED,9.96B,-,10.25%,11.81%,11.00%,4.62,2.93,0.02,0.02,64.90%,21.53%,17.03%,Aug 06/a,74.19,0.86%,"1,486,555"
GGMEU,-,-,-,-,-,-,-,-,-,-,-,-,-,6.87,7.01%,"797,843"
GGMEX,0.44M,10478.17%,-22.74%,-85.84%,-13.56%,4.88,3.98,3.78,3.79,9.04%,-86.86%,-171.17%,-,0.48,-7.70%,"688,033"
GGMEY,-,73.29%,-,-,-,-,-,-,-,-,-,-,-,24.50,2.56%,"2,073"
GGMF,-,1.19%,-,-,-,-,-,-,-,-,-,-,-,156.58,0.79%,"3,014"
GGMHS,43.25M,-,8.98%,12.69%,11.28%,2.84,3.15,0.04,0.07,52.71%,1.59%,4.39%,Sep 08/b,0.75,0.61%,"11,385"
GGMM,20.77M,-,-135.35%,-186.57%,-240.18%,1.89,1.89,0.00,0.08,27.79%,-15.84%,-108.44%,-,2.13,1.42%,"5,367"
GGMMA,-,3.40%,-,-,-,-,-,-,-,-,-,-,-,21.90,0.62%,10
GGMMF,-,3.79%,-,-,-,-,-,-,-,-,-,-,-,100.28,0.01%,"32,938"
GGMNY,-,3.54%,-,-,-,-,-,-,-,-,-,-,-,48.55,0.16%,"9,365"
GGMOC,-,3.35%,-,-,-,-,-,-,-,-,-,-,-,50.11,0.00%,13
GGMOD,-,1.34%,-,-,-,-,-,-,-,-,-,-,-,27.90,0.48%,"4,471"
GGMOI,-,2.58%,-,-,-,-,-,-,-,-,-,-,-,41.44,0.83%,"25,300"
GGMOM,-,1.40%,-,-,-,-,-,-,-,-,-,-,-,38.96,0.29%,"58,077"
GGMOV,-,1.80%,-,-,-,-,-,-,-,-,-,-,-,32.83,0.74%,"1,226"
GGMRS,690.40M,-,-,-,-,2.01,1.88,5.73,6.02,-,-,-,Aug 12/a,12.78,2.49%,"634,911"
GGMTL,418.67M,-,-13.39%,-13.85%,-8.21%,19.04,19.04,0.00,0.00,-,-,-,-,10.53,-7.39%,"172,729"
GGMUB,-,3.50%,-,-,-,-,-,-,-,-,-,-,-,49.85,0.22%,"143,102"
GGNE,415.32M,1.90%,7.92%,13.00%,9.56%,2.89,2.75,0.03,0.03,24.09%,2.77%,5.12%,Aug 06/b,15.78,0.57%,"62,763"
GGNK,1.17B,11.53%,3.50%,4.53%,3.32%,2.97,2.41,0.37,0.37,24.83%,16.51%,9.15%,Aug 05/a,26.83,0.30%,"303,553"
GGNL,2.09B,8.40%,-0.35%,-0.96%,-0.39%,5.06,5.06,1.63,1.63,51.30%,34.88%,-13.26%,Aug 05/a,9.05,-0.33%,"1,863,413"
GGNLN,2.07M,-,-381.46%,-533.99%,-477.54%,2.36,2.36,0.00,0.00,-1603.46%,-2081.62%,-4630.56%,Aug 14/a,2.98,15.50%,"79,758"
GGNLX,112.66M,-,-121.80%,-177.93%,-195.51%,2.39,2.39,0.13,0.15,-5925.00%,-455275.00%,-444950.00%,Aug 13/a,2.49,0.40%,"146,907"
GGNMA,-,4.38%,-,-,-,-,-,-,-,-,-,-,-,42.75,-0.34%,"37,862"
GGNMX,-,-,-,-,-,-,-,-,-,-,-,-,-,34.15,0.72%,89
GGNOM,-,1.04%,-,-,-,-,-,-,-,-,-,-,-,62.22,0.40%,"17,647"
GGNOV,-,-,-,-,-,-,-,-,-,-,-,-,-,42.70,0.33%,"2,143"
GGNPX,2.75M,-,-157.40%,-203.86%,-111.51%,6.77,6.77,0.00,0.00,-,-,-,-,3.35,0.00%,"28,159"
GGNR,-,2.32%,-,-,-,-,-,-,-,-,-,-,-,78.59,0.04%,"195,650"
GGNRC,11.03B,-,4.63%,9.48%,6.26%,2.04,1.00,0.43,0.47,37.38%,13.22%,5.82%,Jul 29/b,186.99,2.93%,"569,008"
GGNS,30.81M,-,-46.89%,-68.45%,-60.52%,0.86,0.84,0.02,0.12,13.40%,-323.21%,-658.94%,Jul 01/b,0.16,-2.67%,"1,662,268"
GGNSS,71.05M,-,-10.69%,-672.00%,-81.40%,0.76,0.40,-,-,54.03%,-3.16%,-10.86%,Aug 13/a,1.56,0.65%,"60,053"
GGNT,152.65M,7.38%,-,-,-,-,-,-,-,-,-,-,-,9.08,0.67%,"33,156"
GGNTA,19.70M,-,-27.77%,-38.00%,-21.20%,14.16,14.16,0.35,0.35,-,-,-,Jul 22/b,0.84,-2.38%,"32,895"
GGNTX,4.80B,2.11%,13.78%,16.13%,15.76%,3.04,1.76,0.00,0.00,35.00%,19.55%,15.26%,Jul 24/b,22.79,0.49%,"1,571,917"
GGNW,3.96B,-,0.29%,2.31%,2.07%,-,-,0.17,0.17,-,7.23%,3.04%,Aug 05/a,10.49,0.19%,"3,673,474"
GGO,1.11B,-,-12.07%,-38.06%,-14.89%,1.29,0.30,2.14,2.27,29.99%,4.47%,-8.04%,Aug 12/a,11.25,1.53%,"1,891,758"
GGOAI,112.38M,-,-40.65%,-58.45%,-37.39%,13.07,13.07,0.06,0.14,34.66%,-36.84%,-39.29%,-,2.81,-4.10%,"180,752"
GGOAU,-,0.84%,-,-,-,-,-,-,-,-,-,-,-,47.77,0.32%,"7,776"
GGOCT,-,-,-,-,-,-,-,-,-,-,-,-,-,42.49,0.32%,"1,440"
GGOEX,-,1.95%,-,-,-,-,-,-,-,-,-,-,-,90.42,0.31%,"3,116"
GGOF,2.05B,23.79%,-,-,-,-,-,-,-,-,-,-,-,9.18,0.11%,"2,345,760"
GGOGL,-,-,-,-,-,-,-,-,-,-,-,-,-,23.16,3.65%,"6,819"
GGOGO,355.03M,-,-0.07%,-0.76%,-0.09%,1.73,1.21,7.16,7.30,34.61%,12.12%,-0.09%,Aug 06/b,2.62,1.16%,"1,171,605"
GGOIB,-,1.70%,-,-,-,-,-,-,-,-,-,-,-,24.24,1.94%,"1,080"
GGOLD,1.41B,1.66%,2.58%,10.80%,9.14%,1.15,0.40,0.03,1.03,1.59%,0.52%,0.32%,Sep 02/a,48.22,5.10%,"740,646"
GGOLF,4.97B,1.11%,8.84%,25.37%,11.81%,2.55,1.48,1.01,1.04,48.89%,13.79%,8.12%,Aug 06/b,85.16,-0.13%,"272,343"
GGOLI,-,43.93%,-,-,-,-,-,-,-,-,-,-,-,12.68,0.36%,"16,099"
GGOLS,-,-,-,-,-,-,-,-,-,-,-,-,-,26.25,0.42%,"1,123"
GGOLY,-,8.65%,-,-,-,-,-,-,-,-,-,-,-,25.84,-0.48%,"12,455"
GGOOD,619.97M,9.44%,1.99%,7.22%,2.09%,1.63,1.63,2.57,2.63,43.55%,38.97%,7.15%,Aug 05/a,12.71,-0.55%,"310,822"
GGOOG,4123.00B,0.24%,34.30%,48.68%,32.33%,2.72,2.64,0.18,0.18,60.94%,33.96%,54.70%,Jul 22/a,335.45,1.53%,"15,820,741"
GGOOGL,4123.00B,0.24%,34.30%,48.68%,32.33%,2.72,2.64,0.18,0.18,60.94%,33.96%,54.70%,Jul 22/a,338.50,1.77%,"24,708,293"
GGOOL,-,-,-,-,-,-,-,-,-,-,-,-,-,12.22,3.47%,"82,915"
GGOOP,-,15.05%,-,-,-,-,-,-,-,-,-,-,-,35.56,2.17%,"6,767"
GGOOS,774.44M,-,3.50%,11.80%,4.61%,2.33,0.97,1.37,1.58,61.63%,10.23%,3.64%,Jul 30/b,7.93,3.93%,"1,076,208"
GGOOW,-,40.48%,-,-,-,-,-,-,-,-,-,-,-,59.29,2.13%,"47,733"
GGOOX,-,0.31%,-,-,-,-,-,-,-,-,-,-,-,69.23,2.82%,"104,221"
GGOOY,-,52.83%,-,-,-,-,-,-,-,-,-,-,-,11.96,1.36%,"356,444"
GGOP,-,0.56%,-,-,-,-,-,-,-,-,-,-,-,44.72,1.31%,"7,633"
GGORO,488.34M,-,-48.89%,-,-,0.49,0.36,-,-,19.15%,3.13%,-46.56%,May 07/a,3.60,0.84%,"961,104"
GGOSS,65.57M,-,-78.80%,178.70%,-203.60%,0.50,0.50,-,-,100.00%,-,-,Aug 13/a,10.73,-5.81%,"474,154"
GGOTU,262.71M,-,-5.42%,-25.08%,-21.59%,0.86,0.85,0.42,0.93,67.54%,-6.60%,-5.00%,Aug 27/b,2.10,0.96%,"237,822"
GGOU,-,-,-,-,-,-,-,-,-,-,-,-,-,24.62,3.64%,"128,307"
GGOVI,-,4.02%,-,-,-,-,-,-,-,-,-,-,-,25.99,-0.09%,"119,868"
GGOVM,-,1.21%,-,-,-,-,-,-,-,-,-,-,-,24.55,-0.22%,35
GGOVT,-,3.73%,-,-,-,-,-,-,-,-,-,-,-,22.15,-0.09%,"9,591,946"
GGOVX,4.21M,-,-408.80%,-891.59%,-1058.19%,1.54,1.54,0.10,0.18,-,-,-,Aug 12,0.46,-0.54%,"126,484"
GGOVZ,-,5.58%,-,-,-,-,-,-,-,-,-,-,-,33.00,0.46%,"898,502"
GGP,6.61M,-,-11.50%,-1018.97%,-30.88%,1.49,0.11,4.20,8.34,52.13%,2.94%,-24.28%,Aug 14/a,0.75,-0.29%,"83,537"
GGPAC,295.86M,-,-,-,1.63%,2.40,2.40,0.00,0.00,-,-,-,-,10.06,-0.40%,"127,729"
GGPAT,178.50M,-,4.20%,4.56%,10.30%,0.05,0.05,0.00,0.01,-,-,-,-,11.05,-0.94%,8
GGPC,18.43B,3.17%,0.16%,0.71%,0.32%,1.16,0.50,1.25,1.47,34.65%,4.85%,0.13%,Jul 21/b,133.68,-0.36%,"731,679"
GGPCR,2.76B,-,-19.20%,-20.24%,-15.84%,20.75,20.75,0.00,0.00,-,-,-,Aug 06/a,38.66,-2.25%,"1,276,358"
GGPGI,3.86B,0.05%,-16.72%,-20.62%,-9.96%,1.14,1.14,0.00,0.00,-,-,-,Aug 06/b,13.30,3.10%,"2,185,176"
GGPI,3.32B,0.79%,2.79%,9.40%,4.61%,1.02,0.25,1.10,1.96,15.38%,4.23%,1.29%,Jul 30/b,278.27,-1.27%,"121,489"
GGPIQ,-,10.15%,-,-,-,-,-,-,-,-,-,-,-,56.33,0.77%,"820,434"
GGPIX,-,8.19%,-,-,-,-,-,-,-,-,-,-,-,55.66,0.82%,"1,124,482"
GGPK,2.81B,4.63%,1.65%,6.01%,2.32%,1.38,0.60,1.58,1.75,15.53%,6.94%,2.25%,Aug 04/b,9.50,1.17%,"6,314,030"
GGPMT,45.37M,18.41%,-4.87%,-15.47%,-14.45%,0.23,0.13,0.19,1.98,79.51%,9.28%,-78.13%,Aug 05/a,0.94,-4.06%,"373,442"
GGPN,23.36B,1.31%,0.89%,2.18%,1.69%,0.82,0.82,0.93,1.02,63.89%,20.57%,7.40%,Aug 05/b,88.29,-0.29%,"2,030,590"
GGPOR,3.06B,-,16.21%,27.41%,18.07%,0.58,0.58,0.50,0.50,45.11%,42.18%,31.88%,Aug 03/a,173.25,-1.73%,"215,127"
GGPRE,1.04B,-,7.58%,15.44%,9.55%,1.99,1.58,0.49,0.63,11.77%,7.01%,6.61%,Aug 06/b,14.90,-2.87%,"1,284,544"
GGPRF,-,5.74%,-,-,-,-,-,-,-,-,-,-,-,48.88,0.06%,115
GGPRK,745.01M,0.61%,6.88%,28.57%,9.81%,1.17,1.15,1.27,1.81,42.81%,29.04%,16.00%,Aug 04/a,11.48,-4.09%,"956,067"
GGPRO,258.26M,-,-38.73%,-497.15%,-,0.57,0.35,-,-,28.59%,-20.25%,-28.52%,Aug 10/a,1.38,-1.43%,"28,210,661"
GGPT,-,0.67%,-,-,-,-,-,-,-,-,-,-,-,33.87,0.86%,833
GGPTY,-,35.48%,-,-,-,-,-,-,-,-,-,-,-,42.59,1.21%,"47,375"
GGPUS,29.80M,-,-31.96%,-153.16%,-59.69%,0.57,0.54,0.34,1.22,26.14%,-55.67%,-78.15%,Aug 04/a,0.19,-0.32%,"20,504,762"
GGPZ,-,0.97%,-,-,-,-,-,-,-,-,-,-,-,23.11,0.17%,"134,805"
GGQGU,-,0.96%,-,-,-,-,-,-,-,-,-,-,-,26.13,1.12%,"103,662"
GGQI,-,8.72%,-,-,-,-,-,-,-,-,-,-,-,60.01,0.55%,"27,704"
GGQQQ,-,0.46%,-,-,-,-,-,-,-,-,-,-,-,35.56,0.94%,"6,896"
GGQRE,-,4.40%,-,-,-,-,-,-,-,-,-,-,-,62.15,0.07%,"7,457"
GGRAB,12.44B,-,4.85%,9.08%,8.31%,1.52,1.51,0.06,0.30,43.63%,8.84%,15.97%,Aug 04/b,3.05,1.33%,"63,221,177"
GGRAG,-,-,-,-,-,-,-,-,-,-,-,-,-,4.25,3.09%,"52,418"
GGRAL,3.40B,-,-14.12%,-16.12%,-14.93%,10.95,10.74,0.03,0.04,-36.99%,-323.02%,-236.95%,Aug 05/a,76.23,-1.71%,"360,985"
GGRAN,25.90M,-,-,-,-46.46%,0.54,0.54,0.03,0.05,43.74%,-52.89%,-134.75%,-,1.04,-3.70%,"93,685"
GGRBK,2.94B,-,11.83%,15.74%,12.85%,8.99,0.67,0.15,0.15,30.71%,19.50%,14.77%,Jul 29/a,68.42,1.36%,"223,603"
GGRC,1.97B,1.02%,7.22%,14.86%,8.70%,2.81,1.82,0.62,0.62,29.68%,14.84%,8.88%,Jul 24/b,74.47,1.69%,"73,369"
GGRCE,46.70M,-,-33.74%,-36.19%,-41.94%,11.47,11.47,0.00,0.00,-,-,-,Aug 13/b,2.22,-1.77%,"716,523"
GGRDN,2.76B,-,16.48%,31.75%,24.10%,1.65,1.33,0.11,0.14,21.63%,5.72%,4.50%,Aug 06/a,43.64,-0.43%,"923,229"
GGRDX,20.40M,-,-32.94%,-56.50%,-111.81%,0.16,0.16,0.00,0.10,-815.60%,-7655.42%,-12999.98%,-,2.86,-3.70%,"134,163"
GGREK,-,2.23%,-,-,-,-,-,-,-,-,-,-,-,87.51,1.31%,"19,983"
GGRF,41.34M,0.86%,-,-,-,-,-,-,-,-,-,-,-,10.42,-0.05%,"3,230"
GGRFS,1.95B,3.59%,2.28%,8.50%,3.38%,2.37,0.81,1.46,1.54,36.98%,16.23%,6.09%,Jul 28/a,7.55,-1.31%,"513,348"
GGRI,4.15M,-,-113.27%,-142.02%,-93.96%,10.30,10.30,0.00,0.00,-,-,-,Aug 19,1.90,-2.06%,"131,906"
GGRID,-,0.79%,-,-,-,-,-,-,-,-,-,-,-,180.78,2.00%,"291,897"
GGRIN,-,0.51%,-,-,-,-,-,-,-,-,-,-,-,32.91,0.64%,"3,412"
GGRML,10.01M,-,-57.39%,-63.50%,-37.59%,10.09,10.09,0.00,0.01,-,-,-,-,3.15,-17.54%,"869,619"
GGRMN,54.51B,1.46%,17.26%,21.89%,20.39%,3.02,2.08,0.02,0.02,60.08%,27.61%,24.47%,Jul 29/b,282.67,3.85%,"756,867"
GGRN,-,-,-,-,-,-,-,-,-,-,-,-,-,34.35,0.06%,113
GGRNB,-,4.49%,-,-,-,-,-,-,-,-,-,-,-,23.55,-0.04%,"41,472"
GGRND,2.66B,-,18.92%,108.65%,26.81%,1.05,1.05,-,-,74.12%,31.13%,18.75%,Aug 06/a,15.28,-0.65%,"752,475"
GGRNI,-,7.33%,-,-,-,-,-,-,-,-,-,-,-,21.04,0.99%,"12,676"
GGRNJ,-,-,-,-,-,-,-,-,-,-,-,-,-,29.16,1.51%,"57,757"
GGRNQ,21.95M,-,-22.82%,-26.78%,-16.50%,0.87,0.87,0.00,0.00,77.17%,-125.98%,-169.57%,-,12.11,2.98%,"337,062"
GGRNT,674.01M,8.61%,-2.40%,-4.66%,-2.84%,1.02,1.02,0.76,0.82,27.39%,20.68%,-5.66%,Aug 06/a,5.11,0.20%,"1,067,317"
GGRNY,-,0.07%,-,-,-,-,-,-,-,-,-,-,-,27.79,0.94%,"1,049,670"
GGRO,149.29M,-,-14.83%,-15.60%,-12.65%,42.20,42.20,0.00,0.00,-,-,-,Aug 13/b,2.41,-0.82%,"163,196"
GGROV,43.13M,-,-11.92%,-71.89%,-27.97%,1.26,0.54,2.20,2.63,53.64%,-1.77%,-5.02%,Aug 06/a,1.01,-3.81%,"148,279"
GGROW,35.79M,3.30%,6.30%,6.76%,6.75%,19.71,19.71,0.00,0.00,99.46%,29.18%,39.35%,Sep 03/a,2.91,0.34%,"34,139"
GGROY,790.03M,-,0.19%,0.23%,0.21%,4.80,4.80,0.00,0.00,70.42%,22.94%,6.65%,Aug 05/a,3.41,3.96%,"6,582,761"
GGROZ,-,0.04%,-,-,-,-,-,-,-,-,-,-,-,33.10,1.31%,"6,270"
GGRPM,-,0.68%,-,-,-,-,-,-,-,-,-,-,-,140.35,0.04%,"8,642"
GGRPN,761.66M,-,-20.12%,-19.11%,-65.76%,0.79,0.79,-,-,89.14%,1.55%,-25.26%,Aug 06/a,18.73,2.46%,"1,239,769"
GGRPZ,-,0.90%,-,-,-,-,-,-,-,-,-,-,-,31.91,0.43%,117
GGRRR,373.85M,-,-17.97%,-36.92%,-21.15%,2.24,2.24,0.37,0.44,17.29%,-25.49%,-35.38%,Aug 24/a,13.59,-1.24%,"370,264"
GGRSD,62.47M,-,-12.32%,-29.92%,-16.63%,0.59,1.31,1.10,1.11,77.51%,10.04%,-22.37%,Aug 13/a,1.78,-1.11%,"99,851"
GGRVY,495.47M,-,11.14%,13.24%,12.99%,7.20,7.20,0.01,0.01,33.64%,16.21%,14.89%,Aug 07/b,71.29,0.73%,"15,974"
GGRW,-,0.27%,-,-,-,-,-,-,-,-,-,-,-,30.68,1.04%,710
GGRWG,90.15M,-,-11.30%,-17.07%,-15.19%,3.89,2.51,0.23,0.29,21.54%,-10.61%,-10.07%,Aug 11/a,1.53,-2.55%,"228,832"
GGRX,141.37M,7.00%,-,-,-,-,-,-,-,-,-,-,-,9.72,-0.21%,"10,962"
GGS,299.67B,1.85%,1.07%,16.99%,4.33%,1.19,-,2.94,6.50,-,19.52%,14.72%,Jul 14/b,1029.18,0.92%,"1,163,169"
GGSAT,10.69B,-,-2.50%,-16.68%,-8.34%,1.55,1.51,1.23,1.41,34.70%,4.79%,-23.19%,Aug 06/b,82.48,0.62%,"347,117"
GGSBC,873.54M,2.18%,1.18%,10.65%,10.02%,0.15,-,0.05,0.80,-,25.03%,20.62%,Jul 15/a,80.16,0.30%,"99,776"
GGSBD,1.08B,13.89%,1.75%,4.07%,1.82%,0.49,0.49,1.36,1.36,84.57%,48.29%,16.07%,Aug 06/a,9.62,0.42%,"426,181"
GGSC,-,0.14%,-,-,-,-,-,-,-,-,-,-,-,63.15,0.41%,"13,221"
GGSEE,-,2.04%,-,-,-,-,-,-,-,-,-,-,-,69.83,1.13%,"1,010"
GGSEP,-,-,-,-,-,-,-,-,-,-,-,-,-,41.97,0.19%,"47,953"
GGSEU,-,2.73%,-,-,-,-,-,-,-,-,-,-,-,49.28,0.56%,"3,161"
GGSEW,-,1.36%,-,-,-,-,-,-,-,-,-,-,-,95.77,0.86%,"34,712"
GGSG,-,-,-,-,-,-,-,-,-,-,-,-,-,36.47,-1.27%,"2,943,429"
GGSGO,-,-,-,-,-,-,-,-,-,-,-,-,-,44.09,0.91%,"2,630"
GGSHD,2.03B,-,8.37%,-,14.22%,1.54,1.54,-,-,-,23.31%,8.78%,Jul 22/a,57.18,1.31%,"186,287"
GGSHR,215.79M,-,2.65%,2.75%,2.71%,1.00,1.00,0.00,0.00,-,-,-,-,10.55,0.00%,7
GGSIB,-,1.34%,-,-,-,-,-,-,-,-,-,-,-,66.32,1.11%,"24,716"
GGSID,-,2.40%,-,-,-,-,-,-,-,-,-,-,-,77.39,1.08%,"8,164"
GGSIE,-,2.47%,-,-,-,-,-,-,-,-,-,-,-,47.45,0.70%,"253,709"
GGSIT,196.39M,-,-19.90%,-24.48%,-16.03%,9.16,8.70,0.07,0.09,53.33%,-82.25%,-62.90%,Jul 30/a,5.11,-3.77%,"726,705"
GGSIW,153.72M,-,-47.86%,-89.50%,-57.13%,1.72,1.67,0.00,0.00,28.14%,-190.43%,-190.12%,-,14.35,-2.38%,"65,254"
GGSJY,-,1.90%,-,-,-,-,-,-,-,-,-,-,-,56.49,2.28%,"6,313"
GGSK,96.43B,3.89%,7.95%,29.69%,15.47%,0.82,0.52,0.79,1.03,73.29%,25.00%,14.56%,Jul 28/b,48.13,0.02%,"2,276,995"
GGSKH,-,3.10%,-,-,-,-,-,-,-,-,-,-,-,66.97,-0.15%,215
GGSL,1.65B,5.46%,13.62%,21.35%,15.55%,2.13,2.06,0.27,0.35,52.24%,48.47%,47.87%,Aug 05/b,45.82,0.61%,"173,144"
GGSLC,-,0.92%,-,-,-,-,-,-,-,-,-,-,-,145.80,0.86%,"159,438"
GGSM,799.76M,1.36%,-2.52%,-5.28%,-4.99%,1.29,0.74,0.13,0.31,11.85%,-4.13%,-2.96%,Aug 04/a,4.28,-4.04%,"1,142,599"
GGSOL,-,0.39%,-,-,-,-,-,-,-,-,-,-,-,7.73,2.52%,"3,747,125"
GGSPY,-,2.23%,-,-,-,-,-,-,-,-,-,-,-,42.47,0.98%,"5,277"
GGSRF,301.11M,-,4.92%,5.12%,2.56%,34.73,34.73,0.00,0.00,-,-,-,-,10.25,0.20%,9
GGSRV,301.03M,-,-,-,-,34.31,34.31,0.00,0.00,-,-,-,-,9.90,-0.04%,20
GGSSC,-,1.06%,-,-,-,-,-,-,-,-,-,-,-,88.47,0.68%,"30,685"
GGSST,-,4.27%,-,-,-,-,-,-,-,-,-,-,-,50.41,0.02%,"95,520"
GGSUI,-,0.09%,-,-,-,-,-,-,-,-,-,-,-,10.52,-2.09%,"56,941"
GGSUN,2.26M,-,-18.00%,-221.90%,-35.83%,1.02,1.02,0.44,0.56,1.83%,-10.21%,-9.30%,-,0.22,-2.17%,"1,022,809"
GGSUS,-,0.97%,-,-,-,-,-,-,-,-,-,-,-,105.72,0.84%,"44,483"
GGSWO,-,1.49%,-,-,-,-,-,-,-,-,-,-,-,65.30,0.90%,"44,988"
GGSY,-,4.22%,-,-,-,-,-,-,-,-,-,-,-,50.10,-0.04%,"1,088,896"
GGT,1.55B,-,-12.43%,-63.93%,-26.93%,1.09,0.55,2.33,2.89,18.34%,2.81%,-14.37%,Aug 05/a,5.37,-3.07%,"13,745,257"
GGTBP,15.54M,-,-342.05%,-1446.48%,-618.74%,2.38,2.38,0.00,0.00,-,-,-,Aug 14/b,8.61,39.32%,"544,275"
GGTE,381.75M,-,-15.66%,-97.85%,-37.34%,0.48,0.39,4.17,4.52,16.96%,3.88%,-40.01%,Aug 05/b,10.79,-2.00%,"827,512"
GGTEC,27.87M,-,9.34%,16.03%,14.26%,1.97,1.59,0.00,0.29,32.48%,16.30%,12.32%,Aug 14/b,1.05,-1.87%,"241,128"
GGTEK,-,-,-,-,-,-,-,-,-,-,-,-,-,56.87,2.09%,"2,838"
GGTEN,475.54M,-,1.65%,1.79%,1.77%,0.13,0.13,0.00,0.00,-,-,-,-,10.55,0.00%,"3,170"
GGTERA,247.24M,-,5.92%,6.01%,3.00%,5.74,5.74,0.00,0.00,-,-,-,-,10.42,-0.19%,"11,023"
GGTES,6.59B,-,4.98%,10.72%,6.23%,3.24,2.36,0.66,0.67,40.55%,15.07%,10.39%,Jul 31/b,26.04,1.60%,"1,679,105"
GGTIM,15.89M,-,2.69%,6.53%,3.44%,0.47,0.37,0.84,1.01,10.50%,1.00%,1.65%,Aug 06/a,1.50,0.33%,"38,768"
GGTIP,-,6.02%,-,-,-,-,-,-,-,-,-,-,-,47.21,-0.26%,"250,062"
GGTLB,7.83B,-,-3.33%,-5.88%,-5.69%,2.35,2.35,0.00,0.00,85.77%,-8.07%,-4.99%,Sep 01/a,46.99,-0.66%,"3,396,738"
GGTM,1.11B,-,-8.92%,-45.45%,-23.17%,0.65,0.65,1.82,1.83,82.24%,22.52%,-43.02%,Aug 05/a,3.80,0.00%,"3,410,177"
GGTN,508.95M,6.60%,-0.25%,-0.94%,-0.30%,0.95,0.94,2.15,2.16,18.61%,14.42%,-1.84%,Aug 07/b,4.85,-0.41%,"913,454"
GGTND,-,0.16%,-,-,-,-,-,-,-,-,-,-,-,25.43,0.87%,"6,738"
GGTO,-,4.96%,-,-,-,-,-,-,-,-,-,-,-,45.50,-0.11%,"209,290"
GGTOC,-,4.38%,-,-,-,-,-,-,-,-,-,-,-,24.36,-0.11%,"10,029"
GGTOH,-,5.96%,-,-,-,-,-,-,-,-,-,-,-,25.18,0.08%,335
GGTOP,-,-,-,-,-,-,-,-,-,-,-,-,-,49.02,1.33%,"10,972"
GGTOQ,-,6.98%,-,-,-,-,-,-,-,-,-,-,-,22.10,-0.10%,"11,953"
GGTOS,-,4.50%,-,-,-,-,-,-,-,-,-,-,-,24.77,-0.04%,"2,498"
GGTPE,-,-,-,-,-,-,-,-,-,-,-,-,-,60.54,0.72%,62
GGTR,-,2.16%,-,-,-,-,-,-,-,-,-,-,-,27.69,0.66%,411
GGTX,5.15B,0.87%,14.64%,-,49.45%,1.00,0.76,-,-,24.77%,14.81%,9.51%,Jul 29/b,27.62,1.58%,"1,887,482"
GGTY,2.00B,6.05%,4.63%,9.46%,4.53%,1.48,1.48,0.96,0.96,69.99%,61.64%,41.93%,Jul 22/a,32.27,-0.62%,"481,545"
GGUAC,390.35M,-,-,-,-,8.17,8.17,0.00,0.00,-,-,-,-,9.91,0.00%,"37,619"
GGUG,-,9.52%,-,-,-,-,-,-,-,-,-,-,-,15.00,-1.64%,"75,474"
GGUMI,-,2.66%,-,-,-,-,-,-,-,-,-,-,-,50.26,0.07%,"6,940"
GGUNR,-,2.15%,-,-,-,-,-,-,-,-,-,-,-,56.62,-0.02%,"150,342"
GGURE,6.62M,-,-28.95%,-34.23%,-35.47%,2.34,2.30,0.11,0.16,52.85%,-12.98%,-165.06%,-,3.65,14.06%,"3,896"
GGURU,-,0.08%,-,-,-,-,-,-,-,-,-,-,-,69.05,0.86%,548
GGUSA,-,0.96%,-,-,-,-,-,-,-,-,-,-,-,66.09,0.88%,159
GGUSE,-,0.65%,-,-,-,-,-,-,-,-,-,-,-,45.52,0.93%,"1,127"
GGUSH,-,0.99%,-,-,-,-,-,-,-,-,-,-,-,48.41,0.60%,"482,658"
GGUT,577.08M,9.36%,-,-,-,-,-,-,-,-,-,-,-,6.41,-1.99%,"122,029"
GGUTS,101.88M,-,-146.75%,-778.33%,-196.04%,3.15,3.15,-,-,-,-,-,Aug 10/a,0.64,-0.48%,"751,823"
GGVA,5.20B,0.44%,-4.18%,-18.17%,-7.97%,1.01,0.94,1.75,2.30,15.64%,6.16%,-3.32%,Jul 30/b,118.92,3.18%,"546,161"
GGVAL,-,2.25%,-,-,-,-,-,-,-,-,-,-,-,39.52,0.16%,"153,623"
GGVH,4.35M,-,2.21%,2.44%,1.83%,9.58,9.58,0.00,0.00,7.53%,-0.86%,0.79%,Jul 14/b,1.01,1.00%,"85,206"
GGVI,-,3.72%,-,-,-,-,-,-,-,-,-,-,-,103.97,-0.11%,"207,240"
GGVIP,-,0.30%,-,-,-,-,-,-,-,-,-,-,-,171.19,0.67%,"6,086"
GGVLE,-,0.98%,-,-,-,-,-,-,-,-,-,-,-,48.36,0.97%,"1,474"
GGVLU,-,2.75%,-,-,-,-,-,-,-,-,-,-,-,28.41,0.77%,"3,356"
GGVUS,-,1.47%,-,-,-,-,-,-,-,-,-,-,-,65.59,0.92%,227
GGWAV,3.15M,-,-28.68%,-56.67%,-72.99%,0.23,0.12,0.08,0.61,17.07%,-25.52%,-27.67%,-,3.80,-15.74%,"35,685"
GGWH,15.34M,-,-182.63%,-21339.71%,-928.93%,0.68,0.67,-,-,2669.65%,4382.86%,5612.36%,Aug 11/a,0.38,1.06%,"339,190"
GGWRE,11.73B,-,5.26%,10.51%,7.34%,1.74,1.74,0.59,0.60,64.14%,10.26%,9.44%,Sep 03/a,140.92,0.59%,"1,988,905"
GGWRS,250.81M,3.44%,0.67%,3.88%,1.41%,0.68,0.68,1.62,1.67,43.61%,13.60%,5.22%,Aug 13/b,8.71,-0.68%,"46,046"
GGWW,60.29B,0.76%,20.16%,47.92%,27.28%,2.81,1.70,0.66,0.68,39.40%,15.55%,9.92%,Aug 04/b,1280.00,0.67%,"252,809"
GGWX,-,2.57%,-,-,-,-,-,-,-,-,-,-,-,46.40,0.96%,"34,192"
GGXAI,7.31M,-,-23.68%,-24.09%,-22.50%,10.57,10.57,0.00,0.00,96.03%,-115.80%,-64.79%,Aug 12/a,0.68,-8.51%,"309,695"
GGXC,-,2.27%,-,-,-,-,-,-,-,-,-,-,-,87.58,-0.21%,"229,029"
GGXDW,-,1.50%,-,-,-,-,-,-,-,-,-,-,-,23.82,0.37%,345
GGXIG,-,5.06%,-,-,-,-,-,-,-,-,-,-,-,23.96,-0.15%,45
GGXLC,-,0.89%,-,-,-,-,-,-,-,-,-,-,-,92.02,0.88%,12
GGXO,5.26B,-,1.08%,4.42%,1.73%,0.79,0.79,1.54,2.05,11.81%,3.28%,0.96%,Aug 04/a,45.84,0.90%,"1,755,930"
GGXPC,-,0.31%,-,-,-,-,-,-,-,-,-,-,-,30.17,1.51%,"43,482"
GGXPD,-,0.35%,-,-,-,-,-,-,-,-,-,-,-,25.65,1.26%,"4,403"
GGXPE,-,1.90%,-,-,-,-,-,-,-,-,-,-,-,37.97,0.22%,"2,030"
GGXPS,-,1.28%,-,-,-,-,-,-,-,-,-,-,-,26.24,0.57%,"21,411"
GGXPT,-,0.21%,-,-,-,-,-,-,-,-,-,-,-,33.93,1.22%,"28,029"
GGXRP,-,-,-,-,-,-,-,-,-,-,-,-,-,26.37,0.92%,"20,677"
GGXUS,-,2.23%,-,-,-,-,-,-,-,-,-,-,-,64.62,1.01%,"1,742"
GGYGY,15.11M,-,-,-,-,0.88,0.13,-,-,-,-,-,-,1.05,-3.23%,"228,168"
GGYLD,-,7.16%,-,-,-,-,-,-,-,-,-,-,-,14.30,0.46%,818
GGYRE,713.61M,-,-9.89%,-15.66%,-13.15%,4.26,3.66,0.02,0.03,94.30%,-11.41%,-15.47%,Aug 07/b,6.73,-0.15%,"69,803"
GGYRO,11.05M,-,-,-,-,-,-,-,-,-,-,-,-,5.06,-0.98%,79
HH,15.39B,0.39%,0.53%,2.30%,1.10%,0.62,0.62,1.18,1.36,15.76%,7.47%,1.09%,Jul 30/b,163.07,1.04%,"761,143"
HHACK,-,0.05%,-,-,-,-,-,-,-,-,-,-,-,109.90,-0.54%,"260,965"
HHACQ,376.93M,-,-,-,-0.41%,0.70,0.70,0.00,0.00,-,-,-,-,10.08,0.00%,171
HHAE,4.67B,0.97%,3.99%,11.20%,4.80%,3.08,1.91,1.40,1.40,55.91%,18.37%,7.12%,Aug 06/b,102.69,1.61%,"458,330"
HHAFC,942.85M,3.52%,1.12%,11.26%,9.09%,0.13,-,0.20,0.21,-,27.51%,19.67%,Jul 21/a,31.80,-0.28%,"200,175"
HHAFN,4.69B,14.57%,17.26%,26.61%,19.94%,1.66,1.49,0.25,0.33,23.46%,20.21%,24.70%,Aug 28/b,9.38,0.21%,"2,533,703"
HHAIL,-,1.80%,-,-,-,-,-,-,-,-,-,-,-,35.21,0.74%,"4,164"
HHAIN,55.90M,-,-34.30%,-113.04%,-196.67%,0.52,0.33,0.22,2.78,19.26%,2.19%,-35.47%,Sep 14/b,0.62,-3.14%,"1,030,004"
HHAKY,-,9.32%,-,-,-,-,-,-,-,-,-,-,-,29.39,-0.67%,"6,757"
HHAL,29.86B,1.91%,6.26%,14.89%,8.51%,2.02,1.50,0.71,0.74,15.08%,13.14%,7.16%,Jul 21/b,35.84,-0.64%,"9,917,642"
HHALO,12.17B,-,17.86%,173.67%,19.87%,2.71,2.31,13.50,14.96,76.40%,56.77%,24.86%,Aug 06/a,107.20,0.19%,"861,581"
HHALX,-,-,-,-,-,-,-,-,-,-,-,-,-,25.50,0.08%,"5,853"
HHAO,1.75M,-,-12.97%,-15.98%,-17.09%,3.45,3.45,0.02,0.10,4.79%,-17.69%,-6.50%,-,2.86,-0.52%,"41,319"
HHAP,-,1.76%,-,-,-,-,-,-,-,-,-,-,-,77.47,0.31%,"68,739"
HHAPI,-,0.77%,-,-,-,-,-,-,-,-,-,-,-,46.05,1.20%,262
HHAPN,1.94B,-,1.68%,13.15%,12.08%,9.70,9.70,0.03,0.03,75.43%,14.89%,11.63%,Jul 27/a,16.80,0.60%,"1,834,210"
HHAPS,-,0.48%,-,-,-,-,-,-,-,-,-,-,-,37.42,0.53%,13
HHARD,-,3.27%,-,-,-,-,-,-,-,-,-,-,-,35.86,-2.28%,"15,365"
HHAS,12.91B,3.05%,14.17%,167.83%,19.58%,1.66,1.46,4.75,5.50,62.69%,28.13%,15.97%,Jul 21/b,91.54,1.53%,"1,071,419"
HHASI,4.80B,4.58%,1.01%,3.31%,1.00%,8.65,8.65,2.29,2.29,100.00%,69.40%,18.09%,Aug 06/a,37.37,-0.64%,"668,950"
HHAUG,-,-,-,-,-,-,-,-,-,-,-,-,-,25.27,0.17%,6
HHAUS,-,3.34%,-,-,-,-,-,-,-,-,-,-,-,17.74,0.21%,"1,070"
HHAUZ,-,3.69%,-,-,-,-,-,-,-,-,-,-,-,22.10,0.41%,"79,709"
HHAVA,211.28M,-,-,-,2.18%,1.36,1.36,0.00,0.00,-,-,-,-,10.23,0.00%,9
HHAWG,-,-,-,-,-,-,-,-,-,-,-,-,-,30.12,0.66%,"3,329"
HHAWK,1.60B,-,0.69%,-,-2.67%,9.80,9.72,0.02,0.02,57.15%,-8.36%,-6.70%,Aug 13/a,16.30,-0.73%,"1,025,165"
HHAWX,-,2.47%,-,-,-,-,-,-,-,-,-,-,-,45.68,0.96%,"8,199"
HHAYW,2.78B,-,5.25%,10.41%,6.22%,3.33,2.49,0.62,0.63,44.10%,21.29%,13.83%,Jul 29/b,13.11,1.79%,"3,021,054"
HHBAN,34.06B,3.76%,0.98%,8.96%,4.67%,0.10,-,0.57,0.67,-,20.51%,15.73%,Jul 23/b,16.86,0.78%,"19,013,073"
HHBB,403.27M,1.63%,14.82%,30.18%,19.10%,3.13,2.04,0.39,0.41,33.06%,12.53%,9.41%,Aug 05/a,30.00,-0.27%,"94,485"
HHBCP,544.81M,1.83%,1.32%,10.84%,9.20%,0.10,-,0.12,0.12,-,28.09%,22.32%,Jul 20/a,69.22,-0.36%,"39,425"
HHBDC,-,4.44%,-,-,-,-,-,-,-,-,-,-,-,24.62,0.23%,"3,372"
HHBIL,-,0.08%,-,-,-,-,-,-,-,-,-,-,-,20.05,0.05%,8
HHBIO,36.56M,-,-13.32%,-89.95%,-20.81%,1.87,0.98,5.74,5.96,54.35%,0.65%,-11.86%,Aug 11/b,8.03,-1.47%,"8,346"
HHBIT,-,-,-,-,-,-,-,-,-,-,-,-,-,24.83,0.42%,"9,868"
HHBM,11.78B,0.07%,9.91%,17.71%,11.93%,2.24,1.93,0.18,0.19,36.31%,31.65%,27.26%,Jul 29/b,26.52,-0.49%,"3,127,198"
HHBMX,-,-,-,-,-,-,-,-,-,-,-,-,-,23.52,1.36%,"52,547"
HHBNB,1.17B,-,-12.82%,-28.96%,-59.26%,0.96,0.96,0.04,0.06,41.18%,9.77%,-66.52%,-,4.99,-0.30%,628
HHBNC,1.02B,3.24%,-2.02%,-18.98%,-13.03%,0.23,-,0.52,0.52,-,-183.69%,-138.81%,Jul 22/a,19.78,0.10%,"418,760"
HHBR,-,-,-,-,-,-,-,-,-,-,-,-,-,10.14,-0.80%,"39,033"
HHBT,1.33B,2.62%,1.32%,11.56%,8.51%,0.05,-,0.20,0.20,-,31.94%,23.46%,Jul 27/b,36.51,0.61%,"81,529"
HHBTA,-,0.02%,-,-,-,-,-,-,-,-,-,-,-,32.14,1.37%,"30,504"
HHBTC,-,0.32%,-,-,-,-,-,-,-,-,-,-,-,20.70,0.19%,13
HHCA,92.43B,0.66%,11.14%,-,17.70%,0.99,0.90,-,-,15.48%,15.48%,8.77%,Jul 24/b,426.94,1.36%,"1,321,397"
HHCAC,294.89M,-,-,-,-,1.23,1.23,0.00,0.00,-,-,-,-,10.10,0.00%,"41,426"
HHCAI,18.29M,-,0.19%,0.58%,0.44%,2.72,2.51,0.12,0.47,23.30%,4.80%,0.60%,-,2.24,-13.51%,"533,714"
HHCAT,127.94M,-,-54.33%,-118.12%,-99.75%,2.68,2.68,1.63,1.69,34.54%,-11.25%,-90.61%,Aug 06/a,1.70,-1.73%,"264,259"
HHCC,5.16B,0.33%,7.91%,10.04%,8.71%,3.93,2.79,0.10,0.12,17.97%,13.61%,13.05%,Aug 05/a,97.77,-3.82%,"665,947"
HHCI,2.31B,0.86%,14.41%,33.76%,27.05%,2.27,-,0.06,0.06,-,51.04%,31.28%,Aug 06/a,185.73,-0.46%,"167,232"
HHCIC,355.31M,-,-,-,-,4.30,4.30,0.00,0.00,-,-,-,-,10.02,0.00%,9
HHCKT,273.16M,4.37%,8.23%,17.90%,11.23%,1.94,1.94,1.20,1.22,39.28%,12.80%,5.86%,Aug 04/a,10.98,0.37%,"197,210"
HHCM,2.24B,-,1.02%,1.44%,1.34%,5.64,5.50,0.06,0.07,41.55%,-6.34%,3.26%,Jul 30/a,12.82,-2.29%,"82,747"
HHCMA,347.62M,-,4.21%,4.47%,2.23%,0.51,0.51,0.00,0.00,-,-,-,-,10.32,0.00%,18
HHCMT,-,0.57%,-,-,-,-,-,-,-,-,-,-,-,41.14,1.86%,"25,182"
HHCOW,-,11.47%,-,-,-,-,-,-,-,-,-,-,-,24.95,0.53%,"5,025"
HHCRB,-,4.32%,-,-,-,-,-,-,-,-,-,-,-,34.00,-0.28%,"36,010"
HHCSG,1.51B,-,15.15%,24.69%,23.19%,3.02,2.94,0.02,0.03,18.07%,6.47%,6.59%,Jul 22/b,21.98,0.64%,"548,824"
HHCTI,11.17M,-,-38.60%,-57.32%,-32.36%,0.60,0.60,0.07,0.26,13.61%,-57.36%,-66.30%,Aug 13/b,0.75,0.30%,"52,521"
HHCWB,5.01M,-,-79.52%,-600.31%,-298.06%,0.06,0.06,0.00,0.88,86.99%,-90.06%,-329.38%,Aug 14/b,2.24,-7.82%,"94,710"
HHCWC,9.16M,-,-,-,-,0.42,0.13,3.03,4.31,-,-,-,-,9.88,2.38%,"97,081"
HHD,308.03B,2.99%,13.59%,104.30%,20.70%,1.08,0.31,3.14,3.77,31.22%,12.43%,8.41%,Aug 18/b,308.74,1.00%,"3,490,077"
HHDB,119.92B,1.85%,1.67%,13.70%,7.05%,0.32,-,0.93,0.93,-,21.91%,15.96%,Jul 18/a,23.34,6.87%,"27,228,795"
HHDEF,-,3.73%,-,-,-,-,-,-,-,-,-,-,-,33.59,0.30%,"226,669"
HHDG,-,2.36%,-,-,-,-,-,-,-,-,-,-,-,54.66,0.28%,751
HHDGE,-,3.89%,-,-,-,-,-,-,-,-,-,-,-,14.54,-1.02%,"134,473"
HHDL,734.91M,-,1.41%,2.67%,1.75%,2.50,2.14,0.48,0.59,23.39%,6.04%,1.16%,Aug 26/a,12.49,3.65%,103
HHDLB,-,11.08%,-,-,-,-,-,-,-,-,-,-,-,16.93,1.06%,82
HHDMV,-,4.07%,-,-,-,-,-,-,-,-,-,-,-,38.18,0.43%,"1,539"
HHDRN,124.05M,-,15.64%,15.96%,94.07%,13.26,13.26,0.00,0.00,-,-,-,Aug 12/a,1.74,-7.71%,"38,330"
HHDSN,227.49M,-,2.82%,3.62%,3.67%,3.23,1.33,0.01,0.02,21.95%,6.09%,3.51%,Aug 05/a,5.41,1.03%,"449,094"
HHDUS,-,1.28%,-,-,-,-,-,-,-,-,-,-,-,73.48,0.77%,"8,313"
HHDV,-,3.39%,-,-,-,-,-,-,-,-,-,-,-,29.12,0.34%,"1,986,677"
HHE,1.79B,-,2.71%,13.58%,4.96%,0.99,0.99,1.59,1.59,11.48%,11.48%,6.82%,Aug 07/a,10.38,-0.86%,"2,572,744"
HHEAL,-,0.25%,-,-,-,-,-,-,-,-,-,-,-,28.39,0.34%,"2,755"
HHECA,-,1.11%,-,-,-,-,-,-,-,-,-,-,-,27.74,0.60%,"18,695"
HHECO,-,-,-,-,-,-,-,-,-,-,-,-,-,64.72,2.36%,122
HHEDG,-,1.13%,-,-,-,-,-,-,-,-,-,-,-,30.80,0.42%,"8,258"
HHEDJ,-,1.80%,-,-,-,-,-,-,-,-,-,-,-,56.28,0.83%,"18,182"
HHEEM,-,1.71%,-,-,-,-,-,-,-,-,-,-,-,42.43,1.06%,"11,076"
HHEFA,-,3.09%,-,-,-,-,-,-,-,-,-,-,-,46.55,0.91%,"473,293"
HHEFT,-,0.02%,-,-,-,-,-,-,-,-,-,-,-,26.50,-0.05%,"18,873"
HHEGD,-,0.33%,-,-,-,-,-,-,-,-,-,-,-,26.89,0.52%,"64,665"
HHEI,37.34B,0.08%,9.18%,18.65%,11.33%,2.72,1.27,0.51,0.51,43.05%,23.77%,16.38%,Aug 25/a,316.00,1.12%,"327,144"
HHEI-A,37.34B,0.10%,9.18%,18.65%,11.33%,2.72,1.27,0.51,0.51,43.05%,23.77%,16.38%,Aug 25/a,235.25,1.25%,"245,715"
HHELE,624.46M,-,-17.43%,-39.83%,-25.95%,1.78,0.81,0.88,0.91,45.64%,6.11%,-22.62%,Jul 08/b,26.81,1.17%,"290,996"
HHELO,-,0.62%,-,-,-,-,-,-,-,-,-,-,-,69.24,0.44%,"189,738"
HHELP,947.59M,-,-72.78%,-86.94%,-70.72%,10.97,10.97,0.00,0.00,-,-,-,Aug 14/b,12.97,1.01%,"1,150,125"
HHELS,-,0.02%,-,-,-,-,-,-,-,-,-,-,-,23.49,0.55%,"12,907"
HHELX,-,0.35%,-,-,-,-,-,-,-,-,-,-,-,40.99,-0.11%,372
HHEMI,-,5.79%,-,-,-,-,-,-,-,-,-,-,-,41.38,0.79%,20
HHEPS,935.94M,-,-23.52%,-575.14%,-2833.56%,0.77,0.49,-,-,21.86%,-2.69%,-7.78%,Aug 06/a,2.62,-0.76%,"145,725"
HHEQ,134.91M,8.84%,-,-,-,-,-,-,-,-,-,-,-,11.31,-2.75%,"23,492"
HHEQQ,-,0.21%,-,-,-,-,-,-,-,-,-,-,-,61.30,0.45%,"1,769"
HHEQT,-,1.16%,-,-,-,-,-,-,-,-,-,-,-,34.33,0.72%,"127,742"
HHERD,-,3.38%,-,-,-,-,-,-,-,-,-,-,-,50.94,0.68%,"1,738"
HHERE,71.37M,-,1.37%,2.77%,6.46%,4.82,4.19,0.03,0.05,57.87%,0.82%,5.05%,Jun 05/b,1.89,0.53%,"15,132"
HHERO,-,1.69%,-,-,-,-,-,-,-,-,-,-,-,27.26,2.38%,"1,808"
HHERZ,32.25M,47.86%,-0.66%,-0.66%,-0.71%,10.48,10.48,0.00,0.00,84.91%,-5.60%,-5.60%,-,16.12,-0.52%,"14,261"
HHESM,8.24B,7.97%,8.64%,65.24%,9.02%,0.77,0.77,7.08,7.15,63.69%,62.06%,23.23%,Aug 03/b,39.97,-0.57%,"1,076,756"
HHEWJ,-,3.62%,-,-,-,-,-,-,-,-,-,-,-,64.26,1.81%,"244,133"
HHEZU,-,2.58%,-,-,-,-,-,-,-,-,-,-,-,48.79,0.81%,"471,284"
HHF,-,0.87%,-,-,-,-,-,-,-,-,-,-,-,22.69,-0.10%,133
HHFBL,76.06M,2.22%,0.98%,10.84%,9.91%,0.06,-,0.06,0.06,-,22.26%,17.66%,Apr 30/a,25.00,-3.77%,"1,051"
HHFEQ,-,4.48%,-,-,-,-,-,-,-,-,-,-,-,23.70,0.79%,"5,046"
HHFFG,89.48M,-,-6.02%,-15.50%,-9.92%,1.11,0.48,0.69,1.16,14.21%,0.55%,-2.77%,Aug 10/a,1.66,-1.78%,"18,810"
HHFGM,-,5.48%,-,-,-,-,-,-,-,-,-,-,-,31.95,-0.27%,"75,744"
HHFGO,-,-,-,-,-,-,-,-,-,-,-,-,-,29.55,0.99%,"9,973"
HHFMF,-,1.65%,-,-,-,-,-,-,-,-,-,-,-,22.03,-1.22%,"28,991"
HHFND,-,3.78%,-,-,-,-,-,-,-,-,-,-,-,24.29,0.09%,"2,714"
HHFRO,408.06M,6.17%,-,-,-,-,-,-,-,-,-,-,-,7.39,-0.54%,"88,013"
HHFSI,-,5.64%,-,-,-,-,-,-,-,-,-,-,-,34.38,-0.16%,"275,307"
HHFSP,-,-,-,-,-,-,-,-,-,-,-,-,-,13.30,-0.04%,16
HHFWA,1.16B,3.41%,1.01%,7.80%,6.88%,0.04,-,0.02,0.17,-,23.91%,20.45%,Jul 23/b,28.41,0.00%,"524,137"
HHFXI,-,3.29%,-,-,-,-,-,-,-,-,-,-,-,37.86,1.12%,"191,328"
HHG,3.44B,5.74%,7.21%,21.65%,19.52%,0.67,-,0.05,0.05,-,29.02%,19.70%,Aug 06/a,34.85,-0.14%,"295,770"
HHGBL,48.84M,-,-18.08%,-24.29%,-25.27%,1.69,1.29,0.09,0.10,63.48%,-0.32%,-29.63%,Aug 13/a,1.41,0.71%,"99,801"
HHGER,-,4.87%,-,-,-,-,-,-,-,-,-,-,-,36.14,-0.88%,"1,393,960"
HHGLB,172.45M,14.12%,-,-,-,-,-,-,-,-,-,-,-,7.31,0.69%,"23,714"
HHGRO,-,0.08%,-,-,-,-,-,-,-,-,-,-,-,29.68,0.25%,"35,730"
HHGTY,4.66B,-,1.23%,9.17%,4.56%,1.88,-,0.86,0.87,-,4.14%,1.14%,Aug 05/b,13.55,0.44%,"572,301"
HHGV,3.07B,-,1.26%,11.66%,1.69%,5.02,3.20,7.12,7.12,56.46%,12.17%,2.86%,Jul 30/b,39.47,0.69%,"923,018"
HHHH,3.68B,-,2.23%,6.79%,2.87%,-,-,1.06,1.10,25.96%,14.98%,12.51%,Aug 05/a,61.55,-0.13%,"402,933"
HHHS,31.31M,-,-6.24%,-30.41%,-17.65%,1.30,1.30,1.11,1.57,13.92%,-2.41%,-3.70%,-,4.20,-1.87%,"83,520"
HHIAI,-,-,-,-,-,-,-,-,-,-,-,-,-,24.91,-0.16%,"1,008"
HHIBL,-,0.07%,-,-,-,-,-,-,-,-,-,-,-,105.82,6.53%,"55,412"
HHIBS,-,9.45%,-,-,-,-,-,-,-,-,-,-,-,18.61,-6.76%,"213,478"
HHIDE,-,2.90%,-,-,-,-,-,-,-,-,-,-,-,24.83,-0.09%,"23,085"
HHIDV,-,2.25%,-,-,-,-,-,-,-,-,-,-,-,91.71,0.71%,"8,163"
HHIFS,681.31M,0.81%,1.46%,13.91%,3.46%,0.15,-,2.77,2.77,-,35.78%,27.02%,Jul 17/a,312.49,1.33%,"29,773"
HHIG,36.94B,1.79%,5.14%,21.79%,18.18%,0.32,-,0.22,0.22,-,17.96%,14.95%,Jul 23/a,136.36,-0.32%,"1,175,871"
HHIGH,-,6.10%,-,-,-,-,-,-,-,-,-,-,-,21.38,0.11%,"10,444"
HHIHO,4.16M,5.55%,-15.07%,-26.02%,-21.43%,2.42,1.84,0.38,0.59,31.84%,-37.76%,-28.08%,-,0.90,-1.09%,"11,963"
HHII,11.02B,2.00%,5.33%,12.97%,8.02%,1.23,1.14,0.55,0.55,12.40%,4.89%,5.01%,Jul 30/b,279.69,-0.70%,"445,859"
HHIMC,-,-,-,-,-,-,-,-,-,-,-,-,-,13.29,-1.35%,214
HHIMS,6.42B,-,-5.16%,-32.03%,-7.64%,0.93,0.87,4.74,4.77,54.19%,-0.03%,-5.51%,Aug 10/a,27.51,0.26%,"7,091,487"
HHIMU,-,5.38%,-,-,-,-,-,-,-,-,-,-,-,46.97,0.56%,"787,659"
HHIMX,2.51B,2.51%,2.02%,4.00%,3.84%,1.55,1.36,0.02,0.66,31.08%,4.96%,4.27%,Aug 06/b,14.73,6.89%,"1,410,511"
HHIMZ,-,8.19%,-,-,-,-,-,-,-,-,-,-,-,24.18,0.29%,"177,504"
HHIND,14.46M,-,-124.23%,-190.41%,-186.95%,4.37,4.37,0.00,0.00,44.49%,-3250.25%,-8716.77%,Aug 25/b,2.06,-1.90%,"17,529"
HHIO,327.14M,12.56%,-,-,-,-,-,-,-,-,-,-,-,3.44,0.29%,"168,424"
HHIPO,844.46M,-,9.60%,30.40%,23.49%,1.47,-,0.11,0.11,-,6.64%,23.92%,Jul 30/b,32.00,-0.19%,"92,885"
HHIPS,-,11.19%,-,-,-,-,-,-,-,-,-,-,-,11.58,0.43%,"30,082"
HHIS,-,-,-,-,-,-,-,-,-,-,-,-,-,26.00,0.57%,"386,339"
HHISF,-,5.19%,-,-,-,-,-,-,-,-,-,-,-,43.31,-0.10%,"3,661"
HHIT,59.24M,-,-14.79%,-21.96%,-20.18%,2.17,2.17,0.00,0.01,53.93%,-17.22%,-12.03%,Aug 13/a,0.91,-2.70%,"122,541"
HHITI,222.31M,-,-14.98%,-38.11%,-24.02%,1.46,0.66,1.03,1.23,9.90%,3.54%,-6.52%,Sep 14/a,2.53,-1.17%,"593,212"
HHIVE,831.07M,-,-42.02%,-66.39%,-41.76%,1.96,1.96,0.85,0.89,-25.91%,-43.99%,-98.51%,Aug 14/a,3.03,1.34%,"9,474,257"
HHIW,3.41B,6.47%,2.69%,7.08%,2.85%,-,-,1.48,1.48,30.44%,25.59%,19.78%,Jul 28/a,30.93,1.61%,"1,376,478"
HHIX,342.26M,15.47%,-,-,-,-,-,-,-,-,-,-,-,3.80,-0.52%,"352,248"
HHIYY,-,149.42%,-,-,-,-,-,-,-,-,-,-,-,11.24,0.36%,"47,841"
HHJLY,-,-,-,-,-,-,-,-,-,-,-,-,-,25.35,0.19%,6
HHJUN,-,-,-,-,-,-,-,-,-,-,-,-,-,25.27,0.20%,6
HHKD,332.96M,-,7.50%,38.49%,12.36%,1.92,1.92,0.67,0.98,-,22.32%,109.25%,-,1.69,-0.59%,"51,352"
HHKIT,21.94M,-,0.43%,0.51%,0.50%,8.23,8.16,0.00,0.07,6.06%,-27.41%,2.76%,Apr 24/b,2.44,-3.56%,"30,592"
HHKPD,-,-,-,-,-,-,-,-,-,-,-,-,-,0.12,3.65%,"1,753,105"
HHL,13.29B,0.09%,15.94%,20.76%,19.53%,5.20,4.55,0.01,0.01,51.08%,47.20%,32.83%,Aug 04/a,19.78,-1.20%,"23,113,878"
HHLAL,-,0.44%,-,-,-,-,-,-,-,-,-,-,-,73.05,0.92%,"26,876"
HHLF,1.26B,-,5.87%,-,9.77%,1.20,0.68,-,-,75.28%,8.95%,3.16%,Aug 05/a,12.02,-2.12%,"1,222,245"
HHLI,9.55B,2.02%,11.23%,18.33%,14.78%,1.63,1.63,0.22,0.22,-,20.42%,16.10%,Jul 29/a,136.61,0.47%,"933,040"
HHLIO,2.33B,0.67%,4.61%,7.68%,5.51%,2.74,1.53,0.37,0.37,30.12%,12.95%,8.01%,Aug 10/a,70.66,3.82%,"280,073"
HHLIT,1.31B,-,4.18%,7.34%,-9.79%,3.05,2.56,0.34,0.36,49.66%,11.94%,-9.51%,Aug 12/a,12.00,3.09%,"1,027,953"
HHLLY,323.18M,-,0.89%,2.33%,1.03%,3.06,1.39,1.23,1.27,40.79%,14.35%,1.68%,Aug 05/b,2.69,2.67%,"2,800,852"
HHLMN,1.36B,-,1.74%,3.39%,2.07%,2.71,0.87,0.62,0.65,38.92%,6.55%,2.57%,Aug 03/a,6.98,0.00%,"2,556,986"
HHLN,40.41B,2.38%,5.02%,9.99%,7.24%,0.69,0.52,0.38,0.50,65.46%,23.31%,14.55%,Jul 30/b,9.19,-0.33%,"10,035,812"
HHLNE,5.30B,2.50%,12.71%,32.49%,21.16%,4.24,4.24,0.39,0.39,-,54.62%,32.14%,Aug 04/b,95.98,0.20%,"558,053"
HHLP,90.43M,-,2.83%,3.49%,3.36%,1.12,0.89,0.00,0.20,32.54%,12.41%,9.91%,-,1.21,0.83%,"18,406"
HHLSQ,3.47M,-,-136.51%,-299.52%,-397.51%,0.24,0.24,0.02,0.30,-691.87%,-6759.34%,-13704.82%,Apr 01,1.27,-31.35%,"2,895,762"
HHLT,68.91B,0.20%,9.65%,-,22.32%,0.65,0.65,-,-,27.79%,23.35%,12.69%,Jul 28/b,306.19,-0.02%,"1,637,160"
HHLTH,-,-,-,-,-,-,-,-,-,-,-,-,-,27.64,0.56%,"3,061"
HHLXC,237.70M,-,-,-,-,12.30,12.30,0.00,0.00,-,-,-,-,10.98,1.67%,144
HHMAY,-,-,-,-,-,-,-,-,-,-,-,-,-,25.37,0.13%,6
HHMC,42.20B,4.14%,-0.51%,-1.35%,-0.82%,1.29,1.04,0.70,1.14,17.27%,-0.53%,-0.73%,Aug 05/a,32.52,2.85%,"650,635"
HHMH,888.79M,-,2.81%,8.84%,8.68%,2.97,1.82,1.13,1.17,33.24%,11.91%,5.09%,Aug 05/a,20.23,0.10%,"113,039"
HHMN,1.98B,2.91%,1.39%,12.38%,8.45%,-,-,0.40,0.40,-,14.57%,10.15%,Aug 05/a,48.77,-1.53%,"305,128"
HHMOP,-,3.62%,-,-,-,-,-,-,-,-,-,-,-,37.80,0.12%,"639,297"
HHMR,84.36M,-,-15.67%,-59.73%,-213.43%,0.82,0.82,0.00,0.00,95.04%,-8.84%,-63.43%,Sep 01/b,1.43,15.32%,"257,663"
HHMY,12.90B,5.03%,29.14%,48.12%,38.31%,0.84,0.64,0.00,0.13,46.85%,44.65%,27.13%,Aug 27/b,20.64,2.23%,"2,797,172"
HHMYY,-,162.61%,-,-,-,-,-,-,-,-,-,-,-,5.32,-1.45%,"3,437"
HHNDL,-,7.07%,-,-,-,-,-,-,-,-,-,-,-,22.25,0.40%,"67,760"
HHNGE,7.15B,-,13.98%,29.63%,30.74%,1.25,1.16,0.00,0.02,84.49%,13.50%,14.77%,Aug 04/a,88.59,0.37%,"1,726,679"
HHNI,3.38B,3.18%,0.13%,0.33%,0.13%,1.36,0.88,0.86,0.91,39.51%,5.59%,0.10%,Jul 30/b,46.87,1.23%,"476,515"
HHNNA,81.42M,5.71%,5.88%,8.36%,8.16%,9.39,9.39,0.00,0.00,83.86%,33.42%,24.78%,May 06/a,10.30,1.28%,"5,156"
HHNRG,723.18M,-,-0.21%,-0.58%,-0.40%,0.72,0.24,0.21,0.25,7.63%,1.72%,-0.20%,Aug 10/a,15.34,-1.67%,"490,893"
HHNST,580.41M,-,-5.19%,-6.87%,-7.19%,3.94,2.97,0.01,0.06,36.27%,-2.36%,-3.56%,Aug 05/a,5.41,1.88%,"1,908,357"
HHNVR,188.94M,1.49%,0.40%,4.60%,3.04%,0.61,-,0.50,0.50,-,9.36%,6.55%,Jul 23/a,26.78,-2.69%,"53,652"
HHODL,-,-,-,-,-,-,-,-,-,-,-,-,-,21.86,0.28%,"1,082,713"
HHODO,16.22M,-,-59.98%,-212.72%,-126.31%,0.18,0.18,0.00,0.67,0.00%,-30006.88%,-28248.55%,-,0.19,2.96%,"426,749"
HHODU,-,1.44%,-,-,-,-,-,-,-,-,-,-,-,13.64,-1.39%,"191,264"
HHOFT,137.82M,4.48%,-3.78%,-5.25%,-9.60%,3.03,1.63,0.11,0.14,28.33%,1.02%,-6.66%,Sep 11/b,12.83,2.11%,"152,486"
HHOG,2.90B,2.65%,2.10%,6.32%,4.72%,1.90,1.70,0.39,0.74,26.29%,6.24%,4.78%,Jul 23/b,27.87,3.38%,"1,489,520"
HHOLA,-,2.80%,-,-,-,-,-,-,-,-,-,-,-,56.45,0.95%,"8,265"
HHOLD,-,5.34%,-,-,-,-,-,-,-,-,-,-,-,32.78,0.70%,80
HHOLO,36.43M,-,-14.62%,-15.08%,-15.76%,34.60,34.60,0.00,0.02,16.91%,2.56%,-88.44%,Mar 27/a,1.59,-0.62%,"144,102"
HHOMB,6.00B,2.87%,2.01%,11.11%,9.12%,0.26,-,0.16,0.20,-,42.44%,32.14%,Jul 15/a,29.97,0.67%,"1,126,668"
HHOMZ,-,2.82%,-,-,-,-,-,-,-,-,-,-,-,43.16,0.86%,"1,085"
HHON,64.14B,2.25%,11.09%,49.90%,18.93%,1.21,0.93,1.46,1.89,37.84%,19.17%,22.09%,Jul 23/b,202.36,0.09%,"2,746,572"
HHONA,50.16B,-,-,-,-,1.53,0.83,-,-,-,-,-,Aug 05/a,158.26,2.93%,"2,518,402"
HHONG,-,-,-,-,-,-,-,-,-,-,-,-,-,11.54,-0.02%,"1,650"
HHOOC,-,-,-,-,-,-,-,-,-,-,-,-,-,21.18,-1.38%,51
HHOOD,101.21B,-,4.50%,23.56%,17.45%,1.22,1.22,0.25,2.92,94.99%,44.22%,41.43%,Jul 29/a,112.57,-0.67%,"19,731,093"
HHOOG,-,20.26%,-,-,-,-,-,-,-,-,-,-,-,33.00,-1.35%,"351,764"
HHOOW,-,96.21%,-,-,-,-,-,-,-,-,-,-,-,28.16,-0.91%,"325,285"
HHOOX,-,23.51%,-,-,-,-,-,-,-,-,-,-,-,37.25,-1.52%,"41,533"
HHOOY,-,113.20%,-,-,-,-,-,-,-,-,-,-,-,27.64,-0.61%,"174,841"
HHOPE,1.78B,4.02%,0.68%,5.66%,4.37%,0.05,-,0.27,0.28,-,16.82%,12.56%,Jul 27/b,13.94,-0.07%,"722,691"
HHOS,1.68B,-,1.23%,2.04%,1.11%,3.39,3.39,0.34,0.39,13.94%,7.67%,1.80%,Aug 06/b,8.88,-1.33%,"1,572,068"
HHOUR,64.77M,-,7.12%,21.79%,19.59%,1.49,0.26,0.00,0.88,51.44%,1.53%,1.14%,Aug 11/a,1.84,-0.81%,"25,183"
HHOV,670.20M,-,0.64%,2.13%,0.98%,2.64,0.50,1.19,1.19,13.55%,2.98%,0.24%,Aug 20/b,115.92,2.32%,"75,717"
HHOVR,111.43M,-,-71.61%,-89.72%,-46.48%,22.76,22.76,0.00,0.00,-,-,-,Jul 17/b,1.66,2.47%,"237,212"
HHOWL,47.72M,-,-59.31%,-119.86%,-212.45%,2.91,2.91,0.00,0.00,82.61%,-121.78%,-164.82%,Jul 31/b,0.98,-0.66%,"549,202"
HHOYY,-,245.86%,-,-,-,-,-,-,-,-,-,-,-,5.02,-1.76%,"84,463"
HHP,4.40B,2.31%,-2.12%,-5.23%,-3.15%,1.96,1.55,0.72,0.72,10.49%,2.68%,-3.49%,Aug 05/a,44.04,-1.17%,"709,366"
HHPAI,11.05M,-,-2.01%,-5.21%,-4.74%,1.05,1.05,0.06,0.31,53.26%,-8.33%,-2.44%,-,0.29,-2.13%,"267,466"
HHPE,82.42B,0.92%,3.47%,10.96%,6.36%,1.11,0.72,0.65,0.76,33.81%,8.03%,6.39%,Sep 02/a,62.09,12.44%,"39,047,939"
HHPEL,-,-,-,-,-,-,-,-,-,-,-,-,-,21.72,24.76%,"353,554"
HHPF,320.22M,10.06%,-,-,-,-,-,-,-,-,-,-,-,14.79,-1.14%,"100,933"
HHPI,404.56M,9.85%,-,-,-,-,-,-,-,-,-,-,-,15.10,-1.05%,"70,682"
HHPK,1.07B,0.94%,-2.99%,-6.07%,-3.71%,0.87,0.85,0.69,0.77,19.44%,15.71%,-11.55%,Aug 10/a,8.47,-1.28%,"322,265"
HHPP,678.49M,0.61%,-7.21%,-17.83%,-10.08%,0.02,0.02,0.94,1.33,6.04%,-0.90%,-69.85%,Aug 05/b,12.23,2.95%,"721,132"
HHPQ,32.00B,3.38%,5.73%,-,28.68%,0.79,0.48,-,-,19.73%,6.93%,4.13%,Aug 26/a,35.48,8.40%,"26,527,622"
HHPS,421.41M,10.08%,-,-,-,-,-,-,-,-,-,-,-,13.10,-1.13%,"95,003"
HHQ,821.46M,-,-166.53%,-493.21%,-287.48%,33.84,33.84,0.00,0.01,-,-,-,Aug 04/b,15.22,-1.49%,"226,688"
HHQDG,-,-,-,-,-,-,-,-,-,-,-,-,-,24.53,1.06%,86
HHQGO,-,0.45%,-,-,-,-,-,-,-,-,-,-,-,66.50,0.89%,122
HHQH,1.24B,11.35%,-,-,-,-,-,-,-,-,-,-,-,21.76,0.05%,"122,928"
HHQI,223.09M,1.50%,8.97%,12.49%,11.85%,2.74,2.74,0.00,0.00,89.79%,31.99%,27.06%,Aug 10/a,16.05,1.33%,"5,874"
HHQL,600.86M,11.34%,-,-,-,-,-,-,-,-,-,-,-,19.76,-0.15%,"134,331"
HHQY,7.96B,-,7.07%,11.43%,8.01%,2.99,2.99,0.48,0.49,63.41%,26.12%,17.36%,Aug 27/b,96.26,1.81%,"652,361"
HHR,6.48B,5.08%,-0.93%,-1.98%,-1.04%,0.91,0.91,1.04,1.04,17.41%,11.54%,-7.80%,Jul 30/a,18.90,0.11%,"2,432,645"
HHRB,5.56B,4.11%,22.39%,707.45%,36.53%,1.13,1.13,15.95,17.89,44.33%,23.95%,18.43%,Aug 11/a,45.12,0.53%,"1,157,903"
HHRI,4.71B,2.04%,0.35%,2.58%,0.43%,1.10,1.10,5.01,5.06,25.89%,13.12%,1.01%,Jul 28/b,140.96,-0.76%,"639,799"
HHRL,11.32B,5.69%,2.56%,4.30%,3.36%,1.88,0.92,0.30,0.36,15.43%,7.37%,2.82%,Aug 27/b,20.57,-1.30%,"4,561,770"
HHRMY,2.42B,-,14.61%,20.46%,15.93%,3.48,3.45,0.14,0.22,72.94%,24.03%,18.88%,Aug 04/b,41.52,1.02%,"1,123,410"
HHROW,1.29B,-,-9.77%,-114.80%,-11.82%,2.24,2.08,19.72,19.79,73.28%,2.07%,-13.51%,Aug 10/a,34.48,-5.74%,"987,694"
HHRSK,-,-,-,-,-,-,-,-,-,-,-,-,-,25.37,0.51%,566
HHRTG,1.03B,-,13.37%,45.27%,32.84%,1.14,-,0.15,0.16,-,34.46%,25.19%,Aug 05/a,34.58,0.14%,"412,210"
HHRTS,-,1.31%,-,-,-,-,-,-,-,-,-,-,-,36.03,-0.39%,"1,108"
HHRTX,59.90M,-,-14.06%,-,-21.96%,2.49,1.51,21.44,21.47,70.07%,-6.99%,-22.52%,Aug 10/b,0.32,-2.11%,"1,371,704"
HHRZN,328.47M,19.29%,0.65%,1.45%,0.68%,1.69,1.69,0.78,0.96,65.02%,102.00%,11.52%,Aug 04/a,4.90,1.03%,"792,407"
HHSAI,2.25B,-,5.64%,7.31%,5.16%,5.37,4.86,0.03,0.09,40.64%,0.72%,14.76%,Aug 18/b,17.31,-0.52%,"1,044,148"
HHSBC,361.39B,3.95%,0.73%,14.03%,5.74%,1.63,-,1.43,3.29,-,15.27%,17.79%,Aug 04/b,105.30,1.54%,"956,015"
HHSBH,-,2.17%,-,-,-,-,-,-,-,-,-,-,-,115.09,1.44%,335
HHSCS,13.22M,-,-192.75%,-4239.90%,-2276.58%,0.50,0.37,0.78,17.13,-2982.15%,-194787.38%,-211666.47%,Jul 22,3.39,-3.42%,"100,697"
HHSCZ,-,3.10%,-,-,-,-,-,-,-,-,-,-,-,43.15,0.62%,"15,761"
HHSDT,134.22M,-,-171.00%,-179.01%,-92.68%,13.31,13.31,0.00,0.00,95.53%,-200.47%,-1302.78%,Aug 14/a,2.22,3.26%,"208,630"
HHSHP,852.85M,11.86%,6.10%,32.66%,6.44%,1.19,1.13,4.01,4.16,64.49%,60.91%,31.44%,Aug 11/b,18.09,0.78%,"636,865"
HHSIC,9.85B,-,3.62%,12.21%,7.03%,1.32,0.73,0.82,1.21,29.30%,5.98%,2.96%,Aug 04/b,88.36,1.21%,"713,850"
HHSLV,1.12B,-,0.92%,1.30%,0.69%,3.52,3.26,0.00,0.00,9.10%,-59.55%,4.95%,-,5.50,-3.68%,"622,333"
HHSMV,-,1.93%,-,-,-,-,-,-,-,-,-,-,-,37.86,0.11%,234
HHST,15.24B,7.06%,7.84%,15.77%,8.53%,3.13,3.13,0.88,0.88,16.37%,14.36%,16.51%,Aug 05/a,22.24,0.45%,"5,703,637"
HHSTM,851.18M,0.47%,4.15%,6.00%,5.73%,1.06,1.06,0.04,0.04,51.22%,8.04%,6.60%,Aug 03/a,29.11,0.80%,"150,164"
HHSY,34.82B,3.33%,10.78%,32.81%,15.66%,1.18,0.66,1.08,1.30,37.93%,17.71%,12.24%,Jul 30/b,173.32,-0.59%,"1,018,807"
HHTAB,-,3.95%,-,-,-,-,-,-,-,-,-,-,-,18.47,0.16%,"171,202"
HHTAX,-,4.76%,-,-,-,-,-,-,-,-,-,-,-,23.67,0.32%,521
HHTB,810.29M,1.20%,1.43%,10.89%,10.57%,0.09,-,0.01,0.31,-,27.86%,22.44%,Jul 23/b,48.54,-0.45%,"297,483"
HHTCO,22.48M,-,-33.67%,-93.68%,-213.34%,1.46,1.46,0.00,0.01,2.58%,-3.87%,-5.03%,-,2.48,-2.36%,"22,126"
HHTCR,3.02M,-,-41.39%,-95.19%,85.60%,1.10,1.10,0.03,0.10,31.28%,-56.19%,64.39%,Aug 13/b,1.99,-3.16%,"20,016"
HHTD,876.58M,7.66%,-,-,-,-,-,-,-,-,-,-,-,24.74,-0.68%,"36,649"
HHTEC,-,0.85%,-,-,-,-,-,-,-,-,-,-,-,40.73,0.78%,"40,944"
HHTFL,4.34B,-,-46.99%,-154.23%,-39.45%,4.87,4.87,0.07,0.10,80.08%,-34.31%,-55.82%,Aug 13/a,49.88,9.65%,"2,215,986"
HHTGC,3.26B,9.19%,8.46%,17.16%,9.62%,0.12,0.12,0.74,1.03,97.99%,82.66%,64.16%,Jul 30/a,17.41,0.12%,"860,559"
HHTH,2.22B,2.12%,1.03%,7.48%,6.83%,0.25,-,0.11,0.71,-,13.36%,10.12%,Jul 23/a,38.68,-0.57%,"233,104"
HHTHT,13.10B,4.88%,7.82%,38.20%,11.16%,1.21,1.20,2.11,2.43,40.86%,27.27%,18.93%,Aug 17/b,42.66,-0.81%,"1,809,366"
HHTLD,954.28M,0.65%,-1.78%,-2.85%,-2.44%,1.58,1.58,0.19,0.19,-0.21%,-6.67%,-2.98%,Jul 30/b,12.34,1.23%,"531,426"
HHTLM,161.44M,-,28.06%,114.64%,54.63%,1.25,1.14,0.17,0.36,28.12%,5.16%,4.22%,-,1.80,1.12%,"7,102"
HHTO,2.62B,2.82%,2.08%,6.46%,2.87%,1.67,1.67,1.02,1.03,45.51%,21.53%,12.91%,Jul 27/a,62.66,-0.59%,"428,890"
HHTOO,16.28M,-,-5.04%,-11.18%,-9.33%,0.53,0.51,0.02,0.14,27.92%,-64.92%,-11.05%,May 15/b,2.31,-4.93%,"43,644"
HHTRB,-,4.80%,-,-,-,-,-,-,-,-,-,-,-,32.73,-0.21%,"168,000"
HHTT,232.97M,-,5.36%,6.10%,5.89%,5.85,5.82,0.00,0.14,8.07%,-379.74%,1714.48%,-,2.50,-1.57%,"46,323"
HHTUS,-,1.19%,-,-,-,-,-,-,-,-,-,-,-,45.43,0.68%,"26,131"
HHTZ,727.16M,-,-1.19%,-567.03%,-1.62%,0.64,0.64,-,-,14.63%,3.73%,-3.13%,Aug 06/b,2.04,-0.49%,"10,860,380"
HHUBB,24.32B,1.26%,9.48%,24.34%,10.17%,1.61,0.93,1.26,1.42,35.34%,20.87%,14.47%,Jul 28/b,460.40,1.77%,"418,422"
HHUBC,15.22M,-,-,-,-,0.12,0.12,-,-,16.71%,-234.92%,-372.85%,-,0.34,-18.21%,"634,553"
HHUBG,2.20B,1.39%,3.66%,6.31%,5.10%,1.47,1.47,0.21,0.29,7.91%,3.81%,2.82%,Jul 30,36.04,1.04%,"1,409,734"
HHUBS,11.24B,-,4.09%,7.89%,7.91%,1.22,1.22,0.12,0.14,83.24%,3.89%,4.26%,Aug 05/a,225.33,0.80%,"827,434"
HHUDI,11.22M,-,-2.41%,-3.47%,-2.92%,2.61,1.47,0.18,0.42,9.64%,-6.71%,-4.55%,-,0.79,2.13%,"12,231"
HHUHU,103.25M,-,-80.88%,-246.80%,-180.17%,1.32,1.14,0.26,0.83,30.99%,-79.53%,-80.86%,-,4.05,-0.49%,"3,813"
HHUIZ,13.16M,-,1.99%,4.56%,3.90%,1.44,1.44,0.02,0.19,29.10%,0.08%,1.36%,Aug 20/b,1.53,-3.77%,"23,946"
HHULL,-,-,-,-,-,-,-,-,-,-,-,-,-,27.73,1.28%,33
HHUM,49.21B,0.90%,2.38%,6.83%,4.10%,1.74,-,0.62,0.74,-,1.86%,0.88%,Jul 29/b,409.80,2.26%,"684,065"
HHUMA,157.68M,-,-69.87%,-547.87%,-100.85%,6.21,5.74,2.07,2.12,-708.91%,-5240.78%,-4560.82%,Aug 12/b,0.57,0.09%,"2,264,995"
HHUMN,-,0.73%,-,-,-,-,-,-,-,-,-,-,-,29.56,0.89%,"40,494"
HHUN,1.67B,4.06%,-2.34%,-6.09%,-3.56%,1.33,0.78,0.77,0.93,13.50%,-0.10%,-2.88%,Jul 30/a,9.54,0.10%,"1,638,584"
HHURA,130.64M,-,-92.29%,-161.39%,-137.37%,0.18,0.18,0.20,0.22,-,-,-,Aug 14/b,2.05,0.99%,"113,969"
HHURC,141.12M,-,-2.48%,-3.32%,-3.32%,3.98,1.54,0.03,0.05,22.68%,-1.51%,-3.58%,Sep 04/b,21.79,-3.54%,"5,728"
HHURN,2.39B,-,7.39%,26.88%,9.48%,1.71,1.71,2.17,2.25,29.93%,11.62%,6.38%,Jul 28/a,149.93,0.33%,"144,409"
HHUSV,-,1.30%,-,-,-,-,-,-,-,-,-,-,-,40.16,0.56%,359
HHUT,12.15B,-,-9.99%,-44.23%,-6.75%,19.35,19.35,5.15,5.32,16.50%,-54.09%,-188.45%,Aug 04/b,98.60,8.83%,"5,684,511"
HHUTG,-,-,-,-,-,-,-,-,-,-,-,-,-,16.89,16.97%,"259,229"
HHUYA,159.08M,2.30%,-1.69%,-2.25%,-2.28%,2.29,2.29,0.00,0.00,14.22%,-2.19%,-1.58%,Aug 11/b,2.04,0.00%,"1,460,160"
HHVAC,-,0.18%,-,-,-,-,-,-,-,-,-,-,-,34.44,3.71%,"4,131"
HHVII,275.72M,-,1.33%,1.40%,1.39%,4.75,4.75,0.00,0.00,-,-,-,Jun 03,10.60,0.28%,"11,891"
HHVMC,302.78M,-,5.66%,5.91%,2.95%,1.98,1.98,0.00,0.00,-,-,-,-,10.25,0.00%,10
HHVT,431.27M,4.78%,3.52%,7.62%,4.66%,1.69,0.97,0.66,0.78,60.12%,3.34%,2.93%,Aug 04/b,27.60,1.06%,"82,916"
HHWBK,274.85M,2.06%,1.39%,14.95%,9.55%,0.10,-,0.45,0.46,-,27.09%,22.11%,-,39.83,-0.08%,"19,366"
HHWC,6.04B,2.65%,1.19%,9.67%,8.95%,0.11,-,0.07,0.42,-,27.36%,21.88%,Jul 21/a,75.25,1.14%,"970,329"
HHWGV,-,-,-,-,-,-,-,-,-,-,-,-,-,24.96,0.87%,8
HHWH,16.61M,-,-35.07%,-88.91%,-94.29%,1.82,1.81,0.03,0.08,63.16%,-787.50%,-680.01%,-,2.15,7.45%,"104,780"
HHWIV,-,-,-,-,-,-,-,-,-,-,-,-,-,26.30,0.38%,12
HHWKN,2.59B,0.64%,8.08%,15.61%,10.00%,2.27,1.54,0.47,0.47,22.30%,10.36%,7.29%,Jul 29/a,124.07,1.17%,"239,788"
HHWM,91.57B,0.22%,15.40%,34.73%,18.90%,1.82,0.87,0.73,0.81,32.71%,27.31%,20.51%,Aug 06/b,229.61,0.75%,"3,731,152"
HHWO,-,-,-,-,-,-,-,-,-,-,-,-,-,26.84,0.85%,13
HHWSM,-,1.16%,-,-,-,-,-,-,-,-,-,-,-,31.28,0.85%,10
HHXA,-,-,-,-,-,-,-,-,-,-,-,-,-,24.91,0.06%,105
HHXC,-,-,-,-,-,-,-,-,-,-,-,-,-,26.48,1.09%,6
HHXE,-,-,-,-,-,-,-,-,-,-,-,-,-,25.41,0.96%,"1,009"
HHXF,-,-,-,-,-,-,-,-,-,-,-,-,-,25.45,0.65%,162
HHXHX,6.48M,-,9.50%,17.08%,12.46%,2.37,2.37,0.12,0.42,25.09%,23.57%,12.03%,-,0.47,-0.44%,"9,222"
HHXL,7.01B,0.78%,5.51%,10.76%,6.80%,2.43,1.37,0.74,0.74,23.51%,10.54%,7.84%,Jul 29/a,92.74,3.25%,"850,758"
HHY,602.65M,4.31%,-5.84%,-25.01%,-18.01%,1.28,0.65,0.66,1.28,15.51%,-1.43%,-3.33%,Aug 04/a,33.61,-1.26%,"77,864"
HHYBB,-,6.00%,-,-,-,-,-,-,-,-,-,-,-,45.94,-0.05%,"13,771"
HHYBI,-,8.32%,-,-,-,-,-,-,-,-,-,-,-,48.26,-0.05%,"26,360"
HHYBL,-,7.04%,-,-,-,-,-,-,-,-,-,-,-,27.85,-0.14%,"86,026"
HHYBX,-,8.10%,-,-,-,-,-,-,-,-,-,-,-,29.39,0.03%,"15,049"
HHYD,-,4.51%,-,-,-,-,-,-,-,-,-,-,-,49.05,0.25%,"2,566,722"
HHYDB,-,7.02%,-,-,-,-,-,-,-,-,-,-,-,45.93,0.00%,"68,743"
HHYDR,-,2.94%,-,-,-,-,-,-,-,-,-,-,-,44.94,2.14%,"9,184"
HHYDW,-,5.55%,-,-,-,-,-,-,-,-,-,-,-,46.23,-0.09%,"5,573"
HHYEM,-,6.84%,-,-,-,-,-,-,-,-,-,-,-,19.85,0.00%,"54,464"
HHYFI,-,6.74%,-,-,-,-,-,-,-,-,-,-,-,36.62,-0.03%,"31,286"
HHYFM,4.72M,-,-115.49%,-535.51%,-,0.27,0.12,-,-,5.16%,-27.11%,-267.20%,Aug 14/a,0.98,1.05%,"34,285"
HHYFT,61.32M,-,-45.73%,-85.07%,-92.85%,2.80,2.72,0.26,0.30,58.78%,-96.11%,-89.68%,Sep 14/a,1.30,-1.14%,"74,725"
HHYG,-,6.03%,-,-,-,-,-,-,-,-,-,-,-,78.60,-0.03%,"38,955,330"
HHYGD,-,-,-,-,-,-,-,-,-,-,-,-,-,50.99,0.20%,6
HHYGH,-,6.49%,-,-,-,-,-,-,-,-,-,-,-,86.45,0.20%,"43,341"
HHYGM,-,3.40%,-,-,-,-,-,-,-,-,-,-,-,24.30,0.04%,"1,061"
HHYGU,-,-,-,-,-,-,-,-,-,-,-,-,-,24.18,-0.15%,12
HHYGV,-,7.47%,-,-,-,-,-,-,-,-,-,-,-,39.61,0.03%,"42,673"
HHYGW,-,10.55%,-,-,-,-,-,-,-,-,-,-,-,28.55,0.09%,"15,808"
HHYHG,-,6.64%,-,-,-,-,-,-,-,-,-,-,-,64.91,0.32%,"27,363"
HHYI,130.70M,11.18%,-,-,-,-,-,-,-,-,-,-,-,10.20,-0.10%,"34,415"
HHYIN,-,13.71%,-,-,-,-,-,-,-,-,-,-,-,13.74,-0.13%,"13,165"
HHYLB,-,6.58%,-,-,-,-,-,-,-,-,-,-,-,35.88,-0.03%,"917,829"
HHYLN,696.53M,-,-25.53%,-27.08%,-30.68%,7.59,7.47,0.00,0.02,-77.32%,-648.68%,-564.35%,Aug 11/a,3.90,2.09%,"1,140,123"
HHYLS,-,6.79%,-,-,-,-,-,-,-,-,-,-,-,40.21,-0.07%,"105,822"
HHYMB,-,4.75%,-,-,-,-,-,-,-,-,-,-,-,24.21,0.46%,"8,941,572"
HHYMC,1.97B,-,-37.87%,-73.18%,-34.36%,39.21,38.93,0.00,0.00,-,-,-,Jul 29,21.18,-0.98%,"2,159,001"
HHYNE,133.28M,-,0.05%,0.20%,0.15%,0.09,-,0.00,0.00,-,0.14%,1.10%,-,16.46,-0.54%,"3,072"
HHYNX,-,-,-,-,-,-,-,-,-,-,-,-,-,30.71,1.69%,"362,975"
HHYP,-,0.12%,-,-,-,-,-,-,-,-,-,-,-,27.29,2.25%,187
HHYPD,54.23M,-,7.88%,9.55%,6.18%,2.34,2.34,0.06,0.09,-274.43%,-1095.70%,-1528.45%,Aug 12/a,3.49,-2.79%,"500,380"
HHYPG,-,0.22%,-,-,-,-,-,-,-,-,-,-,-,28.58,0.94%,"69,205"
HHYPR,83.79M,-,-64.40%,-96.97%,-69.71%,6.15,5.45,0.36,0.36,51.41%,-203.27%,-210.75%,Aug 06/a,0.79,0.47%,"189,051"
HHYS,-,7.45%,-,-,-,-,-,-,-,-,-,-,-,91.87,0.05%,"51,999"
HHYSA,-,6.72%,-,-,-,-,-,-,-,-,-,-,-,14.68,0.06%,"129,568"
HHYSD,-,5.97%,-,-,-,-,-,-,-,-,-,-,-,19.80,-0.18%,"6,717"
HHYT,1.59B,11.51%,-,-,-,-,-,-,-,-,-,-,-,8.13,-0.37%,"708,828"
HHYTI,-,10.58%,-,-,-,-,-,-,-,-,-,-,-,18.69,-0.13%,"10,636"
HHYTR,-,5.83%,-,-,-,-,-,-,-,-,-,-,-,21.10,0.00%,"60,488"
HHYUP,-,7.53%,-,-,-,-,-,-,-,-,-,-,-,40.78,-0.02%,639
HHYXF,-,6.12%,-,-,-,-,-,-,-,-,-,-,-,45.93,-0.17%,"12,427"
HHYZD,-,5.81%,-,-,-,-,-,-,-,-,-,-,-,22.61,0.20%,"42,937"
HHZO,1.15B,-,0.16%,0.42%,0.28%,1.23,0.34,0.49,1.17,34.21%,2.90%,0.18%,Jul 23/b,52.21,0.02%,"757,919"
IIA,341.52M,-,15.93%,28.50%,15.17%,2.95,1.47,0.63,0.70,52.22%,27.37%,20.50%,Aug 13/b,19.08,1.49%,"377,042"
IIACL,-,0.42%,-,-,-,-,-,-,-,-,-,-,-,25.00,0.10%,357
IIACO,437.06M,-,-,-,-0.47%,2.95,2.95,0.00,0.00,-,-,-,-,9.99,0.00%,"100,039"
IIACQ,322.38M,-,-,-,-,8.33,8.33,0.00,0.00,-,-,-,-,9.99,0.20%,200
IIAE,94.71M,8.85%,-,-,-,-,-,-,-,-,-,-,-,8.81,0.23%,"17,663"
IIAF,124.19M,11.19%,-,-,-,-,-,-,-,-,-,-,-,12.96,0.15%,"9,711"
IIAG,11.57B,-,20.50%,29.53%,23.56%,1.71,1.05,0.12,0.12,49.33%,47.49%,31.40%,Aug 06/a,20.26,0.85%,"3,686,736"
IIAGG,-,4.56%,-,-,-,-,-,-,-,-,-,-,-,49.41,0.12%,"1,541,452"
IIAI,-,1.08%,-,-,-,-,-,-,-,-,-,-,-,190.51,0.39%,"37,378"
IIAK,-,2.48%,-,-,-,-,-,-,-,-,-,-,-,144.02,0.52%,"240,956"
IIALT,-,0.27%,-,-,-,-,-,-,-,-,-,-,-,29.42,1.03%,"1,194,696"
IIAPR,-,-,-,-,-,-,-,-,-,-,-,-,-,34.01,0.56%,"2,418"
IIART,1.21B,-,-0.20%,-0.70%,-0.24%,3.60,2.11,1.91,1.96,55.25%,10.71%,-0.44%,Jul 29/b,15.50,-0.26%,"792,028"
IIAT,-,2.60%,-,-,-,-,-,-,-,-,-,-,-,62.30,0.40%,"99,589"
IIAU,-,-,-,-,-,-,-,-,-,-,-,-,-,81.71,0.54%,"4,540,651"
IIAUG,-,-,-,-,-,-,-,-,-,-,-,-,-,30.73,0.68%,"1,317"
IIAUI,-,13.37%,-,-,-,-,-,-,-,-,-,-,-,50.81,0.63%,"171,977"
IIAUM,-,-,-,-,-,-,-,-,-,-,-,-,-,43.33,0.58%,"2,508,604"
IIAUX,1.52B,-,-26.43%,-71.66%,-36.77%,8.63,8.05,1.72,1.73,-54.71%,-91.93%,-198.82%,Aug 10/a,1.75,1.16%,"3,747,374"
IIBAC,54.59M,-,-0.61%,-0.63%,-6.58%,0.10,0.10,0.00,0.08,-,-,-,-,10.92,0.00%,7
IIBAT,-,0.74%,-,-,-,-,-,-,-,-,-,-,-,41.01,1.25%,"11,567"
IIBB,-,0.20%,-,-,-,-,-,-,-,-,-,-,-,202.93,0.14%,"2,286,307"
IIBBQ,-,0.75%,-,-,-,-,-,-,-,-,-,-,-,34.47,0.18%,"17,428"
IIBCA,-,4.97%,-,-,-,-,-,-,-,-,-,-,-,24.53,-0.24%,"280,746"
IIBCB,-,1.80%,-,-,-,-,-,-,-,-,-,-,-,24.10,-0.08%,"24,586"
IIBCP,822.93M,3.02%,1.29%,14.38%,10.23%,0.18,-,0.33,0.33,-,26.49%,22.44%,Jul 23/b,37.07,-0.22%,"160,819"
IIBD,-,4.35%,-,-,-,-,-,-,-,-,-,-,-,23.35,0.09%,"47,461"
IIBDR,-,4.06%,-,-,-,-,-,-,-,-,-,-,-,24.19,0.00%,"381,938"
IIBDS,-,4.30%,-,-,-,-,-,-,-,-,-,-,-,24.12,0.00%,"1,461,958"
IIBDT,-,4.54%,-,-,-,-,-,-,-,-,-,-,-,25.00,-0.10%,"1,040,896"
IIBDU,-,4.69%,-,-,-,-,-,-,-,-,-,-,-,22.81,-0.04%,"719,339"
IIBDV,-,4.65%,-,-,-,-,-,-,-,-,-,-,-,21.31,-0.09%,"703,903"
IIBDW,-,4.89%,-,-,-,-,-,-,-,-,-,-,-,20.28,-0.07%,"594,377"
IIBDX,-,4.93%,-,-,-,-,-,-,-,-,-,-,-,24.37,-0.08%,"453,034"
IIBDY,-,5.03%,-,-,-,-,-,-,-,-,-,-,-,24.88,-0.09%,"138,987"
IIBDZ,-,5.05%,-,-,-,-,-,-,-,-,-,-,-,25.07,-0.20%,"217,256"
IIBEX,528.49M,-,15.66%,30.43%,21.27%,2.10,2.10,0.28,0.37,26.56%,9.13%,7.19%,Sep 10/a,39.80,6.82%,"366,183"
IIBFR,-,0.78%,-,-,-,-,-,-,-,-,-,-,-,51.01,0.84%,"2,275"
IIBG,1.74M,-,-,-,-,0.95,0.34,0.00,0.04,-,-,-,-,0.96,-3.99%,"28,311"
IIBGA,-,4.87%,-,-,-,-,-,-,-,-,-,-,-,23.08,-0.03%,"13,902"
IIBGB,-,4.87%,-,-,-,-,-,-,-,-,-,-,-,23.02,0.02%,"5,216"
IIBGC,-,2.03%,-,-,-,-,-,-,-,-,-,-,-,23.59,-0.00%,"4,143"
IIBGK,-,4.92%,-,-,-,-,-,-,-,-,-,-,-,21.87,0.07%,13
IIBGL,-,4.97%,-,-,-,-,-,-,-,-,-,-,-,22.48,0.07%,"3,218"
IIBGM,-,2.08%,-,-,-,-,-,-,-,-,-,-,-,23.37,0.08%,"5,026"
IIBHF,-,5.79%,-,-,-,-,-,-,-,-,-,-,-,22.47,0.18%,"125,773"
IIBHG,-,5.95%,-,-,-,-,-,-,-,-,-,-,-,21.85,0.05%,"77,331"
IIBHH,-,6.20%,-,-,-,-,-,-,-,-,-,-,-,23.30,-0.02%,"50,714"
IIBHI,-,6.67%,-,-,-,-,-,-,-,-,-,-,-,23.14,-0.02%,"41,055"
IIBHJ,-,6.71%,-,-,-,-,-,-,-,-,-,-,-,26.03,0.04%,"25,180"
IIBHK,-,6.61%,-,-,-,-,-,-,-,-,-,-,-,25.14,-0.08%,"7,939"
IIBHL,-,6.34%,-,-,-,-,-,-,-,-,-,-,-,25.01,-0.04%,"8,799"
IIBHM,-,2.73%,-,-,-,-,-,-,-,-,-,-,-,24.92,0.02%,"5,389"
IIBIC,-,4.60%,-,-,-,-,-,-,-,-,-,-,-,25.69,0.02%,"5,674"
IIBID,-,4.88%,-,-,-,-,-,-,-,-,-,-,-,25.84,-0.15%,"38,375"
IIBIE,-,4.96%,-,-,-,-,-,-,-,-,-,-,-,25.72,-0.23%,"60,645"
IIBIF,-,4.95%,-,-,-,-,-,-,-,-,-,-,-,25.59,-0.37%,"111,027"
IIBIG,-,5.21%,-,-,-,-,-,-,-,-,-,-,-,25.42,-0.36%,"71,014"
IIBIH,-,5.02%,-,-,-,-,-,-,-,-,-,-,-,25.33,-0.47%,"41,065"
IIBII,-,5.27%,-,-,-,-,-,-,-,-,-,-,-,24.93,-0.49%,"47,171"
IIBIJ,-,5.59%,-,-,-,-,-,-,-,-,-,-,-,24.89,-0.50%,"40,641"
IIBIK,-,5.68%,-,-,-,-,-,-,-,-,-,-,-,24.67,-0.48%,"38,977"
IIBIL,-,4.96%,-,-,-,-,-,-,-,-,-,-,-,24.39,-0.40%,"23,330"
IIBIM,-,1.89%,-,-,-,-,-,-,-,-,-,-,-,24.25,-0.48%,"26,430"
IIBIO,73.33M,-,-54.04%,-65.70%,-37.82%,7.85,7.85,0.02,0.03,-930.00%,-30138.00%,-33044.00%,Aug 28/b,1.21,-1.63%,"184,893"
IIBIT,-,-,-,-,-,-,-,-,-,-,-,-,-,43.77,0.21%,"47,708,752"
IIBKR,41.40B,0.38%,0.53%,20.99%,18.68%,1.05,1.05,0.02,7.72,95.31%,86.66%,9.97%,Jul 21/a,91.37,2.18%,"3,080,808"
IIBLC,-,1.22%,-,-,-,-,-,-,-,-,-,-,-,47.23,2.17%,"1,983"
IIBM,229.21B,2.78%,7.12%,34.55%,11.51%,0.76,0.71,1.70,1.89,57.56%,20.91%,15.52%,Jul 22/a,243.29,3.96%,"4,919,589"
IIBMO,-,2.39%,-,-,-,-,-,-,-,-,-,-,-,25.62,0.10%,"53,166"
IIBMP,-,2.52%,-,-,-,-,-,-,-,-,-,-,-,25.31,0.02%,"108,522"
IIBMQ,-,2.48%,-,-,-,-,-,-,-,-,-,-,-,25.38,0.08%,"61,640"
IIBMR,-,2.56%,-,-,-,-,-,-,-,-,-,-,-,25.04,0.04%,"42,934"
IIBMS,-,2.52%,-,-,-,-,-,-,-,-,-,-,-,25.42,0.16%,"66,116"
IIBMT,-,2.45%,-,-,-,-,-,-,-,-,-,-,-,25.16,0.20%,"22,534"
IIBMU,-,1.05%,-,-,-,-,-,-,-,-,-,-,-,24.58,0.04%,"1,744"
IIBMV,-,1.17%,-,-,-,-,-,-,-,-,-,-,-,24.38,-0.11%,426
IIBMW,-,1.13%,-,-,-,-,-,-,-,-,-,-,-,24.14,0.27%,"4,380"
IIBMX,-,1.11%,-,-,-,-,-,-,-,-,-,-,-,23.78,0.11%,"4,922"
IIBN,105.47B,0.96%,1.97%,15.72%,9.64%,0.37,-,0.59,0.59,-,24.84%,17.66%,Jul 18/a,29.39,1.87%,"3,208,404"
IIBND,-,2.84%,-,-,-,-,-,-,-,-,-,-,-,30.74,0.16%,"55,863"
IIBO,49.62M,-,4.41%,371.29%,7.33%,0.16,0.13,0.00,0.00,-4377.14%,-14562.86%,2254.29%,-,0.46,4.35%,"310,597"
IIBOC,4.41B,2.06%,2.47%,12.92%,11.83%,0.10,-,0.04,0.22,-,49.28%,38.88%,Aug 06/b,70.94,-0.14%,"320,526"
IIBOT,-,0.31%,-,-,-,-,-,-,-,-,-,-,-,63.80,1.42%,"19,700"
IIBP,5.43B,1.65%,11.74%,38.45%,14.28%,2.98,2.41,1.75,1.87,32.22%,12.51%,8.46%,Aug 06/b,204.28,1.27%,"502,722"
IIBRN,-,0.86%,-,-,-,-,-,-,-,-,-,-,-,37.43,0.26%,"1,774"
IIBRX,8.38B,-,-192.58%,-,-569.64%,5.72,5.70,-,-,89.33%,-151.88%,-598.56%,Aug 04/b,7.91,2.46%,"12,468,768"
IIBTA,953.46M,-,-2.03%,-3.70%,-4.13%,1.71,1.71,0.10,0.10,76.70%,-3.38%,-3.21%,Aug 03/a,41.14,2.44%,"213,577"
IIBTG,-,3.88%,-,-,-,-,-,-,-,-,-,-,-,22.84,0.02%,"342,916"
IIBTH,-,3.77%,-,-,-,-,-,-,-,-,-,-,-,22.31,0.00%,"512,076"
IIBTI,-,3.77%,-,-,-,-,-,-,-,-,-,-,-,21.94,-0.07%,"450,917"
IIBTJ,-,3.81%,-,-,-,-,-,-,-,-,-,-,-,21.33,-0.07%,"235,192"
IIBTK,-,3.83%,-,-,-,-,-,-,-,-,-,-,-,19.12,-0.18%,"254,268"
IIBTL,-,4.00%,-,-,-,-,-,-,-,-,-,-,-,19.66,-0.14%,"239,979"
IIBTM,-,4.02%,-,-,-,-,-,-,-,-,-,-,-,22.01,-0.18%,"156,511"
IIBTO,-,4.27%,-,-,-,-,-,-,-,-,-,-,-,23.33,-0.13%,"305,182"
IIBTP,-,4.15%,-,-,-,-,-,-,-,-,-,-,-,24.48,-0.17%,"229,455"
IIBTQ,-,4.02%,-,-,-,-,-,-,-,-,-,-,-,24.10,-0.19%,"235,692"
IIBTR,-,1.65%,-,-,-,-,-,-,-,-,-,-,-,23.93,-0.06%,"82,346"
IIBUF,-,-,-,-,-,-,-,-,-,-,-,-,-,32.08,0.44%,"8,709"
IIBUY,-,0.12%,-,-,-,-,-,-,-,-,-,-,-,68.42,1.16%,"2,962"
IIBX,-,-,-,-,-,-,-,-,-,-,-,-,-,18.99,7.59%,"238,175"
IICAP,-,10.18%,-,-,-,-,-,-,-,-,-,-,-,28.19,0.61%,"17,845"
IICCC,89.46M,-,1.69%,2.57%,1.87%,4.75,2.71,0.34,0.40,40.32%,6.08%,2.57%,Aug 13/a,9.85,-0.66%,"8,103"
IICCM,7.57M,-,-119.31%,-228.31%,-141.65%,2.87,2.44,0.00,0.01,36.10%,-423.69%,-427.67%,Aug 12/b,2.21,3.27%,"211,895"
IICE,88.36B,1.33%,2.54%,13.93%,8.26%,1.01,1.01,0.65,0.69,68.57%,46.06%,30.74%,Jul 30/b,157.40,1.02%,"2,486,915"
IICF,-,2.51%,-,-,-,-,-,-,-,-,-,-,-,66.29,0.79%,"71,299"
IICFI,1.54B,0.65%,4.24%,8.64%,5.55%,1.39,1.39,0.52,0.54,34.13%,8.08%,4.86%,Aug 06/a,85.95,0.23%,"147,618"
IICG,27.86M,-,-5.02%,-5.33%,-5.31%,14.10,12.76,0.00,0.00,6.43%,-48.42%,-24.30%,Aug 20/a,0.97,0.09%,"10,035"
IICHR,2.15B,-,-3.71%,-5.17%,-4.02%,3.70,2.07,0.16,0.18,9.51%,1.32%,-3.97%,Aug 03/a,57.35,2.83%,"575,744"
IICL,7.31B,3.53%,2.39%,5.02%,3.47%,1.58,0.94,0.43,0.54,30.63%,10.61%,3.95%,Aug 05/b,5.66,-1.05%,"1,381,601"
IICLN,-,1.03%,-,-,-,-,-,-,-,-,-,-,-,17.92,0.56%,"7,006,531"
IICLO,-,4.86%,-,-,-,-,-,-,-,-,-,-,-,25.64,0.08%,"69,366"
IICLR,13.06B,-,0.26%,0.45%,0.37%,0.95,0.95,0.24,0.38,19.45%,10.14%,0.51%,Jul 29/a,169.31,2.18%,"1,710,005"
IICMB,12.48M,27.63%,-10.56%,-32.40%,-12.89%,7.14,7.14,2.18,2.18,72.01%,-111.20%,-194.02%,Aug 15/a,0.87,0.57%,"30,277"
IICON,-,-,-,-,-,-,-,-,-,-,-,-,-,0.92,2.21%,"9,134"
IICOP,-,1.56%,-,-,-,-,-,-,-,-,-,-,-,55.37,-0.18%,"340,475"
IICOW,-,3.93%,-,-,-,-,-,-,-,-,-,-,-,44.16,0.87%,"98,999"
IICPI,-,3.23%,-,-,-,-,-,-,-,-,-,-,-,50.23,-0.15%,"16,812"
IICPY,-,0.24%,-,-,-,-,-,-,-,-,-,-,-,13.11,0.55%,"3,634"
IICSH,-,4.17%,-,-,-,-,-,-,-,-,-,-,-,50.38,-0.02%,"1,868,869"
IICU,13.35M,-,-160.02%,-356.87%,-317.20%,1.89,1.87,0.00,0.03,92.64%,-816.64%,-795.50%,Aug 12/a,3.03,-3.19%,"44,996"
IICUI,3.91B,-,0.74%,1.41%,0.88%,2.39,1.17,0.58,0.60,34.50%,6.68%,1.39%,Aug 06/a,156.48,-0.50%,"189,017"
IICVT,-,1.40%,-,-,-,-,-,-,-,-,-,-,-,114.16,0.19%,"807,984"
IIDA,7.84B,2.63%,3.26%,9.44%,4.42%,0.99,0.75,1.03,1.06,21.93%,21.62%,18.80%,Jul 30/b,135.54,0.07%,"562,441"
IIDAC,213.06M,-,-,-,0.39%,136.79,136.79,0.00,0.00,-,-,-,-,10.05,0.50%,7
IIDAI,18.05M,-,-103.46%,-264.87%,-86.81%,6.48,6.48,1.33,1.34,32.32%,-246.68%,-272.85%,Aug 19,3.20,-1.84%,"18,502"
IIDAU,-,-,-,-,-,-,-,-,-,-,-,-,-,24.89,0.48%,12
IIDCC,9.04B,0.80%,14.47%,26.40%,24.66%,1.74,1.74,0.02,0.33,78.66%,43.77%,38.32%,Jul 30/b,350.13,1.07%,"224,158"
IIDE,192.64M,9.44%,-,-,-,-,-,-,-,-,-,-,-,12.71,0.32%,"37,327"
IIDEC,-,-,-,-,-,-,-,-,-,-,-,-,-,35.20,0.90%,"1,502"
IIDEF,-,0.34%,-,-,-,-,-,-,-,-,-,-,-,31.63,0.60%,"442,571"
IIDEQ,-,1.29%,-,-,-,-,-,-,-,-,-,-,-,35.98,1.21%,"283,629"
IIDEV,-,3.13%,-,-,-,-,-,-,-,-,-,-,-,91.88,0.93%,"2,411,678"
IIDGT,-,0.78%,-,-,-,-,-,-,-,-,-,-,-,116.41,3.07%,"23,952"
IIDHQ,-,2.00%,-,-,-,-,-,-,-,-,-,-,-,43.98,0.43%,"120,109"
IIDIAU,-,-,-,-,-,0.26,0.26,-,-,-,-,-,-,-,-,0
IIDJL,-,-,-,-,-,-,-,-,-,-,-,-,-,25.39,0.44%,6
IIDJN,-,-,-,-,-,-,-,-,-,-,-,-,-,25.45,0.54%,6
IIDLV,-,4.86%,-,-,-,-,-,-,-,-,-,-,-,35.76,0.34%,"6,536"
IIDMO,-,1.95%,-,-,-,-,-,-,-,-,-,-,-,62.89,1.01%,"378,340"
IIDMY,-,-,-,-,-,-,-,-,-,-,-,-,-,25.74,0.51%,"1,213"
IIDN,52.69M,-,12.92%,15.51%,13.97%,4.98,4.98,0.00,0.00,91.02%,11.81%,13.03%,Aug 13/a,2.60,0.00%,"250,307"
IIDNA,-,0.74%,-,-,-,-,-,-,-,-,-,-,-,38.06,0.48%,"114,391"
IIDOG,-,4.17%,-,-,-,-,-,-,-,-,-,-,-,44.34,0.27%,"21,150"
IIDR,489.19M,-,23.84%,26.36%,18.37%,12.17,11.66,0.01,0.02,50.11%,45.14%,44.00%,Aug 13/b,30.91,1.05%,"148,998"
IIDRV,-,1.79%,-,-,-,-,-,-,-,-,-,-,-,35.74,0.34%,"22,492"
IIDT,1.75B,0.37%,12.60%,25.40%,22.82%,1.90,1.90,0.00,0.00,37.35%,9.07%,6.41%,Jun 03/a,70.51,1.57%,"217,546"
IIDU,-,2.33%,-,-,-,-,-,-,-,-,-,-,-,107.94,-0.27%,"41,472"
IIDUB,-,4.45%,-,-,-,-,-,-,-,-,-,-,-,28.21,0.96%,"22,674"
IIDV,-,5.06%,-,-,-,-,-,-,-,-,-,-,-,44.97,0.47%,"443,789"
IIDVO,-,5.71%,-,-,-,-,-,-,-,-,-,-,-,43.00,0.63%,"290,571"
IIDVY,-,0.74%,-,-,-,-,-,-,-,-,-,-,-,27.04,1.84%,19
IIDVZ,-,3.00%,-,-,-,-,-,-,-,-,-,-,-,34.23,0.40%,"14,374"
IIDX,-,2.96%,-,-,-,-,-,-,-,-,-,-,-,11.64,-0.68%,"33,320"
IIDXX,39.76B,-,33.65%,74.21%,56.62%,1.11,0.81,0.25,0.68,62.53%,32.12%,25.03%,Aug 04/b,504.70,-0.36%,"401,627"
IIDYA,3.63B,-,-14.89%,-16.22%,-14.26%,10.45,10.45,0.02,0.02,98.08%,-92.66%,-74.75%,Aug 04/b,37.59,0.37%,"429,248"
IIDYN,-,1.71%,-,-,-,-,-,-,-,-,-,-,-,30.99,0.89%,"15,412"
IIE,1.66B,-,-6.99%,-8.40%,-6.54%,5.05,5.05,0.00,0.07,-2610.62%,-3915.94%,-1138.74%,Aug 07/b,10.40,0.48%,"2,652,901"
IIEAG,444.77M,-,-,-,1.19%,7.08,7.08,0.00,0.00,-,-,-,-,10.19,-0.29%,149
IIEF,-,4.07%,-,-,-,-,-,-,-,-,-,-,-,91.01,-0.19%,"8,728,985"
IIEFA,-,3.31%,-,-,-,-,-,-,-,-,-,-,-,99.50,1.00%,"7,067,935"
IIEI,-,3.78%,-,-,-,-,-,-,-,-,-,-,-,114.55,-0.17%,"1,657,178"
IIEMG,-,2.18%,-,-,-,-,-,-,-,-,-,-,-,82.57,1.21%,"5,567,151"
IIEO,-,1.64%,-,-,-,-,-,-,-,-,-,-,-,141.79,0.21%,"99,133"
IIEP,4.98B,28.57%,-3.72%,-23.75%,-5.96%,3.36,2.80,3.77,4.32,8.94%,1.24%,-4.72%,Aug 05/b,7.00,1.74%,"801,307"
IIESC,13.78B,-,24.25%,45.18%,34.77%,1.63,1.49,0.06,0.06,24.85%,12.38%,11.39%,Jul 31/b,345.71,8.20%,"225,224"
IIETC,-,0.38%,-,-,-,-,-,-,-,-,-,-,-,109.36,1.14%,"5,715"
IIEUR,-,3.14%,-,-,-,-,-,-,-,-,-,-,-,76.07,0.61%,"361,602"
IIEUS,-,3.13%,-,-,-,-,-,-,-,-,-,-,-,72.16,0.35%,"1,717"
IIEV,-,2.76%,-,-,-,-,-,-,-,-,-,-,-,73.60,0.81%,"16,967"
IIEX,16.53B,1.32%,7.53%,12.96%,8.86%,3.05,2.15,0.46,0.47,42.83%,21.05%,14.49%,Jul 29/b,224.21,1.24%,"338,214"
IIEZ,-,1.16%,-,-,-,-,-,-,-,-,-,-,-,29.76,-0.10%,"371,864"
IIFBD,8.11M,-,-107.44%,-126.32%,-292.93%,1.98,1.98,0.01,0.06,29.50%,-18.91%,-598.07%,-,0.99,8.79%,263
IIFEB,-,-,-,-,-,-,-,-,-,-,-,-,-,31.97,0.58%,156
IIFED,-,-,-,-,-,-,-,-,-,-,-,-,-,46.36,1.04%,568
IIFF,21.33B,1.96%,1.01%,1.83%,1.44%,2.06,1.71,0.37,0.45,32.44%,10.48%,2.78%,Aug 04/a,83.61,-0.52%,"1,376,092"
IIFGL,-,4.26%,-,-,-,-,-,-,-,-,-,-,-,21.87,0.11%,"5,530"
IIFLN,-,6.02%,-,-,-,-,-,-,-,-,-,-,-,17.95,-0.09%,"67,109"
IIFLO,-,1.58%,-,-,-,-,-,-,-,-,-,-,-,36.53,0.88%,"28,124"
IIFLR,-,0.93%,-,-,-,-,-,-,-,-,-,-,-,53.79,1.13%,"26,114"
IIFN,482.90M,14.44%,-,-,-,-,-,-,-,-,-,-,-,11.15,0.63%,"145,570"
IIFRA,-,1.67%,-,-,-,-,-,-,-,-,-,-,-,58.38,0.53%,"180,082"
IIFRX,308.00M,-,-,-,-,8.22,8.22,0.00,0.01,-,-,-,Aug 06/b,2.09,1.95%,"334,148"
IIFS,6.32B,3.73%,2.09%,17.45%,9.71%,0.41,-,0.66,1.09,-,26.46%,20.19%,Aug 11/a,54.73,0.11%,"311,120"
IIFV,-,1.84%,-,-,-,-,-,-,-,-,-,-,-,26.02,0.63%,"36,429"
IIG,-,5.25%,-,-,-,-,-,-,-,-,-,-,-,19.92,-0.10%,"16,632"
IIGA,159.86M,9.79%,-,-,-,-,-,-,-,-,-,-,-,10.42,0.39%,"23,787"
IIGAC,182.74M,-,2.60%,2.72%,1.36%,0.67,0.67,0.00,0.01,-,-,-,-,10.10,0.00%,12
IIGBH,-,5.37%,-,-,-,-,-,-,-,-,-,-,-,24.50,0.14%,"217,835"
IIGC,28.80M,-,-90.43%,-129.16%,-125.54%,0.39,0.19,0.02,0.18,0.71%,-986.82%,-702.14%,Aug 14/b,0.28,-1.55%,"415,687"
IIGCB,-,4.83%,-,-,-,-,-,-,-,-,-,-,-,44.31,0.10%,19
IIGD,499.24M,9.48%,-,-,-,-,-,-,-,-,-,-,-,6.33,0.32%,"245,427"
IIGE,-,1.80%,-,-,-,-,-,-,-,-,-,-,-,65.91,0.27%,"165,944"
IIGEB,-,5.26%,-,-,-,-,-,-,-,-,-,-,-,43.50,-0.02%,"174,724"
IIGF,-,3.01%,-,-,-,-,-,-,-,-,-,-,-,64.05,-0.02%,"520,123"
IIGGY,-,-,-,-,-,-,-,-,-,-,-,-,-,28.78,0.67%,12
IIGHG,-,5.12%,-,-,-,-,-,-,-,-,-,-,-,77.71,0.06%,"10,983"
IIGI,93.92M,5.44%,-,-,-,-,-,-,-,-,-,-,-,15.67,0.45%,"5,614"
IIGIB,-,5.04%,-,-,-,-,-,-,-,-,-,-,-,51.23,-0.12%,"4,064,195"
IIGIC,1.10B,5.31%,6.06%,16.26%,16.18%,0.89,-,0.00,0.00,-,22.61%,20.65%,Aug 04/a,25.99,-0.12%,"27,337"
IIGLB,-,5.54%,-,-,-,-,-,-,-,-,-,-,-,47.11,0.08%,"1,295,337"
IIGLD,-,23.62%,-,-,-,-,-,-,-,-,-,-,-,21.20,0.83%,"216,348"
IIGM,-,0.13%,-,-,-,-,-,-,-,-,-,-,-,162.24,1.24%,"324,448"
IIGOV,-,1.43%,-,-,-,-,-,-,-,-,-,-,-,40.92,-0.02%,"445,222"
IIGPT,-,0.01%,-,-,-,-,-,-,-,-,-,-,-,95.73,1.53%,"55,570"
IIGR,638.91M,17.10%,-,-,-,-,-,-,-,-,-,-,-,12.63,0.72%,"370,142"
IIGRO,-,2.64%,-,-,-,-,-,-,-,-,-,-,-,91.59,0.77%,"26,807"
IIGSB,-,4.66%,-,-,-,-,-,-,-,-,-,-,-,51.53,-0.10%,"6,386,755"
IIGV,-,0.02%,-,-,-,-,-,-,-,-,-,-,-,101.52,0.32%,"5,436,746"
IIH,26.88M,-,5.38%,7.63%,7.32%,3.50,3.42,0.01,0.01,67.48%,4.41%,9.35%,-,1.21,0.42%,"4,011"
IIHAK,-,0.07%,-,-,-,-,-,-,-,-,-,-,-,61.42,-0.89%,"65,680"
IIHD,136.03M,8.60%,-,-,-,-,-,-,-,-,-,-,-,7.67,1.19%,"40,844"
IIHDG,-,1.82%,-,-,-,-,-,-,-,-,-,-,-,52.34,1.00%,"372,353"
IIHE,-,1.45%,-,-,-,-,-,-,-,-,-,-,-,101.07,-0.20%,"99,864"
IIHF,-,0.92%,-,-,-,-,-,-,-,-,-,-,-,56.63,-0.11%,"327,300"
IIHG,22.60B,1.35%,14.02%,-,146.98%,0.66,0.66,-,-,23.57%,23.57%,13.40%,Aug 11/b,153.83,0.69%,"137,391"
IIHI,-,0.48%,-,-,-,-,-,-,-,-,-,-,-,50.88,-0.04%,"1,777,603"
IIHRT,445.35M,-,-5.59%,-,-7.94%,1.41,1.41,-,-,50.35%,7.14%,-7.17%,Aug 10/a,2.70,-0.74%,"346,540"
IIHS,2.87B,2.13%,13.67%,-,4.87%,1.93,1.89,-,-,51.92%,33.40%,9.15%,Aug 11/b,8.47,0.00%,"1,241,669"
IIHT,16.13M,0.75%,-9.57%,-35.86%,-8.21%,1.16,1.16,4.46,4.72,28.27%,-8.07%,-17.52%,-,1.34,0.00%,"8,078"
IIHY,-,5.88%,-,-,-,-,-,-,-,-,-,-,-,21.42,-0.12%,"56,853"
IIIF,210.45M,-,-,-,-,-,-,-,-,-,-,-,-,22.42,0.36%,"8,611"
IIIGD,-,4.28%,-,-,-,-,-,-,-,-,-,-,-,24.06,-0.17%,"4,542"
IIII,251.27M,3.47%,5.77%,12.31%,7.15%,2.81,2.81,0.70,0.70,43.06%,9.27%,4.67%,Aug 05/a,5.19,2.37%,"159,870"
IIIIN,592.56M,3.66%,7.69%,10.00%,9.77%,3.57,1.43,0.00,0.01,11.77%,6.58%,5.14%,Jul 16/b,30.61,0.53%,"110,987"
IIIIV,409.31M,-,0.99%,1.86%,2.24%,1.21,1.15,0.42,0.42,55.22%,3.11%,4.09%,Aug 06/a,15.55,0.19%,"263,163"
IIIM,570.40M,7.63%,-,-,-,-,-,-,-,-,-,-,-,12.11,0.17%,"121,798"
IIINC,-,1.70%,-,-,-,-,-,-,-,-,-,-,-,25.74,0.47%,"1,633"
IIIPR,1.55B,13.51%,5.49%,7.19%,5.45%,2.03,2.03,0.33,0.33,60.08%,46.91%,47.87%,Aug 03/a,56.25,1.17%,"182,287"
IIJAN,-,-,-,-,-,-,-,-,-,-,-,-,-,38.92,0.34%,"16,708"
IIJH,-,1.19%,-,-,-,-,-,-,-,-,-,-,-,74.44,0.79%,"5,740,079"
IIJJ,-,1.61%,-,-,-,-,-,-,-,-,-,-,-,145.21,0.79%,"170,095"
IIJK,-,0.55%,-,-,-,-,-,-,-,-,-,-,-,111.52,0.88%,"216,333"
IIJR,-,1.16%,-,-,-,-,-,-,-,-,-,-,-,142.19,0.53%,"3,782,090"
IIJS,-,1.34%,-,-,-,-,-,-,-,-,-,-,-,134.67,0.58%,"1,637,038"
IIJT,-,0.73%,-,-,-,-,-,-,-,-,-,-,-,166.46,0.48%,"1,163,406"
IIJUL,-,-,-,-,-,-,-,-,-,-,-,-,-,36.71,0.60%,"3,721"
IIJUN,-,-,-,-,-,-,-,-,-,-,-,-,-,31.80,0.56%,739
IIKT,326.51M,-,-48.04%,-51.96%,-39.55%,15.82,15.82,0.00,0.00,-,-,-,Aug 11/a,2.34,0.43%,"303,242"
IILAG,6.15M,-,-168.81%,-221.18%,-385.00%,1.97,0.41,0.03,0.42,2.89%,-368.52%,-430.56%,-,2.96,0.00%,151
IILCB,-,0.96%,-,-,-,-,-,-,-,-,-,-,-,105.94,0.86%,"5,796"
IILCG,-,0.42%,-,-,-,-,-,-,-,-,-,-,-,114.67,0.93%,"28,666"
IILCV,-,1.52%,-,-,-,-,-,-,-,-,-,-,-,107.86,0.77%,"12,317"
IILDR,-,-,-,-,-,-,-,-,-,-,-,-,-,38.58,1.01%,"38,124"
IILF,-,2.71%,-,-,-,-,-,-,-,-,-,-,-,35.97,-0.69%,"5,378,386"
IILIT,-,2.32%,-,-,-,-,-,-,-,-,-,-,-,13.86,-2.87%,"10,169"
IILLR,14.98M,-,-377.98%,-,-,0.03,0.03,-,-,23.52%,-596.71%,-694.40%,-,0.73,-2.17%,"151,703"
IILLU,312.29M,-,-,-,-,6.04,6.04,0.00,0.00,-,-,-,-,9.98,-0.10%,352
IILMN,31.17B,-,12.95%,32.38%,17.25%,1.80,1.40,0.69,0.89,66.81%,19.87%,18.35%,Jul 30/a,206.45,2.57%,"2,412,436"
IILOW,-,1.46%,-,-,-,-,-,-,-,-,-,-,-,46.86,0.93%,"40,965"
IILPT,517.95M,3.87%,-0.91%,-9.63%,-1.01%,33.54,33.54,9.09,9.09,49.80%,32.85%,-10.37%,Jul 29/a,7.76,1.31%,"228,297"
IILS,-,7.94%,-,-,-,-,-,-,-,-,-,-,-,20.35,-0.09%,"156,908"
IILTB,-,5.23%,-,-,-,-,-,-,-,-,-,-,-,46.39,0.09%,"311,027"
IIMA,57.67M,-,-37.73%,-40.69%,-36.29%,21.47,21.47,0.02,0.03,-,-,-,Aug 05/b,5.08,1.50%,"8,047"
IIMAR,-,-,-,-,-,-,-,-,-,-,-,-,-,31.06,0.60%,"6,043"
IIMAX,2.86B,-,4.58%,12.10%,6.41%,2.09,1.86,0.79,0.79,57.74%,22.77%,9.84%,Jul 23/b,52.09,1.44%,"1,189,642"
IIMAY,-,-,-,-,-,-,-,-,-,-,-,-,-,32.41,0.75%,135
IIMC,-,-,-,-,-,-,-,-,-,-,-,-,-,6.81,-5.15%,"66,703"
IIMCB,-,1.21%,-,-,-,-,-,-,-,-,-,-,-,97.42,0.87%,"24,649"
IIMCC,1.08M,-,-54.47%,-25089.74%,-,0.56,0.46,-,-,12.57%,-25.87%,-39.06%,Aug 13/a,1.75,0.00%,"27,759"
IIMCG,-,0.62%,-,-,-,-,-,-,-,-,-,-,-,95.25,1.10%,"123,050"
IIMCR,1.68B,-,-1.64%,-4.47%,-2.12%,4.47,4.44,1.03,1.04,98.06%,-5.24%,-4.20%,Aug 06/b,32.60,-2.92%,"313,504"
IIMCV,-,1.80%,-,-,-,-,-,-,-,-,-,-,-,96.19,0.74%,"10,012"
IIMDX,137.44M,-,-123.46%,-23603.11%,-,2.00,1.98,-,-,-93.38%,-2217.90%,-2955.63%,Aug 10/a,4.20,5.53%,"173,826"
IIMF,-,0.86%,-,-,-,-,-,-,-,-,-,-,-,53.77,0.27%,"3,164"
IIMFL,-,2.87%,-,-,-,-,-,-,-,-,-,-,-,34.55,0.88%,"82,494"
IIMKTA,1.54B,0.79%,4.01%,6.34%,4.75%,3.21,1.75,0.30,0.31,24.49%,2.65%,1.92%,May 07/b,83.12,1.34%,"89,973"
IIMMP,55.01M,-,-66.76%,-78.38%,-124.19%,5.69,5.69,0.01,0.02,85.21%,-586.33%,-534.13%,Aug 30/a,0.37,14.83%,"3,207,280"
IIMMR,245.63M,3.65%,0.41%,1.52%,1.00%,2.29,1.18,0.52,0.75,19.00%,1.63%,0.26%,Jul 27/b,7.40,0.54%,"275,801"
IIMMX,868.49M,-,-31.34%,-34.18%,-17.37%,25.13,25.13,0.00,0.00,-,-,-,Sep 02,12.14,-4.41%,"1,190,506"
IIMNM,2.80B,-,-59.03%,-64.03%,-48.02%,15.08,15.08,0.01,0.01,-,-,-,Aug 11/a,24.67,-1.20%,"692,563"
IIMNN,8.25M,-,-123.77%,-429.72%,-145.66%,1.82,1.82,1.41,1.87,-,-,-,Aug 11/b,1.47,1.38%,"129,442"
IIMO,62.86B,1.88%,9.11%,16.91%,14.91%,1.38,1.09,0.17,0.17,13.26%,10.45%,8.25%,Jul 31/b,129.99,-0.63%,"573,920"
IIMOM,-,2.35%,-,-,-,-,-,-,-,-,-,-,-,41.06,1.37%,"7,648"
IIMOS,1.94B,3.52%,4.86%,9.14%,6.38%,2.39,1.94,0.45,0.64,14.70%,8.07%,8.30%,Aug 11/a,55.33,-1.18%,"67,541"
IIMPP,264.15M,-,14.14%,16.99%,14.94%,4.77,4.59,0.00,0.00,37.35%,34.18%,35.97%,Sep 10/b,5.79,3.30%,"1,077,825"
IIMRN,11.70M,-,-33.33%,-40.36%,-29.89%,7.17,5.90,0.00,0.00,64.54%,-61.63%,-49.91%,-,1.45,-11.04%,"468,849"
IIMRX,276.26M,-,-47.31%,-52.15%,-29.53%,19.47,19.47,0.02,0.02,-,-,-,Aug 06/b,4.27,-6.56%,"911,042"
IIMSR,502.69M,-,-18.56%,-19.38%,-17.35%,44.53,44.53,0.01,0.01,-,-,-,Aug 11/b,4.74,-9.79%,"2,342,811"
IIMTB,-,4.65%,-,-,-,-,-,-,-,-,-,-,-,42.16,-0.08%,"120,763"
IIMTE,1.60M,-,-1.16%,-1.83%,-1.85%,0.72,0.72,0.00,0.02,-346.89%,-1111.65%,-374.93%,-,0.46,-0.27%,"3,321"
IIMTG,-,2.21%,-,-,-,-,-,-,-,-,-,-,-,47.58,-0.16%,18
IIMTM,-,2.23%,-,-,-,-,-,-,-,-,-,-,-,53.74,0.86%,"380,429"
IIMTX,1.32B,-,-39.45%,-48.08%,-51.20%,7.54,7.54,0.03,0.04,-,-555.60%,-495.72%,Aug 18/b,8.79,0.46%,"527,249"
IIMUX,155.82M,-,-101.15%,-138.17%,-87.22%,5.05,5.05,0.00,0.00,-,-,-,Aug 11/b,11.42,-3.55%,"332,732"
IIMVP,-,3.01%,-,-,-,-,-,-,-,-,-,-,-,19.45,0.82%,"14,477"
IIMVT,7.72B,-,-71.10%,-80.10%,-73.19%,7.27,7.27,0.00,0.00,-,-,-,Aug 06/b,37.36,-1.94%,"1,031,889"
IIMXI,425.98M,-,3.85%,11.94%,6.23%,1.96,1.96,0.76,0.80,5.92%,-6.50%,3.88%,Aug 05,14.10,0.21%,"173,079"
IINAB,10.55M,-,-90.80%,-111.11%,-95.77%,8.21,8.21,0.06,0.12,-,-,-,Aug 06/a,1.07,-2.73%,"36,987"
IINAC,152.42M,-,6.36%,6.61%,3.30%,6.52,6.52,0.00,0.00,-,-,-,-,10.31,-0.33%,7
IINBK,244.54M,0.86%,-0.54%,-8.34%,-4.43%,0.15,-,0.95,0.95,-,-14.19%,-9.77%,Jul 30/a,28.00,-3.71%,"63,513"
IINBS,6.45M,-,-121.00%,-292.25%,-173.06%,1.44,1.35,0.30,0.33,21.02%,-306.76%,-294.91%,Aug 19/b,2.13,-2.74%,"30,135"
IINBX,1.61B,-,-75.44%,-1773.60%,-109.53%,5.07,5.07,-,-,-,-,-,Aug 13/a,109.27,-1.93%,"211,017"
IINCE,-,4.86%,-,-,-,-,-,-,-,-,-,-,-,68.48,0.56%,"6,644"
IINCM,-,5.20%,-,-,-,-,-,-,-,-,-,-,-,29.23,0.14%,"380,173"
IINCO,-,-,-,-,-,-,-,-,-,-,-,-,-,60.04,0.86%,"10,096"
IINCR,61.15M,-,-,-,-7.21%,1.48,0.95,0.20,0.46,8.70%,-27.06%,-13.69%,-,5.16,-1.53%,"2,530"
IINCY,24.62B,-,23.55%,30.67%,25.30%,4.59,4.51,0.00,0.01,91.42%,31.61%,27.71%,Jul 28/b,121.47,-1.47%,"1,425,198"
IIND,-,0.35%,-,-,-,-,-,-,-,-,-,-,-,22.58,0.52%,"1,065"
IINDA,-,-,-,-,-,-,-,-,-,-,-,-,-,48.57,0.96%,"4,119,741"
IINDB,3.91B,3.07%,1.21%,8.24%,6.44%,0.10,-,0.20,0.20,-,30.28%,20.41%,Jul 16/a,82.74,-0.07%,"274,963"
IINDE,-,1.77%,-,-,-,-,-,-,-,-,-,-,-,29.77,1.33%,"1,494"
IINDH,-,-,-,-,-,-,-,-,-,-,-,-,-,38.33,0.92%,117
IINDI,776.56M,-,-17.63%,-43.98%,-21.21%,3.65,2.86,1.41,1.46,37.77%,-62.40%,-65.18%,Aug 06/a,3.35,1.21%,"3,699,660"
IINDL,-,1.48%,-,-,-,-,-,-,-,-,-,-,-,43.09,1.99%,"9,479"
IINDO,47.24M,-,-22.83%,-26.95%,-25.58%,5.13,4.39,0.01,0.04,-55.89%,-268.35%,-253.40%,-,3.07,-3.15%,"182,299"
IINDP,369.08M,-,-163.84%,-318.04%,-135.62%,19.48,19.48,0.00,0.00,-,-,-,Aug 13/b,2.77,8.20%,"1,802,258"
IINDQ,-,0.31%,-,-,-,-,-,-,-,-,-,-,-,25.69,0.72%,442
IINDS,-,4.52%,-,-,-,-,-,-,-,-,-,-,-,38.70,0.66%,"4,609"
IINDV,4.07B,-,26.44%,-,121.58%,0.84,0.66,-,-,83.78%,39.94%,26.65%,Aug 03/b,34.49,-0.06%,"1,297,260"
IINDY,-,0.94%,-,-,-,-,-,-,-,-,-,-,-,42.51,0.90%,"118,078"
IINDZ,-,-,-,-,-,-,-,-,-,-,-,-,-,25.10,0.94%,"6,818"
IINEO,6.79M,-,-0.98%,-5.73%,-5.79%,1.06,0.52,0.38,3.99,17.81%,-0.09%,-0.68%,-,0.56,2.36%,"7,863"
IINEQ,-,2.77%,-,-,-,-,-,-,-,-,-,-,-,41.92,1.30%,"6,551"
IINFH,-,-,-,-,-,-,-,-,-,-,-,-,-,8.17,1.36%,"74,634"
IINFL,-,0.75%,-,-,-,-,-,-,-,-,-,-,-,54.77,0.37%,"213,975"
IINFO,-,0.31%,-,-,-,-,-,-,-,-,-,-,-,28.15,0.98%,"20,701"
IINFQ,2.96B,-,-23.38%,-25.04%,-21.07%,9.34,9.24,0.02,0.03,18.08%,-314.96%,-538.48%,Aug 12/a,13.12,1.23%,"6,322,325"
IINFU,241.99M,-,8.61%,15.03%,10.37%,2.50,2.14,0.39,0.39,56.05%,9.26%,5.96%,Aug 04/b,12.15,0.25%,"137,056"
IINFY,44.92B,5.60%,19.76%,32.27%,32.78%,1.84,1.84,0.06,0.10,30.34%,20.72%,16.40%,Jul 23/a,11.07,1.47%,"16,799,497"
IING,104.83B,4.04%,0.60%,13.58%,2.56%,0.19,-,4.31,4.31,-,41.30%,28.15%,Jul 30/b,37.27,1.64%,"1,661,959"
IINGM,6.35B,1.20%,2.10%,10.34%,5.99%,1.31,0.88,0.68,0.99,6.65%,1.85%,0.77%,Jul 30/a,27.55,4.47%,"5,162,842"
IINGN,140.92M,-,-8.23%,-13.14%,-13.12%,2.74,2.34,0.07,0.09,51.66%,-8.39%,-6.94%,Aug 06/a,5.31,2.51%,"248,977"
IINGR,6.34B,3.48%,7.47%,13.58%,9.45%,2.80,1.92,0.39,0.39,23.62%,12.24%,8.21%,Aug 04/b,100.49,-0.63%,"542,682"
IINHD,9.98M,-,-12.36%,-12.61%,-7.24%,137.23,127.14,0.00,0.01,3.68%,-67.86%,-72.70%,-,3.96,0.00%,"81,399"
IINIO,15.26B,-,-,-,-,1.25,0.79,12.75,12.91,-,-,-,Jul 28/b,20.35,3.83%,"2,920,666"
IINKM,-,4.81%,-,-,-,-,-,-,-,-,-,-,-,34.23,0.19%,"5,426"
IINKT,61.24M,-,-187.78%,-,-,1.23,1.23,-,-,-,-,-,Aug 13/b,12.00,-1.07%,"42,354"
IINLF,3.44M,-,-25.19%,-41.26%,-33.72%,2.11,1.48,0.00,0.29,22.21%,-31.60%,-29.59%,-,3.28,-2.09%,"37,901"
IINLX,25.49M,-,-17.33%,-26.60%,-27.03%,0.73,0.70,0.07,0.16,57.69%,-17.73%,-17.56%,Aug 12/a,5.67,5.78%,"4,537"
IINM,7.09M,-,-122.41%,-157.00%,-1168.44%,1.37,1.37,0.00,0.00,-6.30%,-510.84%,-669.61%,Sep 09/a,1.29,-1.53%,"28,135"
IINMB,61.61M,-,-56.37%,-73.60%,-84.60%,4.04,4.04,0.03,0.07,-,-,-,Aug 06/a,2.22,-3.90%,"228,375"
IINMD,856.46M,-,10.85%,12.33%,12.23%,8.18,7.28,0.01,0.01,76.52%,18.47%,20.69%,Aug 05/b,14.90,0.88%,"450,769"
IINMU,-,3.47%,-,-,-,-,-,-,-,-,-,-,-,23.33,0.30%,"287,032"
IINN,675.01M,5.70%,-0.19%,-0.61%,-0.24%,10.55,10.55,1.66,1.66,13.20%,8.82%,-3.29%,Aug 05/a,5.59,-1.41%,"687,446"
IINNV,1.47B,-,-0.44%,-1.08%,-0.82%,1.05,1.05,0.31,0.37,20.88%,6.70%,-0.26%,Sep 08/a,10.75,1.42%,"192,102"
IINO,129.25M,-,-114.64%,-409.87%,-711.67%,1.00,1.00,1.17,1.83,-,-,-,Aug 12/a,1.25,-2.34%,"2,392,904"
IINOD,1.83B,-,19.00%,37.74%,28.67%,1.72,1.72,0.02,0.02,42.31%,17.08%,14.66%,Aug 06/a,53.21,0.19%,"619,833"
IINOV,-,-,-,-,-,-,-,-,-,-,-,-,-,37.71,0.85%,745
IINQQ,-,1.05%,-,-,-,-,-,-,-,-,-,-,-,13.85,1.65%,"10,612"
IINR,946.26M,-,3.80%,16.20%,4.76%,0.87,0.87,0.73,0.73,50.56%,43.86%,9.82%,Aug 10/a,14.92,-2.99%,"378,955"
IINRO,-,0.59%,-,-,-,-,-,-,-,-,-,-,-,36.72,1.03%,"4,956"
IINSE,134.43M,-,-2.14%,-,-2.93%,2.27,1.95,-,-,57.25%,16.56%,-3.34%,Aug 05/a,5.10,-3.23%,"413,057"
IINSG,73.40M,-,-12.77%,-,-34.48%,1.07,0.91,-,-,36.15%,-2.14%,1.27%,Aug 05/a,4.47,4.44%,"276,497"
IINSM,28.26B,-,-38.20%,-87.22%,-58.85%,3.72,3.40,0.96,0.99,82.78%,-71.43%,-76.94%,Aug 06/b,129.41,1.67%,"1,698,268"
IINSP,2.11B,-,15.63%,17.96%,15.80%,8.55,6.16,0.04,0.04,86.13%,6.02%,15.03%,Aug 03/a,73.00,7.16%,"1,399,499"
IINSW,5.13B,14.39%,28.12%,37.41%,27.08%,5.94,5.76,0.27,0.29,59.53%,55.65%,61.86%,Aug 10/b,103.65,1.48%,"1,029,746"
IINT,-,-,-,-,-,-,-,-,-,-,-,-,-,18.79,4.39%,"25,159"
IINTA,2.85B,-,-5.01%,-9.87%,-12.39%,0.73,0.73,0.05,0.07,74.98%,-6.06%,-7.15%,Aug 04/a,37.23,-2.13%,"553,040"
IINTC,544.15B,0.04%,-5.72%,-12.18%,-8.30%,1.60,1.25,0.55,0.58,39.05%,8.03%,-19.79%,Jul 23/a,102.94,2.61%,"86,990,385"
IINTF,-,2.91%,-,-,-,-,-,-,-,-,-,-,-,42.71,0.87%,"159,907"
IINTG,81.10M,-,-0.20%,-,-0.19%,0.80,0.80,-,-,18.28%,14.37%,-0.29%,-,37.74,-2.47%,"54,032"
IINTJ,6.41M,-,-20.35%,-21.86%,-17.62%,27.28,27.28,0.02,0.03,63.74%,-108.03%,-98.17%,-,3.00,7.14%,"14,573"
IINTL,-,3.31%,-,-,-,-,-,-,-,-,-,-,-,31.25,1.09%,"6,373"
IINTM,-,3.62%,-,-,-,-,-,-,-,-,-,-,-,50.56,0.20%,734
IINTR,2.51B,2.34%,1.64%,15.50%,12.50%,0.38,-,0.14,3.10,-,11.39%,8.99%,Aug 05/a,5.71,-1.21%,"3,501,513"
IINTS,13.12M,-,-139.85%,-195.88%,-120.34%,5.00,5.00,0.01,0.01,-,-,-,Aug 11/b,4.02,-0.50%,"10,475"
IINTT,146.47M,-,1.05%,1.49%,1.36%,2.49,1.62,0.07,0.14,40.88%,1.95%,1.22%,Aug 10/b,11.42,1.78%,"91,108"
IINTU,85.94B,1.65%,12.38%,23.60%,17.51%,1.51,1.51,0.37,0.44,77.91%,28.80%,21.29%,Aug 25/a,321.57,2.81%,"2,305,922"
IINTW,-,-,-,-,-,-,-,-,-,-,-,-,-,23.85,5.11%,"3,778,436"
IINTZ,20.71M,-,-76.85%,-153.59%,-214.26%,0.39,0.39,0.85,1.72,55.23%,-190.86%,-191.35%,Aug 11/a,0.85,2.77%,"59,403"
IINUV,10.20M,-,-16.00%,-43.91%,-29.73%,0.60,0.60,0.81,1.24,40.51%,-18.75%,-8.56%,Aug 11/a,0.62,-0.10%,"122,026"
IINV,79.20M,-,-20.07%,-52.63%,-51.91%,1.20,1.15,0.03,0.12,-1199.71%,-3190.62%,-3024.36%,Aug 13/a,0.94,-9.13%,"6,004,016"
IINVA,1.49B,-,23.53%,36.68%,23.78%,16.01,15.18,0.22,0.22,69.98%,35.83%,78.72%,Aug 05/a,20.66,0.19%,"839,914"
IINVE,62.53M,-,-10.37%,-10.93%,-11.44%,20.35,19.04,0.00,0.01,15.66%,-78.62%,-66.38%,Aug 12/a,2.58,-2.27%,"135,834"
IINVG,-,4.63%,-,-,-,-,-,-,-,-,-,-,-,24.58,-0.02%,354
IINVH,16.27B,4.36%,3.55%,7.04%,3.74%,0.69,0.69,0.95,0.95,30.94%,25.90%,11.82%,Jul 29/a,27.54,-0.07%,"6,086,119"
IINVN,-,0.24%,-,-,-,-,-,-,-,-,-,-,-,25.82,0.81%,"1,471"
IINVX,2.11B,-,4.82%,5.99%,5.52%,5.01,3.32,0.05,0.07,26.06%,11.18%,6.17%,Aug 03/a,30.13,1.48%,"753,459"
IINVZ,92.98M,-,-60.11%,-114.79%,-104.46%,1.73,1.60,0.60,0.73,6.54%,-153.51%,-153.10%,Aug 05/b,0.31,-3.88%,"1,353,274"
IINYY,-,26.67%,-,-,-,-,-,-,-,-,-,-,-,37.69,1.21%,"46,491"
IIOCT,-,-,-,-,-,-,-,-,-,-,-,-,-,38.15,0.60%,"13,830"
IION,-,1.52%,-,-,-,-,-,-,-,-,-,-,-,50.11,-1.42%,"4,373"
IIONC,-,-,-,-,-,-,-,-,-,-,-,-,-,10.06,-0.61%,44
IIOND,3.75B,-,-,-,-,24.39,24.39,0.00,0.00,-,-,-,Aug 19/a,83.39,4.39%,"499,447"
IIONL,-,-,-,-,-,-,-,-,-,-,-,-,-,10.89,-1.27%,"610,077"
IIONQ,14.89B,-,-34.03%,-61.59%,-41.02%,10.66,10.19,0.01,0.02,-33.18%,-392.49%,-560.87%,Aug 05/a,36.75,-0.24%,"15,395,512"
IIONR,215.36M,-,-3.16%,-3.19%,-2.93%,25.76,25.76,0.00,0.00,-,-,-,Aug 12/a,2.79,-4.12%,"85,819"
IIONS,9.01B,-,-18.89%,-105.42%,-21.59%,7.89,7.73,4.95,4.98,95.66%,-68.09%,-64.64%,Jul 29/b,54.21,-2.59%,"2,175,778"
IIONX,-,8.38%,-,-,-,-,-,-,-,-,-,-,-,19.81,-0.75%,"1,107,744"
IIONZ,-,-,-,-,-,-,-,-,-,-,-,-,-,30.92,-0.93%,"152,471"
IIOO,-,0.81%,-,-,-,-,-,-,-,-,-,-,-,144.07,1.05%,"908,480"
IIOPP,-,0.38%,-,-,-,-,-,-,-,-,-,-,-,26.33,0.56%,111
IIOR,75.73M,-,2.96%,2.96%,2.92%,29169.00,29169.00,0.00,0.00,-,-,-,-,18.50,0.00%,34
IIOSP,2.30B,2.03%,6.65%,9.21%,8.82%,2.78,1.87,0.03,0.04,27.46%,8.13%,6.60%,Aug 04/a,93.23,0.16%,"155,543"
IIOSX,-,-,-,-,-,-,-,-,-,-,-,-,-,33.53,3.76%,75
IIOT,22.48B,-,3.64%,6.43%,5.46%,1.37,1.31,0.04,0.04,76.38%,1.05%,4.90%,Sep 03/a,38.38,-0.16%,"6,748,851"
IIOTR,11.51M,-,-16.73%,-37.91%,-21.68%,1.80,1.41,0.20,0.35,21.42%,-7.37%,-7.91%,-,2.37,2.90%,"21,583"
IIOVA,3.90B,-,-31.76%,-40.36%,-37.15%,4.35,3.82,0.06,0.06,37.14%,-91.17%,-89.11%,Aug 06/b,8.60,5.65%,"12,388,719"
IIOYY,-,220.39%,-,-,-,-,-,-,-,-,-,-,-,5.86,-2.17%,"15,446"
IIP,18.20B,5.46%,-6.91%,-16.48%,-13.54%,1.10,0.84,0.75,0.83,18.92%,0.86%,-14.14%,Jul 30/b,34.36,0.20%,"4,586,506"
IIPAC,-,3.70%,-,-,-,-,-,-,-,-,-,-,-,86.32,1.48%,"44,596"
IIPAR,3.59B,2.86%,10.99%,19.62%,17.12%,3.31,2.00,0.13,0.19,63.82%,17.26%,11.17%,Aug 04/a,112.01,1.38%,"171,781"
IIPAV,-,1.49%,-,-,-,-,-,-,-,-,-,-,-,32.12,0.79%,27
IIPAY,-,0.83%,-,-,-,-,-,-,-,-,-,-,-,49.43,1.04%,"61,302"
IIPDN,1.76M,-,-70.22%,-95.70%,-63.07%,0.78,0.78,0.00,0.01,-2.34%,-144.29%,-143.85%,-,0.12,-13.39%,"18,447,869"
IIPEX,35.91M,-,-0.28%,-0.29%,-0.29%,0.05,0.05,0.01,0.01,-,-,-,Sep 02,8.10,-5.59%,"75,957"
IIPFX,339.02M,-,-,-,-,1.55,1.55,0.00,0.00,-,-,-,-,10.05,0.00%,"103,231"
IIPGP,3.40B,-,1.15%,1.30%,1.29%,6.18,4.80,0.01,0.01,39.87%,3.96%,2.58%,Aug 04/b,79.99,2.12%,"305,755"
IIPHA,208.88M,-,-59.12%,-271.32%,-,1.27,1.27,-,-,-,-2179.46%,-1783.80%,Sep 17/b,1.87,-0.53%,"8,324"
IIPHXU,290.38M,-,-,-,-,0.57,0.57,0.00,1.00,-,-,-,-,10.10,0.00%,"13,071"
IIPI,533.96M,-,2.00%,2.52%,2.53%,6.33,4.21,0.01,0.01,19.50%,5.95%,4.46%,Aug 04/a,39.68,-1.49%,"161,694"
IIPKW,-,3.33%,-,-,-,-,-,-,-,-,-,-,-,61.51,1.47%,"14,520"
IIPM,16.99M,-,-12.81%,-20.68%,-18.82%,1.40,1.40,0.23,0.26,39.90%,-12.98%,-14.80%,Aug 11/a,1.88,0.53%,"1,331"
IIPO,-,0.45%,-,-,-,-,-,-,-,-,-,-,-,52.32,1.26%,"22,464"
IIPOS,-,0.64%,-,-,-,-,-,-,-,-,-,-,-,22.67,-0.55%,"1,076"
IIPSC,351.29M,-,-38.41%,-49.65%,-41.12%,8.28,8.28,0.15,0.17,-,-,-,Aug 12/b,1.94,0.00%,"465,691"
IIPST,2.67M,-,-576.88%,-1255.58%,-592.80%,0.43,0.26,0.05,0.14,53.92%,-110.09%,-1881.60%,-,3.70,-1.60%,"23,161"
IIPVV,252.89M,-,-,-,-,51.24,51.24,0.00,0.00,-,-,-,-,9.84,0.00%,0
IIPW,1.69M,-,-26.82%,-51.77%,-40.94%,2.20,1.81,0.37,0.46,39.95%,-25.81%,-28.16%,-,1.77,4.12%,"63,445"
IIPWR,78.72M,-,-39.61%,-43.05%,-27.81%,27.86,27.82,0.01,0.01,-1564.66%,-39893.89%,-39282.85%,Aug 13/b,4.79,-0.62%,"102,475"
IIPX,676.23M,-,-44.04%,-50.48%,-48.36%,4.03,4.00,0.03,0.04,-,-,-,Mar 12/b,18.67,-3.86%,"238,310"
IIPXG,315.19M,-,-,-,-,0.79,0.79,0.00,0.00,-,-,-,-,10.06,0.10%,"9,861"
IIQ,502.26M,-,-1.83%,-6.42%,-3.53%,0.45,0.45,0.83,1.12,17.92%,-1.55%,-3.24%,Aug 18/b,0.95,1.68%,"2,718,778"
IIQDF,-,2.90%,-,-,-,-,-,-,-,-,-,-,-,35.92,0.69%,"22,071"
IIQDG,-,2.36%,-,-,-,-,-,-,-,-,-,-,-,43.82,1.04%,"22,407"
IIQDY,-,2.90%,-,-,-,-,-,-,-,-,-,-,-,43.62,0.78%,"2,014"
IIQHI,-,7.22%,-,-,-,-,-,-,-,-,-,-,-,25.67,0.38%,"8,968"
IIQI,520.91M,7.68%,-,-,-,-,-,-,-,-,-,-,-,9.85,1.13%,"289,171"
IIQLT,-,2.37%,-,-,-,-,-,-,-,-,-,-,-,50.48,0.58%,"1,468,402"
IIQM,-,-,-,-,-,-,-,-,-,-,-,-,-,107.35,1.78%,"2,403"
IIQMM,-,1.90%,-,-,-,-,-,-,-,-,-,-,-,100.13,0.03%,"513,670"
IIQMX,1.96B,-,-16.35%,-20.20%,-16.98%,3.11,2.67,0.07,0.12,45.79%,-492.10%,-489.45%,Aug 04/b,10.32,0.88%,"276,413"
IIQQ,-,-,-,-,-,-,-,-,-,-,-,-,-,24.19,0.88%,"417,087"
IIQQQ,-,5.87%,-,-,-,-,-,-,-,-,-,-,-,48.04,0.84%,"24,743"
IIQSI,-,2.67%,-,-,-,-,-,-,-,-,-,-,-,38.61,0.94%,"1,310"
IIQSM,-,1.05%,-,-,-,-,-,-,-,-,-,-,-,39.61,0.94%,14
IIQST,10.32M,-,-19.24%,-85.97%,-74.97%,1.09,1.09,0.00,0.21,2.49%,-0.74%,-2.63%,Aug 19/b,0.95,-2.47%,"151,243"
IIQSU,-,0.97%,-,-,-,-,-,-,-,-,-,-,-,62.49,1.19%,"2,147"
IIQSZ,-,1.42%,-,-,-,-,-,-,-,-,-,-,-,32.47,1.01%,30
IIQV,43.09B,-,4.70%,23.01%,6.83%,0.71,0.71,2.26,2.63,26.02%,13.90%,8.09%,Jul 28/b,261.77,1.74%,"1,428,623"
IIR,28.30B,0.07%,5.29%,9.47%,6.73%,1.62,1.15,0.40,0.47,37.60%,18.62%,12.08%,Jul 30/a,72.93,-0.22%,"5,645,193"
IIRAB,229.96M,-,-,-,1.20%,2.04,2.04,0.00,0.00,-,-,-,-,10.00,0.00%,16
IIRD,502.50M,-,-163.50%,-4796.52%,-463.48%,12.19,12.19,-,-,99.46%,-513.47%,-1091.82%,Aug 06/b,6.04,-0.49%,"4,658,018"
IIRDM,5.01B,1.31%,3.63%,19.72%,4.20%,2.78,2.31,3.70,3.73,47.73%,23.76%,10.55%,Jul 22/b,47.30,0.57%,"621,820"
IIRE,-,-,-,-,-,-,-,-,-,-,-,-,-,10.82,0.84%,"5,685,331"
IIREC,-,-,-,-,-,-,-,-,-,-,-,-,-,23.75,-0.33%,139
IIREG,-,-,-,-,-,-,-,-,-,-,-,-,-,8.86,0.61%,"604,817"
IIREN,17.25B,-,-7.34%,-23.41%,-5.99%,3.55,3.55,1.80,1.87,9.84%,-53.68%,-99.38%,Aug 27/a,43.83,0.44%,"28,813,964"
IIREX,-,-,-,-,-,-,-,-,-,-,-,-,-,15.73,1.03%,"1,859,683"
IIREZ,-,-,-,-,-,-,-,-,-,-,-,-,-,8.89,-0.78%,"1,542,709"
IIRHO,294.81M,-,2.18%,2.29%,1.15%,2.94,2.94,0.00,0.00,-,-,-,-,10.05,-0.10%,39
IIRIX,11.59M,-,-12.06%,-73.15%,-47.22%,1.82,1.08,1.06,1.10,35.31%,-5.39%,-6.88%,Aug 18/a,0.66,-2.24%,"70,417"
IIRM,34.29B,2.94%,1.99%,-,2.31%,0.73,0.73,-,-,39.81%,20.65%,5.54%,Aug 05/b,115.18,2.02%,"1,350,873"
IIRMD,1.05B,0.94%,20.82%,23.52%,22.66%,9.46,8.13,0.00,0.00,75.86%,31.92%,26.70%,Jul 31/b,82.22,0.43%,"285,625"
IIROC,-,5.28%,-,-,-,-,-,-,-,-,-,-,-,49.35,0.52%,"20,528"
IIRON,2.69B,-,-35.12%,-39.08%,-34.89%,24.14,24.14,0.09,0.09,-,-,-,Jul 30/b,70.06,-5.50%,"628,948"
IIRS,1.31B,-,8.55%,18.21%,12.39%,1.75,1.71,0.37,0.45,60.86%,41.85%,57.47%,May 06/a,15.54,-0.19%,"201,161"
IIRT,3.66B,4.60%,0.72%,1.29%,0.76%,0.53,0.53,0.70,0.73,20.61%,17.04%,6.54%,Aug 03/a,15.19,-0.26%,"4,139,844"
IIRTC,3.67B,-,-1.36%,-9.63%,-1.56%,3.85,3.74,3.82,3.91,71.45%,1.38%,-1.69%,Aug 06/a,111.43,-1.28%,"524,567"
IIRTR,-,3.14%,-,-,-,-,-,-,-,-,-,-,-,31.69,0.29%,"24,824"
IIRVH,-,5.83%,-,-,-,-,-,-,-,-,-,-,-,18.77,-0.23%,"1,036"
IIRWD,674.18M,-,41.35%,-,56.04%,6.06,6.06,-,-,99.53%,60.64%,33.36%,Aug 06/b,4.08,2.77%,"1,249,559"
IISBA,300.27M,2.85%,0.91%,8.51%,7.17%,0.04,-,0.12,0.59,-,21.64%,16.78%,Jul 24/a,39.36,1.16%,"27,384"
IISBG,-,13.14%,-,-,-,-,-,-,-,-,-,-,-,15.62,0.97%,"9,001"
IISCB,-,1.29%,-,-,-,-,-,-,-,-,-,-,-,73.70,0.62%,807
IISCF,-,3.56%,-,-,-,-,-,-,-,-,-,-,-,45.39,0.78%,"37,051"
IISCG,-,0.60%,-,-,-,-,-,-,-,-,-,-,-,62.25,0.73%,"20,569"
IISCV,-,1.84%,-,-,-,-,-,-,-,-,-,-,-,78.86,0.69%,"25,346"
IISD,403.80M,10.40%,-,-,-,-,-,-,-,-,-,-,-,12.11,-0.41%,"134,335"
IISEP,-,-,-,-,-,-,-,-,-,-,-,-,-,35.48,0.61%,"41,313"
IISHG,-,1.44%,-,-,-,-,-,-,-,-,-,-,-,75.75,0.05%,"33,446"
IISHP,-,1.16%,-,-,-,-,-,-,-,-,-,-,-,34.88,1.03%,17
IISMD,-,1.14%,-,-,-,-,-,-,-,-,-,-,-,47.92,0.46%,"26,309"
IISMF,-,2.52%,-,-,-,-,-,-,-,-,-,-,-,28.66,0.08%,"5,298"
IISNR,277.70M,-,-,-,-,10.63,10.63,0.00,0.00,-,-,-,-,9.83,0.20%,98
IISOU,694.37M,-,-2.59%,-2.74%,-2.36%,10.20,10.20,0.00,0.01,-,-,-,-,10.64,-3.88%,"87,602"
IISPC,3.70M,-,-170.10%,-968.47%,-596.00%,0.82,0.82,0.10,0.14,-355.95%,-2020.04%,-2449.04%,-,1.47,-2.00%,"182,073"
IISPR,85.53M,-,-35.67%,-428.57%,-,1.02,0.92,-,-,14.51%,-37.67%,-38.20%,Sep 16/b,1.49,4.20%,"20,043"
IISPY,-,5.21%,-,-,-,-,-,-,-,-,-,-,-,48.07,0.80%,"64,641"
IISRA,-,1.32%,-,-,-,-,-,-,-,-,-,-,-,65.89,0.08%,965
IISRG,130.41B,-,15.30%,17.43%,17.28%,4.96,3.91,0.00,0.00,66.66%,31.28%,28.45%,Jul 16/a,369.15,2.41%,"3,351,568"
IISRL,-,-,-,-,-,-,-,-,-,-,-,-,-,24.98,1.27%,"2,189"
IISSB,-,10.85%,-,-,-,-,-,-,-,-,-,-,-,21.67,1.68%,"1,457"
IISTB,-,4.33%,-,-,-,-,-,-,-,-,-,-,-,47.52,-0.06%,"357,386"
IISTM,-,13.73%,-,-,-,-,-,-,-,-,-,-,-,30.61,0.53%,"6,945"
IISTR,425.30M,1.47%,1.02%,9.94%,5.63%,0.05,-,0.42,0.47,-,24.23%,16.50%,Jul 20/b,30.87,0.65%,"151,373"
IISUL,-,-,-,-,-,-,-,-,-,-,-,-,-,13.56,4.73%,"89,577"
IISVL,-,2.95%,-,-,-,-,-,-,-,-,-,-,-,54.68,0.97%,"8,650"
IISWN,-,2.90%,-,-,-,-,-,-,-,-,-,-,-,21.96,0.73%,542
IIT,11.34B,-,9.99%,113.57%,25.29%,0.78,0.78,-,-,66.70%,18.79%,11.99%,Aug 04/b,179.59,5.26%,"900,676"
IITA,-,0.49%,-,-,-,-,-,-,-,-,-,-,-,219.01,0.32%,"632,824"
IITAN,-,0.99%,-,-,-,-,-,-,-,-,-,-,-,44.55,1.62%,"8,736"
IITB,-,0.72%,-,-,-,-,-,-,-,-,-,-,-,89.54,1.50%,"1,587,083"
IITDB,-,1.92%,-,-,-,-,-,-,-,-,-,-,-,35.08,0.45%,"2,857"
IITDC,-,1.86%,-,-,-,-,-,-,-,-,-,-,-,36.84,0.52%,"6,368"
IITDD,-,1.65%,-,-,-,-,-,-,-,-,-,-,-,38.80,0.70%,"22,847"
IITDE,-,1.66%,-,-,-,-,-,-,-,-,-,-,-,40.46,0.70%,"3,812"
IITDF,-,1.46%,-,-,-,-,-,-,-,-,-,-,-,42.07,0.82%,"4,033"
IITDG,-,1.41%,-,-,-,-,-,-,-,-,-,-,-,42.89,0.92%,"1,096"
IITDH,-,1.40%,-,-,-,-,-,-,-,-,-,-,-,42.93,0.87%,"4,233"
IITDI,-,1.43%,-,-,-,-,-,-,-,-,-,-,-,42.91,0.93%,"2,292"
IITDJ,-,1.23%,-,-,-,-,-,-,-,-,-,-,-,33.36,0.85%,"9,256"
IITEQ,-,0.81%,-,-,-,-,-,-,-,-,-,-,-,60.46,0.33%,475
IITG,664.11M,-,-,-,-,2.80,2.80,23.99,25.46,-,-,-,Aug 12/a,13.71,0.88%,"156,125"
IITGR,4.28B,-,3.78%,7.50%,4.18%,3.73,2.41,0.79,0.79,22.80%,10.03%,6.98%,Aug 03/b,126.00,-0.04%,"449,912"
IITHA,308.20M,-,-,-,1.64%,7.62,7.62,0.00,0.00,-,-,-,-,10.05,-0.10%,"5,088"
IITIC,561.74M,0.62%,11.14%,14.63%,13.78%,3.05,-,0.02,0.03,-,17.70%,13.80%,-,297.53,-1.26%,"64,005"
IITM,-,3.12%,-,-,-,-,-,-,-,-,-,-,-,44.96,0.33%,"685,556"
IITOC,5.17M,-,-64.45%,-82.84%,-83.26%,8.83,8.72,0.00,0.02,62.59%,-991.71%,-974.68%,-,0.30,-0.43%,"33,141"
IITOT,-,0.99%,-,-,-,-,-,-,-,-,-,-,-,167.11,0.84%,"1,420,756"
IITP,2.78M,-,-5.99%,-6.92%,-6.97%,1.92,1.34,0.03,0.07,5.69%,-12.45%,-13.87%,-,0.16,-0.06%,"196,034"
IITRG,578.18M,-,3.23%,5.15%,3.63%,5.31,3.42,0.08,0.12,29.68%,25.68%,4.14%,Aug 11/a,2.85,3.26%,"7,070,526"
IITRI,4.10B,-,7.19%,16.97%,8.51%,2.75,2.29,0.99,0.99,38.75%,13.87%,11.90%,Jul 28/b,93.55,0.00%,"361,367"
IITRN,1.05B,5.70%,16.57%,30.17%,28.77%,2.03,1.82,0.02,0.02,49.95%,21.76%,16.28%,Aug 12/b,52.67,1.78%,"53,995"
IITT,18.25B,0.72%,5.25%,11.46%,5.44%,1.26,0.85,0.61,0.80,33.32%,17.45%,8.90%,Aug 06/b,204.14,4.03%,"786,515"
IITUB,45.02B,7.06%,1.54%,22.09%,7.05%,0.73,-,1.99,4.82,-,12.96%,11.69%,Aug 04/a,8.33,0.36%,"25,160,472"
IITW,76.37B,2.41%,19.63%,104.65%,33.82%,1.11,0.81,2.26,3.35,43.72%,26.50%,19.39%,Jul 28/b,268.16,1.12%,"1,019,627"
IITWO,-,7.49%,-,-,-,-,-,-,-,-,-,-,-,44.53,0.49%,"18,415"
IIUS,-,1.22%,-,-,-,-,-,-,-,-,-,-,-,69.48,0.91%,"21,477"
IIUSB,-,4.36%,-,-,-,-,-,-,-,-,-,-,-,44.79,-0.10%,"4,190,123"
IIUSG,-,0.49%,-,-,-,-,-,-,-,-,-,-,-,190.10,0.81%,"357,688"
IIUSV,-,1.64%,-,-,-,-,-,-,-,-,-,-,-,113.89,0.90%,"486,811"
IIVA,949.68M,-,-192.65%,-,-,3.15,3.15,-,-,33.27%,-3159.89%,-8165.65%,Sep 25/a,4.02,-2.90%,"1,713,180"
IIVAL,-,2.54%,-,-,-,-,-,-,-,-,-,-,-,37.22,1.09%,"9,759"
IIVDA,3.57M,-,-55.68%,-91.95%,-55.55%,4.39,4.20,0.05,0.14,32.22%,-68.54%,-69.23%,-,0.29,0.49%,"136,462"
IIVE,-,1.51%,-,-,-,-,-,-,-,-,-,-,-,235.32,0.89%,"586,173"
IIVEP,-,-,-,-,-,-,-,-,-,-,-,-,-,26.06,1.37%,"5,168"
IIVES,-,0.33%,-,-,-,-,-,-,-,-,-,-,-,39.44,0.56%,"456,414"
IIVF,2.43M,-,-26.06%,-61.53%,-31.16%,0.71,0.67,0.14,0.24,27.82%,-78.72%,-78.11%,Aug 17/b,0.97,0.53%,"55,816"
IIVLU,-,3.15%,-,-,-,-,-,-,-,-,-,-,-,44.63,1.32%,"809,666"
IIVOG,-,0.56%,-,-,-,-,-,-,-,-,-,-,-,138.92,0.91%,"12,468"
IIVOL,-,3.98%,-,-,-,-,-,-,-,-,-,-,-,16.75,-0.15%,"102,052"
IIVOO,-,1.20%,-,-,-,-,-,-,-,-,-,-,-,126.02,0.81%,"67,700"
IIVOV,-,1.64%,-,-,-,-,-,-,-,-,-,-,-,112.25,0.78%,"436,207"
IIVR,731.95M,21.18%,1.90%,14.12%,12.12%,0.04,0.04,0.00,6.27,96.52%,100.49%,31.68%,Jul 30/a,6.80,-1.59%,"3,323,271"
IIVSI,-,0.03%,-,-,-,-,-,-,-,-,-,-,-,29.50,0.96%,31
IIVSS,-,0.06%,-,-,-,-,-,-,-,-,-,-,-,29.77,0.39%,"2,238"
IIVSX,-,-,-,-,-,-,-,-,-,-,-,-,-,25.81,1.03%,"1,427"
IIVT,2.48B,3.11%,0.53%,0.85%,0.53%,1.72,1.72,0.62,0.62,28.03%,16.35%,4.78%,Aug 03/a,31.86,-0.53%,"677,982"
IIVV,-,1.07%,-,-,-,-,-,-,-,-,-,-,-,767.92,0.84%,"7,580,356"
IIVVB,-,1.15%,-,-,-,-,-,-,-,-,-,-,-,35.37,0.63%,"52,472"
IIVVD,231.53M,-,-69.69%,-95.89%,-57.14%,5.87,5.86,0.04,0.05,88.78%,-192.81%,-183.90%,Aug 13/a,0.79,1.24%,"4,384,924"
IIVVM,-,0.57%,-,-,-,-,-,-,-,-,-,-,-,37.76,0.53%,"52,904"
IIVVW,-,15.77%,-,-,-,-,-,-,-,-,-,-,-,45.38,0.87%,"36,833"
IIVW,-,0.36%,-,-,-,-,-,-,-,-,-,-,-,139.31,0.82%,"1,061,687"
IIVZ,14.25B,2.66%,-0.23%,-0.49%,-0.46%,0.99,0.99,0.13,0.13,65.11%,22.63%,-4.34%,Jul 28/b,32.28,1.10%,"3,286,822"
IIWB,-,0.90%,-,-,-,-,-,-,-,-,-,-,-,417.91,0.87%,"636,121"
IIWC,-,0.85%,-,-,-,-,-,-,-,-,-,-,-,190.84,0.39%,"29,803"
IIWD,-,1.37%,-,-,-,-,-,-,-,-,-,-,-,255.58,0.89%,"1,353,133"
IIWF,-,0.35%,-,-,-,-,-,-,-,-,-,-,-,122.27,0.78%,"2,493,980"
IIWFG,-,-,-,-,-,-,-,-,-,-,-,-,-,54.10,0.79%,211
IIWL,-,0.83%,-,-,-,-,-,-,-,-,-,-,-,189.95,0.90%,"63,552"
IIWLG,-,0.00%,-,-,-,-,-,-,-,-,-,-,-,55.94,1.05%,"13,606"
IIWM,-,0.92%,-,-,-,-,-,-,-,-,-,-,-,288.89,0.41%,"26,358,517"
IIWMI,-,14.13%,-,-,-,-,-,-,-,-,-,-,-,51.21,0.41%,"433,629"
IIWMW,-,20.13%,-,-,-,-,-,-,-,-,-,-,-,38.48,-0.10%,"10,632"
IIWMY,-,36.56%,-,-,-,-,-,-,-,-,-,-,-,17.85,0.14%,"49,475"
IIWN,-,1.45%,-,-,-,-,-,-,-,-,-,-,-,219.69,0.33%,"290,820"
IIWO,-,0.45%,-,-,-,-,-,-,-,-,-,-,-,367.63,0.54%,"867,001"
IIWP,-,0.36%,-,-,-,-,-,-,-,-,-,-,-,138.00,0.97%,"516,215"
IIWR,-,1.15%,-,-,-,-,-,-,-,-,-,-,-,109.86,0.83%,"1,109,199"
IIWS,-,1.30%,-,-,-,-,-,-,-,-,-,-,-,167.00,0.77%,"275,050"
IIWV,-,0.86%,-,-,-,-,-,-,-,-,-,-,-,434.07,0.86%,"121,079"
IIWX,-,1.36%,-,-,-,-,-,-,-,-,-,-,-,112.46,0.85%,"728,823"
IIWY,-,0.35%,-,-,-,-,-,-,-,-,-,-,-,286.66,0.76%,"276,632"
IIX,43.93B,3.04%,3.46%,13.81%,6.24%,1.12,0.95,1.22,1.34,44.10%,22.01%,18.04%,Aug 06/a,40.11,2.61%,"156,726"
IIXC,-,2.63%,-,-,-,-,-,-,-,-,-,-,-,59.67,0.10%,"1,045,520"
IIXG,-,2.11%,-,-,-,-,-,-,-,-,-,-,-,134.23,1.00%,"27,751"
IIXHL,38.99M,-,-100.36%,-117.17%,-64.32%,41.56,41.56,0.00,0.00,-,-,-,May 14,3.26,0.31%,"58,999"
IIXJ,-,1.43%,-,-,-,-,-,-,-,-,-,-,-,100.76,-0.13%,"92,594"
IIXN,-,0.24%,-,-,-,-,-,-,-,-,-,-,-,142.74,1.33%,"116,906"
IIXP,-,3.28%,-,-,-,-,-,-,-,-,-,-,-,119.89,1.25%,"6,712"
IIXUS,-,2.88%,-,-,-,-,-,-,-,-,-,-,-,97.22,0.98%,"1,717,609"
IIYC,-,0.52%,-,-,-,-,-,-,-,-,-,-,-,98.29,0.90%,"53,500"
IIYE,-,1.94%,-,-,-,-,-,-,-,-,-,-,-,68.82,0.31%,"2,944,255"
IIYF,-,1.41%,-,-,-,-,-,-,-,-,-,-,-,135.56,0.48%,"139,409"
IIYG,-,1.02%,-,-,-,-,-,-,-,-,-,-,-,96.63,0.70%,"52,683"
IIYH,-,1.15%,-,-,-,-,-,-,-,-,-,-,-,69.92,-0.11%,"255,816"
IIYJ,-,0.74%,-,-,-,-,-,-,-,-,-,-,-,158.47,1.24%,"26,599"
IIYK,-,2.58%,-,-,-,-,-,-,-,-,-,-,-,73.66,0.30%,"127,624"
IIYLD,-,4.67%,-,-,-,-,-,-,-,-,-,-,-,22.09,0.19%,"23,184"
IIYM,-,1.25%,-,-,-,-,-,-,-,-,-,-,-,186.56,0.28%,"875,445"
IIYR,-,2.25%,-,-,-,-,-,-,-,-,-,-,-,100.75,0.78%,"6,284,548"
IIYRI,-,11.29%,-,-,-,-,-,-,-,-,-,-,-,47.85,0.69%,"46,728"
IIYT,-,0.95%,-,-,-,-,-,-,-,-,-,-,-,82.14,0.13%,"529,345"
IIYW,-,0.10%,-,-,-,-,-,-,-,-,-,-,-,253.25,1.17%,"798,274"
IIYY,-,0.86%,-,-,-,-,-,-,-,-,-,-,-,185.97,0.77%,"12,765"
IIYZ,-,1.62%,-,-,-,-,-,-,-,-,-,-,-,43.26,2.63%,"3,875,196"
IIZEA,50.33M,-,-4.37%,-5.13%,-5.23%,7.83,7.83,0.00,0.00,42.17%,-15.76%,-9.36%,Aug 11/a,2.89,-2.36%,"25,845"
IIZM,2.58M,-,2.94%,7.76%,7.53%,1.58,1.46,0.03,0.99,3.27%,0.58%,0.64%,-,0.21,-8.32%,"129,545"
IIZRL,-,2.71%,-,-,-,-,-,-,-,-,-,-,-,28.57,1.30%,"6,910"
JJ,16.60B,0.92%,3.10%,10.14%,4.72%,1.29,1.29,1.21,1.24,22.01%,4.87%,2.40%,Aug 04/a,141.85,0.94%,"511,115"
JJA,-,2.53%,-,-,-,-,-,-,-,-,-,-,-,50.21,0.09%,"15,284"
JJAAA,-,5.33%,-,-,-,-,-,-,-,-,-,-,-,50.62,0.08%,"5,217,360"
JJABS,-,5.34%,-,-,-,-,-,-,-,-,-,-,-,49.54,-0.11%,"5,719"
JJACK,283.47M,-,2.39%,-,5.79%,0.58,0.57,-,-,24.97%,15.11%,6.83%,Aug 12/a,14.78,0.82%,"452,374"
JJACS,318.39M,-,3.51%,6.89%,3.45%,0.77,0.77,0.00,0.00,-,-,-,-,10.76,0.09%,"2,113"
JJADB,-,-,-,-,-,-,-,-,-,-,-,-,-,26.22,0.55%,7
JJADE,-,1.78%,-,-,-,-,-,-,-,-,-,-,-,80.57,0.84%,"6,117"
JJAGU,31.50M,-,-123.75%,-138.29%,-88.92%,37.62,37.62,0.00,0.00,-,-,-,Sep 02,1.56,-0.64%,"98,923"
JJAGX,1.62M,-,-88.27%,-498.47%,-395.01%,0.69,0.40,0.39,2.76,75.00%,-90.22%,-188.46%,Aug 19/b,0.31,-1.57%,"410,815"
JJAJL,-,-,-,-,-,-,-,-,-,-,-,-,-,30.23,0.17%,"11,350"
JJAKK,276.63M,4.14%,3.64%,6.67%,5.77%,1.72,1.36,0.13,0.19,32.01%,2.57%,2.77%,Jul 23/a,24.17,1.60%,"32,217"
JJAN,9.52B,1.61%,-,-,-,-,-,0.00,0.00,-,-,-,Aug 04/a,30.92,0.36%,"1,136,787"
JJANB,-,-,-,-,-,-,-,-,-,-,-,-,-,27.88,0.52%,"1,725"
JJANH,-,6.15%,-,-,-,-,-,-,-,-,-,-,-,25.08,0.10%,16
JJANI,-,-,-,-,-,-,-,-,-,-,-,-,-,26.03,0.91%,490
JJANJ,-,4.98%,-,-,-,-,-,-,-,-,-,-,-,24.99,0.06%,257
JJANM,-,-,-,-,-,-,-,-,-,-,-,-,-,34.33,0.18%,"4,632"
JJANP,-,-,-,-,-,-,-,-,-,-,-,-,-,35.56,0.50%,"5,168"
JJANT,-,-,-,-,-,-,-,-,-,-,-,-,-,45.07,0.58%,"1,376"
JJANU,-,-,-,-,-,-,-,-,-,-,-,-,-,30.49,0.75%,"2,254"
JJANW,-,-,-,-,-,-,-,-,-,-,-,-,-,39.43,0.34%,"7,487"
JJANX,1.05B,-,-10.06%,-10.70%,-10.84%,16.35,16.35,0.02,0.02,92.08%,-598.15%,-427.47%,Aug 06/a,17.10,-3.28%,"791,602"
JJANZ,-,1.30%,-,-,-,-,-,-,-,-,-,-,-,41.57,0.76%,540
JJAPN,-,0.24%,-,-,-,-,-,-,-,-,-,-,-,25.42,1.34%,"7,668"
JJATT,95.55M,-,-,-,-,5.19,5.19,0.00,0.00,-,-,-,-,12.25,-0.89%,"2,180"
JJAVA,-,1.17%,-,-,-,-,-,-,-,-,-,-,-,82.22,0.81%,"286,537"
JJAZZ,15.96B,-,8.54%,22.11%,11.50%,1.78,1.58,0.70,0.92,73.63%,20.76%,20.45%,Aug 03/a,245.80,2.21%,"422,911"
JJBBB,-,6.94%,-,-,-,-,-,-,-,-,-,-,-,47.35,-0.02%,"443,934"
JJBDI,-,-,-,-,-,-,-,-,-,-,-,-,-,1.20,-3.23%,"16,200"
JJBGS,848.41M,6.16%,-3.49%,-12.89%,-4.23%,4.89,4.89,2.41,2.41,25.46%,0.36%,-30.28%,Aug 10/b,11.37,0.98%,"601,080"
JJBHT,25.40B,0.67%,8.33%,18.45%,14.05%,1.26,1.26,0.31,0.31,10.50%,7.59%,5.31%,Jul 15/a,270.45,0.98%,"845,785"
JJBI,626.24M,-,2.54%,5.95%,2.81%,2.94,2.50,1.06,1.09,30.88%,10.84%,3.68%,Aug 11/b,4.59,0.44%,"1,908,742"
JJBIO,1.14B,-,-44.03%,-47.78%,-34.78%,14.93,14.93,0.00,0.00,-,-,-,Aug 10/b,17.89,-6.53%,"1,249,196"
JJBL,33.33B,0.10%,4.07%,66.10%,18.67%,0.98,0.66,2.49,2.94,8.98%,5.03%,2.57%,Sep 30/b,318.08,5.05%,"859,881"
JJBLG,-,-,-,-,-,-,-,-,-,-,-,-,-,12.24,9.54%,"1,683"
JJBLU,1.66B,-,-5.33%,-44.36%,-8.52%,0.70,0.63,5.55,5.91,12.73%,-5.88%,-9.32%,Jul 28/b,4.40,0.23%,"16,943,107"
JJBND,-,4.51%,-,-,-,-,-,-,-,-,-,-,-,51.87,-0.15%,"752,911"
JJBS,13.48B,7.34%,2.54%,13.39%,3.60%,1.53,0.77,2.77,2.97,11.47%,3.52%,1.22%,Aug 11/b,12.59,-0.24%,"5,627,866"
JJBSS,821.58M,1.35%,9.86%,16.72%,13.94%,2.08,0.62,0.17,0.29,17.87%,7.59%,5.27%,Aug 19/a,70.26,-0.82%,"89,892"
JJBTM,5.93B,0.36%,2.37%,4.36%,3.13%,1.24,0.70,0.37,0.38,35.82%,10.24%,4.90%,Aug 03/a,114.38,1.76%,"1,241,592"
JJCAL,-,0.87%,-,-,-,-,-,-,-,-,-,-,-,48.32,0.33%,"14,820"
JJCAP,1.23B,4.35%,7.64%,33.16%,9.27%,0.11,0.11,2.33,2.96,64.32%,45.82%,22.30%,Aug 13/a,21.38,0.85%,"183,699"
JJCE,286.50M,7.98%,-,-,-,-,-,-,-,-,-,-,-,16.85,0.24%,"41,931"
JJCHI,-,1.89%,-,-,-,-,-,-,-,-,-,-,-,52.36,0.20%,"1,977"
JJCI,88.44B,1.07%,5.31%,14.87%,16.43%,0.97,0.80,0.62,0.70,36.61%,14.39%,14.32%,Jul 29/b,146.01,2.24%,"5,788,249"
JJCPB,-,5.02%,-,-,-,-,-,-,-,-,-,-,-,45.47,-0.13%,"2,201,596"
JJCPI,-,4.25%,-,-,-,-,-,-,-,-,-,-,-,46.73,-0.62%,"39,081"
JJCSE,7.21M,-,9.83%,18.39%,14.21%,2.73,1.81,0.16,0.22,27.83%,0.94%,16.18%,-,1.44,-1.37%,"6,852"
JJCTC,10.30M,-,-34.66%,-43.68%,-55.88%,4.22,2.17,0.00,0.09,-4.72%,-18.01%,-20.95%,Apr 13/a,2.93,-0.11%,"6,735"
JJD,32.54B,3.34%,2.08%,6.68%,4.88%,1.14,0.80,0.36,0.48,16.51%,0.18%,1.14%,Aug 13/b,27.06,0.15%,"4,183,879"
JJDIV,-,1.69%,-,-,-,-,-,-,-,-,-,-,-,57.35,0.73%,400
JJDOC,-,0.84%,-,-,-,-,-,-,-,-,-,-,-,60.72,-0.15%,21
JJDST,-,11.45%,-,-,-,-,-,-,-,-,-,-,-,21.78,-1.98%,"840,444"
JJDVI,-,2.08%,-,-,-,-,-,-,-,-,-,-,-,41.08,1.42%,"7,995"
JJDVL,-,1.44%,-,-,-,-,-,-,-,-,-,-,-,31.97,0.76%,"43,668"
JJDZG,19.01M,-,-,-,-8.45%,4.03,4.03,0.01,0.14,37.03%,-45.58%,-41.19%,-,3.50,-0.85%,"921,349"
JJEDI,-,-,-,-,-,-,-,-,-,-,-,-,-,25.59,0.87%,"110,030"
JJEF,11.98B,3.16%,1.13%,7.96%,2.83%,1.51,1.51,1.76,3.49,91.24%,39.13%,6.82%,Jun 24/a,51.96,-3.65%,"2,143,658"
JJELD,178.73M,-,-22.38%,-227.72%,-38.14%,1.73,0.98,-,-,14.88%,-0.38%,-16.37%,Aug 03/a,2.06,1.48%,"831,229"
JJELH,-,2.92%,-,-,-,-,-,-,-,-,-,-,-,25.81,0.57%,"12,007"
JJELM,-,1.82%,-,-,-,-,-,-,-,-,-,-,-,25.80,0.82%,"24,206"
JJEM,-,-,-,-,-,-,-,-,-,-,-,-,-,4.01,1.78%,"27,408"
JJEMA,-,2.28%,-,-,-,-,-,-,-,-,-,-,-,63.02,1.65%,"126,605"
JJEMB,-,6.89%,-,-,-,-,-,-,-,-,-,-,-,52.45,0.06%,"2,430"
JJENA,301.92M,-,3.14%,3.34%,3.28%,6.03,6.03,0.00,0.00,-,-,-,-,10.48,0.00%,0
JJEPI,-,8.09%,-,-,-,-,-,-,-,-,-,-,-,56.65,0.69%,"3,596,990"
JJEPQ,-,11.32%,-,-,-,-,-,-,-,-,-,-,-,59.78,0.81%,"3,905,579"
JJETD,-,-,-,-,-,-,-,-,-,-,-,-,-,3.26,-2.98%,"87,585"
JJETS,-,0.83%,-,-,-,-,-,-,-,-,-,-,-,28.17,1.19%,"3,611,609"
JJETU,-,-,-,-,-,-,-,-,-,-,-,-,-,24.72,3.35%,"1,090"
JJF,16.20M,-,-11.28%,-,-,0.18,0.18,-,-,60.79%,-34.48%,-33.49%,-,0.95,2.81%,"2,751"
JJFB,100.04M,-,-30.76%,-35.23%,-21.35%,3.07,3.07,0.00,0.04,8.91%,-24.98%,-23.88%,Sep 02,4.95,0.00%,0
JJFIN,36.48M,-,2.71%,5.32%,4.48%,1.79,1.79,0.11,0.15,62.74%,5.35%,5.36%,Aug 28/b,1.44,0.00%,"18,575"
JJFLI,-,6.71%,-,-,-,-,-,-,-,-,-,-,-,53.38,0.46%,"4,540"
JJFLX,-,4.35%,-,-,-,-,-,-,-,-,-,-,-,49.33,-0.16%,"99,409"
JJFR,1.22B,12.87%,-,-,-,-,-,-,-,-,-,-,-,7.60,-0.39%,"372,366"
JJFU,23.54M,-,3.88%,4.50%,4.34%,2.71,2.71,-0.00,0.01,82.00%,118.70%,35.06%,-,2.70,-2.17%,634
JJG,30.68M,-,1.51%,9.69%,8.51%,0.73,0.73,0.17,0.32,68.85%,0.70%,1.52%,Aug 20/b,6.50,0.00%,"3,499"
JJGH,343.14M,10.23%,-,-,-,-,-,-,-,-,-,-,-,12.20,-0.49%,"73,506"
JJGLO,-,1.12%,-,-,-,-,-,-,-,-,-,-,-,72.83,1.00%,"51,848"
JJGRO,-,0.16%,-,-,-,-,-,-,-,-,-,-,-,93.92,0.70%,"594,033"
JJGRW,-,0.38%,-,-,-,-,-,-,-,-,-,-,-,27.45,0.97%,147
JJHAC,-,2.29%,-,-,-,-,-,-,-,-,-,-,-,15.61,0.90%,6
JJHAI,-,0.33%,-,-,-,-,-,-,-,-,-,-,-,34.01,0.81%,"1,996"
JJHCB,-,5.30%,-,-,-,-,-,-,-,-,-,-,-,20.49,0.04%,"20,944"
JJHCP,-,4.55%,-,-,-,-,-,-,-,-,-,-,-,24.33,-0.08%,"29,569"
JJHCR,-,4.30%,-,-,-,-,-,-,-,-,-,-,-,24.50,-0.16%,"55,306"
JJHDG,-,0.10%,-,-,-,-,-,-,-,-,-,-,-,27.93,0.72%,"6,379"
JJHDV,-,2.04%,-,-,-,-,-,-,-,-,-,-,-,47.02,0.76%,21
JJHEM,-,1.75%,-,-,-,-,-,-,-,-,-,-,-,40.67,1.42%,"12,853"
JJHHY,-,7.00%,-,-,-,-,-,-,-,-,-,-,-,25.28,0.03%,"18,213"
JJHI,110.27M,9.67%,-,-,-,-,-,-,-,-,-,-,-,12.61,-2.70%,"28,460"
JJHID,-,3.31%,-,-,-,-,-,-,-,-,-,-,-,44.17,0.74%,13
JJHLN,-,5.46%,-,-,-,-,-,-,-,-,-,-,-,24.57,-0.12%,"43,811"
JJHMB,-,4.91%,-,-,-,-,-,-,-,-,-,-,-,21.25,-0.19%,"15,758"
JJHMD,-,2.97%,-,-,-,-,-,-,-,-,-,-,-,45.85,0.75%,"32,665"
JJHML,-,0.95%,-,-,-,-,-,-,-,-,-,-,-,90.15,0.93%,"14,223"
JJHMM,-,0.89%,-,-,-,-,-,-,-,-,-,-,-,73.84,1.04%,"240,901"
JJHMU,-,3.92%,-,-,-,-,-,-,-,-,-,-,-,25.36,0.41%,"5,306"
JJHPI,-,6.05%,-,-,-,-,-,-,-,-,-,-,-,22.25,0.04%,"76,282"
JJHS,123.45M,5.94%,-,-,-,-,-,-,-,-,-,-,-,10.60,-1.49%,"22,262"
JJHSC,-,1.03%,-,-,-,-,-,-,-,-,-,-,-,47.59,0.60%,"18,479"
JJHX,16.53B,-,1.44%,3.31%,1.33%,1.59,1.03,0.68,0.69,35.88%,13.72%,2.69%,Aug 06/a,28.47,0.99%,"9,737,551"
JJIDE,-,-,-,-,-,-,-,-,-,-,-,-,-,51.87,0.90%,706
JJIG,-,1.95%,-,-,-,-,-,-,-,-,-,-,-,84.49,1.19%,"32,016"
JJIII,-,7.19%,-,-,-,-,-,-,-,-,-,-,-,48.53,-0.24%,"43,418"
JJILL,357.90M,1.50%,6.07%,20.78%,8.48%,1.30,0.86,1.29,1.57,66.05%,8.49%,4.62%,Sep 09/b,24.08,5.75%,"509,830"
JJIRE,-,2.67%,-,-,-,-,-,-,-,-,-,-,-,83.98,1.02%,"318,160"
JJIVE,-,1.85%,-,-,-,-,-,-,-,-,-,-,-,98.92,0.99%,"230,183"
JJJSF,1.56B,3.84%,3.56%,5.29%,4.65%,2.34,1.47,0.19,0.22,30.69%,6.04%,3.23%,Aug 05/b,83.29,0.88%,"185,723"
JJKHY,11.30B,1.54%,15.91%,24.04%,23.71%,1.03,1.03,0.03,0.04,43.60%,24.93%,19.85%,Aug 18/a,161.12,-0.19%,"783,137"
JJKS,575.48M,13.10%,-2.82%,-21.40%,-7.77%,1.13,0.82,1.90,3.40,4.76%,-8.66%,-5.84%,Aug 26/b,11.45,-1.97%,"808,978"
JJL,16.90M,-,10.76%,17.88%,14.25%,2.84,2.31,0.20,0.28,33.97%,7.00%,6.54%,-,4.74,-4.25%,"4,943"
JJLCO,-,-,-,-,-,-,-,-,-,-,-,-,-,25.36,0.85%,200
JJLHL,130.62M,-,8.66%,47.23%,31.68%,1.21,1.21,0.00,0.13,15.77%,11.21%,9.57%,Aug 18/b,6.09,1.00%,"55,697"
JJLL,15.96B,-,5.74%,13.78%,10.72%,1.13,1.13,0.25,0.46,99.17%,4.89%,3.64%,Jul 30/b,346.97,1.41%,"279,174"
JJLQD,-,6.07%,-,-,-,-,-,-,-,-,-,-,-,39.80,-0.13%,28
JJLS,92.12M,10.99%,-,-,-,-,-,-,-,-,-,-,-,16.82,0.06%,"6,695"
JJLVP,-,-,-,-,-,-,-,-,-,-,-,-,-,50.29,0.72%,101
JJMBS,-,5.84%,-,-,-,-,-,-,-,-,-,-,-,43.44,-0.18%,"582,243"
JJMEE,-,0.96%,-,-,-,-,-,-,-,-,-,-,-,75.60,0.76%,"126,872"
JJMHI,-,4.58%,-,-,-,-,-,-,-,-,-,-,-,48.42,0.69%,"228,276"
JJMIA,928.05M,-,-42.90%,-211.87%,-556.96%,0.88,0.76,10.64,15.65,52.44%,-27.46%,-27.54%,Aug 12/b,7.45,2.34%,"1,792,774"
JJMID,-,0.57%,-,-,-,-,-,-,-,-,-,-,-,31.27,1.42%,119
JJMKE,6.90B,-,-,-,-,1.82,1.82,0.35,0.36,-,-,-,Sep 09/b,21.71,-0.73%,"2,847,491"
JJMM,53.75M,6.13%,-,-,-,-,-,-,-,-,-,-,-,5.68,-0.53%,"1,706"
JJMMF,-,2.61%,-,-,-,-,-,-,-,-,-,-,-,100.11,-0.07%,"7,781"
JJMOM,-,0.74%,-,-,-,-,-,-,-,-,-,-,-,82.72,1.03%,"82,413"
JJMSB,325.28M,1.65%,1.04%,9.23%,6.78%,0.12,-,0.31,0.46,-,26.09%,20.40%,Jul 22/b,23.05,-0.60%,"85,950"
JJMSI,-,3.81%,-,-,-,-,-,-,-,-,-,-,-,48.31,0.54%,"97,020"
JJMST,-,2.58%,-,-,-,-,-,-,-,-,-,-,-,50.76,0.00%,"1,355,786"
JJMTG,-,4.46%,-,-,-,-,-,-,-,-,-,-,-,49.18,-0.18%,"286,683"
JJMUB,-,3.74%,-,-,-,-,-,-,-,-,-,-,-,48.69,0.47%,"2,345,854"
JJNEU,-,-,-,-,-,-,-,-,-,-,-,-,-,33.47,0.54%,"1,668"
JJNJ,640.02B,2.02%,10.67%,25.74%,17.20%,1.09,0.81,0.44,0.58,68.03%,26.99%,21.48%,Jul 15/b,265.58,-0.29%,"4,706,296"
JJNK,-,6.70%,-,-,-,-,-,-,-,-,-,-,-,94.61,-0.02%,"1,959,987"
JJNUG,-,1.58%,-,-,-,-,-,-,-,-,-,-,-,183.83,1.94%,"212,964"
JJOB,26.13M,-,-0.30%,-0.36%,-0.16%,4.95,4.95,0.05,0.07,36.83%,-0.67%,-0.10%,Aug 12/a,0.24,-0.92%,"276,752"
JJOBC,-,-,-,-,-,-,-,-,-,-,-,-,-,14.56,1.61%,43
JJOBX,-,-,-,-,-,-,-,-,-,-,-,-,-,8.25,1.66%,"83,122"
JJOBY,6.32B,-,-43.78%,-65.90%,-35.10%,17.98,17.98,0.42,0.42,-3.65%,-754.04%,-755.11%,Aug 05/a,6.39,1.27%,"32,746,767"
JJOE,3.75B,0.97%,8.05%,16.37%,10.88%,29.92,29.92,0.48,0.49,35.63%,30.18%,22.46%,Jul 29/a,65.86,3.07%,"253,792"
JJOET,-,0.61%,-,-,-,-,-,-,-,-,-,-,-,45.45,1.01%,"9,056"
JJOF,355.87M,8.61%,-,-,-,-,-,-,-,-,-,-,-,12.56,0.88%,"106,125"
JJOJO,-,5.29%,-,-,-,-,-,-,-,-,-,-,-,14.85,-0.03%,"1,057"
JJONE,281.90M,-,-,-,-,0.24,0.24,-,-,-,-,-,-,9.82,-0.10%,"3,661"
JJOUL,-,-,-,-,-,-,-,-,-,-,-,-,-,22.59,3.10%,642
JJOUT,462.61M,2.96%,-1.25%,-1.81%,-1.69%,3.37,1.95,0.10,0.12,39.67%,2.66%,-1.21%,Aug 07/b,44.61,0.85%,"28,429"
JJOYT,-,0.60%,-,-,-,-,-,-,-,-,-,-,-,59.26,0.76%,"9,036"
JJOYY,2.52B,6.21%,2.91%,3.37%,3.39%,2.01,2.01,0.00,0.01,34.81%,2.47%,9.58%,Aug 25/a,77.26,3.25%,"329,053"
JJPAN,-,3.20%,-,-,-,-,-,-,-,-,-,-,-,43.14,1.93%,798
JJPC,2.68B,10.57%,-,-,-,-,-,-,-,-,-,-,-,7.15,-0.14%,"1,641,966"
JJPEF,-,0.65%,-,-,-,-,-,-,-,-,-,-,-,81.01,0.88%,"71,368"
JJPEM,-,4.15%,-,-,-,-,-,-,-,-,-,-,-,66.77,0.31%,"11,303"
JJPFP,-,-,-,-,-,-,-,-,-,-,-,-,-,52.06,1.15%,176
JJPHY,-,6.46%,-,-,-,-,-,-,-,-,-,-,-,49.58,-0.08%,"22,940"
JJPIB,-,4.81%,-,-,-,-,-,-,-,-,-,-,-,47.10,-0.17%,"183,219"
JJPIE,-,5.65%,-,-,-,-,-,-,-,-,-,-,-,45.42,-0.02%,"4,314,736"
JJPIN,-,3.98%,-,-,-,-,-,-,-,-,-,-,-,76.93,0.99%,"3,371"
JJPLD,-,4.30%,-,-,-,-,-,-,-,-,-,-,-,51.61,0.06%,"991,605"
JJPM,946.93B,1.80%,1.35%,17.71%,7.41%,1.15,-,1.33,3.41,-,28.36%,21.39%,Jul 14/b,356.23,0.76%,"5,355,293"
JJPMB,-,5.83%,-,-,-,-,-,-,-,-,-,-,-,39.06,-0.04%,"6,183"
JJPME,-,1.75%,-,-,-,-,-,-,-,-,-,-,-,124.89,0.76%,"8,564"
JJPND,-,-,-,-,-,-,-,-,-,-,-,-,-,44.06,-6.83%,562
JJPNU,-,-,-,-,-,-,-,-,-,-,-,-,-,27.65,6.75%,40
JJPO,-,30.68%,-,-,-,-,-,-,-,-,-,-,-,14.28,0.84%,"13,828"
JJPRE,-,2.27%,-,-,-,-,-,-,-,-,-,-,-,51.71,0.68%,"5,023"
JJPRF,-,0.93%,-,-,-,-,-,-,-,-,-,-,-,49.09,-0.01%,"170,890"
JJPSE,-,1.35%,-,-,-,-,-,-,-,-,-,-,-,58.72,0.46%,"9,991"
JJPST,-,4.17%,-,-,-,-,-,-,-,-,-,-,-,50.36,0.02%,"4,902,891"
JJPSV,-,1.20%,-,-,-,-,-,-,-,-,-,-,-,68.54,0.44%,113
JJPUS,-,1.98%,-,-,-,-,-,-,-,-,-,-,-,141.57,0.68%,"3,193"
JJPXN,-,2.62%,-,-,-,-,-,-,-,-,-,-,-,104.80,2.27%,"2,659"
JJPY,-,1.11%,-,-,-,-,-,-,-,-,-,-,-,39.74,2.35%,406
JJQC,696.22M,13.25%,-,-,-,-,-,-,-,-,-,-,-,4.71,-0.42%,"435,798"
JJQUA,-,1.06%,-,-,-,-,-,-,-,-,-,-,-,73.56,0.84%,"418,486"
JJRI,434.74M,13.39%,-,-,-,-,-,-,-,-,-,-,-,12.01,-0.58%,"138,819"
JJRS,232.87M,8.68%,-,-,-,-,-,-,-,-,-,-,-,8.06,0.88%,"46,199"
JJRSH,67.31M,3.77%,5.79%,7.61%,7.08%,3.11,1.21,0.05,0.14,15.87%,4.52%,2.77%,Aug 10/b,5.30,0.57%,"50,257"
JJRVR,182.64M,1.01%,1.24%,4.93%,3.20%,0.40,-,0.50,0.50,-,7.41%,3.63%,Aug 10/a,3.95,2.60%,"395,100"
JJSCP,-,4.50%,-,-,-,-,-,-,-,-,-,-,-,46.37,-0.13%,"271,416"
JJSI,-,6.29%,-,-,-,-,-,-,-,-,-,-,-,50.39,-0.05%,"343,277"
JJSMD,-,0.44%,-,-,-,-,-,-,-,-,-,-,-,91.55,0.82%,"31,101"
JJSML,-,0.35%,-,-,-,-,-,-,-,-,-,-,-,86.76,0.45%,"32,603"
JJSPR,21.97M,-,-109.05%,-255.05%,-2248.48%,1.47,1.47,0.00,0.19,-,-,-,Aug 14/b,0.66,-5.77%,"294,293"
JJSTC,-,1.22%,-,-,-,-,-,-,-,-,-,-,-,22.58,0.98%,"17,202"
JJTAI,4.45M,-,18.34%,20.21%,12.97%,5.17,5.17,0.00,0.00,-4.70%,-95.12%,49.50%,May 15/b,1.25,0.00%,"60,322"
JJTEK,-,-,-,-,-,-,-,-,-,-,-,-,-,99.53,0.47%,"142,327"
JJTNY,-,0.93%,-,-,-,-,-,-,-,-,-,-,-,48.25,0.34%,"37,637"
JJTTT,97.45M,-,-,-,-,0.28,0.28,0.00,0.00,-,-,-,-,11.00,0.09%,"21,650"
JJUCY,-,8.20%,-,-,-,-,-,-,-,-,-,-,-,21.81,0.07%,"77,165"
JJUDB,-,-,-,-,-,-,-,-,-,-,-,-,-,26.27,0.50%,309
JJUDO,-,2.32%,-,-,-,-,-,-,-,-,-,-,-,28.28,0.91%,672
JJULB,-,-,-,-,-,-,-,-,-,-,-,-,-,28.09,0.55%,"5,034"
JJULC,-,-,-,-,-,-,-,-,-,-,-,-,-,25.66,0.57%,320
JJULH,-,6.32%,-,-,-,-,-,-,-,-,-,-,-,25.27,0.20%,"1,071"
JJULI,-,-,-,-,-,-,-,-,-,-,-,-,-,25.34,0.66%,"1,683"
JJULJ,-,5.59%,-,-,-,-,-,-,-,-,-,-,-,25.09,0.14%,206
JJULM,-,-,-,-,-,-,-,-,-,-,-,-,-,34.92,0.17%,"11,916"
JJULP,-,-,-,-,-,-,-,-,-,-,-,-,-,33.28,0.59%,"3,917"
JJULT,-,-,-,-,-,-,-,-,-,-,-,-,-,48.71,0.63%,823
JJULU,-,-,-,-,-,-,-,-,-,-,-,-,-,32.40,0.56%,"5,793"
JJULV,-,-,-,-,-,-,-,-,-,-,-,-,-,30.67,0.36%,"18,913"
JJULW,-,-,-,-,-,-,-,-,-,-,-,-,-,41.44,0.40%,"3,522"
JJULZ,-,5.56%,-,-,-,-,-,-,-,-,-,-,-,46.05,0.61%,68
JJUNC,-,-,-,-,-,-,-,-,-,-,-,-,-,25.36,0.59%,6
JJUNM,-,-,-,-,-,-,-,-,-,-,-,-,-,35.36,0.17%,166
JJUNP,-,-,-,-,-,-,-,-,-,-,-,-,-,32.26,0.59%,"9,668"
JJUNS,4.02M,-,-239.36%,-1888.70%,-,0.66,0.62,-,-,81.80%,-15166.68%,-14220.12%,-,3.05,-3.17%,"20,997"
JJUNT,-,-,-,-,-,-,-,-,-,-,-,-,-,38.50,0.65%,"3,866"
JJUNW,-,-,-,-,-,-,-,-,-,-,-,-,-,34.89,0.40%,"22,425"
JJUNZ,-,2.10%,-,-,-,-,-,-,-,-,-,-,-,35.75,0.64%,117
JJUSA,-,0.74%,-,-,-,-,-,-,-,-,-,-,-,68.76,0.80%,"21,139"
JJUST,-,0.93%,-,-,-,-,-,-,-,-,-,-,-,109.68,0.93%,"1,793"
JJVA,22.01M,2.08%,10.96%,16.32%,14.71%,4.14,1.75,0.03,0.13,16.26%,3.64%,4.86%,Sep 11/b,3.86,12.39%,"309,602"
JJVAL,-,1.60%,-,-,-,-,-,-,-,-,-,-,-,59.37,1.16%,"40,685"
JJWEL,5.32M,-,-26.31%,-44.27%,-50.91%,1.68,0.43,0.08,0.13,6.99%,-3.04%,-3.81%,-,2.24,5.41%,"88,356"
JJXG,107.94M,-,-30.28%,-48.53%,-45.02%,1.33,1.33,0.00,0.15,12.58%,-13.10%,-13.26%,May 15/b,8.95,-2.19%,"3,395"
JJXI,-,2.53%,-,-,-,-,-,-,-,-,-,-,-,80.93,-0.13%,"18,727"
JJXN,9.35B,2.61%,0.03%,1.01%,0.85%,-,-,0.21,0.28,-,1.25%,0.91%,Aug 03/a,138.12,-0.17%,"572,546"
JJXX,-,-,-,-,-,-,-,-,-,-,-,-,-,31.10,0.71%,"1,024"
JJYD,6.79M,-,-17.28%,-36.52%,-30.82%,1.51,1.51,0.08,0.31,3.32%,-5.90%,-5.98%,-,0.82,0.04%,"6,772"
JJYNT,111.02M,-,3.33%,10.64%,21.65%,1.79,1.79,0.11,0.13,78.82%,6.10%,6.49%,Aug 06/a,7.85,-2.24%,"96,960"
JJZ,1.30M,-,-22.56%,-39.91%,-23.15%,3.58,3.58,0.00,0.08,16.25%,-30.11%,-28.85%,-,0.76,-1.32%,"1,159,019"
JJZXN,1.60M,-,-53.02%,-57.16%,-31.51%,17.00,17.00,0.00,0.01,0.52%,-116.83%,-251.48%,-,1.15,-0.86%,"31,037"
KKAI,3.14B,0.53%,6.50%,11.26%,7.17%,2.59,1.63,0.50,0.50,44.44%,15.54%,9.52%,Aug 04/a,266.30,-6.96%,"281,020"
KKAIT,-,-,-,-,-,-,-,-,-,-,-,-,-,25.10,1.77%,"4,536"
KKALA,11.07M,-,-43.23%,-345.32%,-111.46%,6.88,6.88,0.00,0.00,-,-,-,-,0.57,1.69%,"111,595"
KKALU,2.57B,2.00%,8.37%,26.40%,11.33%,2.50,1.17,1.12,1.13,11.55%,8.24%,5.49%,Jul 22/a,157.20,-0.77%,"157,806"
KKAMO,-,1.81%,-,-,-,-,-,-,-,-,-,-,-,24.52,-0.08%,"33,577"
KKAPA,5.95M,-,-104.32%,-113.96%,-138.51%,11.98,11.98,0.00,0.00,-,-,-,Sep 02,1.76,4.64%,"33,241"
KKAPR,-,-,-,-,-,-,-,-,-,-,-,-,-,39.97,0.33%,"2,657"
KKARD,1.73B,-,-,-,-,8.72,8.72,0.02,0.02,-,-,-,Aug 11/b,18.52,-0.91%,"416,400"
KKARO,2.00B,1.25%,17.58%,29.19%,23.63%,1.02,1.01,0.15,0.30,67.96%,25.23%,17.74%,Jul 15/a,64.78,1.45%,"39,731"
KKARS,-,0.19%,-,-,-,-,-,-,-,-,-,-,-,29.16,-0.38%,"38,713"
KKAT,-,0.46%,-,-,-,-,-,-,-,-,-,-,-,57.69,0.56%,"13,150"
KKATT,-,-,-,-,-,-,-,-,-,-,-,-,-,23.40,11.33%,"3,241"
KKAUG,-,-,-,-,-,-,-,-,-,-,-,-,-,28.78,0.28%,"7,584"
KKAZR,39.20M,-,12.12%,20.65%,9.18%,2.99,2.99,0.25,0.40,6.57%,-24.14%,-15.05%,-,2.18,-7.02%,"497,058"
KKB,46.65B,2.53%,0.74%,10.97%,5.75%,0.18,-,1.00,2.88,-,17.71%,11.32%,Jul 23/b,132.01,4.31%,"174,920"
KKBA,-,1.49%,-,-,-,-,-,-,-,-,-,-,-,32.42,0.15%,"14,059"
KKBAB,-,129.15%,-,-,-,-,-,-,-,-,-,-,-,6.62,1.23%,"8,654"
KKBDC,855.85M,12.35%,3.24%,6.72%,3.27%,1.25,1.25,1.15,1.15,83.94%,70.08%,33.70%,Aug 10/a,12.96,0.00%,"178,555"
KKBDU,-,-,-,-,-,-,-,-,-,-,-,-,-,11.63,1.96%,"11,149"
KKBE,-,2.16%,-,-,-,-,-,-,-,-,-,-,-,68.04,0.12%,"1,032,907"
KKBFR,-,0.30%,-,-,-,-,-,-,-,-,-,-,-,27.01,0.51%,"4,068"
KKBH,3.01B,1.93%,3.92%,6.95%,4.67%,6.80,0.64,0.53,0.53,17.02%,5.96%,4.92%,Sep 22/a,49.16,2.95%,"2,126,227"
KKBON,444.55M,-,-,-,1.34%,1.58,1.58,0.00,0.00,-,-,-,-,10.10,0.00%,"247,202"
KKBR,4.61B,1.82%,6.29%,27.09%,9.62%,1.15,1.15,1.68,1.71,14.48%,9.97%,5.46%,Jul 30/b,36.59,0.38%,"1,347,907"
KKBSX,44.32M,-,-0.65%,-1.98%,-1.57%,0.94,0.54,0.91,2.34,45.28%,1.07%,-0.89%,Jul 28/a,0.99,1.02%,"1,567"
KKBUF,-,7.36%,-,-,-,-,-,-,-,-,-,-,-,25.62,0.05%,476
KKBWB,-,1.92%,-,-,-,-,-,-,-,-,-,-,-,96.85,0.59%,"1,004,431"
KKBWD,-,14.46%,-,-,-,-,-,-,-,-,-,-,-,11.95,-0.25%,"637,656"
KKBWP,-,1.90%,-,-,-,-,-,-,-,-,-,-,-,129.84,0.11%,"9,227"
KKBWY,-,8.50%,-,-,-,-,-,-,-,-,-,-,-,17.49,0.23%,"146,898"
KKC,2.97B,-,-2.17%,-7.70%,-4.73%,1.01,1.01,0.39,0.77,15.04%,-3.19%,-5.49%,Aug 19/b,9.96,0.61%,"842,638"
KKCA-U,239.09M,-,-,-,-,-,-,-,-,-,-,-,-,10.08,0.00%,0
KKCAI,-,3.51%,-,-,-,-,-,-,-,-,-,-,-,33.22,-0.30%,14
KKCCA,-,2.86%,-,-,-,-,-,-,-,-,-,-,-,16.87,-0.94%,"16,256"
KKCE,-,1.64%,-,-,-,-,-,-,-,-,-,-,-,163.28,-0.41%,"9,445"
KKCHV,357.99M,-,3.46%,3.55%,3.49%,11.47,11.47,0.00,0.00,-,-,-,-,10.45,0.00%,"13,640"
KKCOP,-,8.89%,-,-,-,-,-,-,-,-,-,-,-,23.62,-0.05%,"19,465"
KKCSH,-,3.86%,-,-,-,-,-,-,-,-,-,-,-,25.08,0.05%,355
KKD,2.86B,-,0.74%,7.55%,2.20%,0.66,0.66,2.70,4.61,21.85%,3.97%,0.58%,Aug 05/b,13.15,3.71%,"2,777,674"
KKDEC,-,-,-,-,-,-,-,-,-,-,-,-,-,28.59,0.35%,"5,316"
KKDEF,-,1.72%,-,-,-,-,-,-,-,-,-,-,-,43.12,2.62%,"26,327"
KKDK,750.31M,-,-80.66%,-107.22%,-453.10%,5.52,5.52,0.96,1.39,-298.81%,-2100.21%,-4960.84%,Aug 06/a,3.74,-1.58%,"3,218,026"
KKDP,42.72B,2.99%,2.01%,5.71%,2.70%,0.48,0.28,1.11,1.50,46.56%,16.95%,6.69%,Aug 06/b,31.39,-0.22%,"11,014,584"
KKDRN,-,3.37%,-,-,-,-,-,-,-,-,-,-,-,22.85,-0.09%,10
KKDVD,-,1.30%,-,-,-,-,-,-,-,-,-,-,-,28.73,0.62%,131
KKE,627.22M,-,2.58%,4.84%,3.95%,2.09,1.27,0.21,0.23,7.91%,3.63%,1.95%,Aug 12/a,26.17,5.27%,"176,982"
KKEAT,-,2.41%,-,-,-,-,-,-,-,-,-,-,-,34.53,-0.03%,102
KKEEL,2.20B,-,-33.49%,-75.62%,-31.93%,16.26,16.10,3.13,3.16,-68.22%,-121.10%,-230.59%,Aug 10/b,3.57,3.78%,"27,374,204"
KKEEX,-,-,-,-,-,-,-,-,-,-,-,-,-,7.28,7.52%,"210,172"
KKELYA,573.33M,1.89%,-11.43%,-24.38%,-24.91%,1.50,1.50,0.12,0.13,18.54%,0.76%,-6.74%,Aug 06/b,15.88,-0.25%,"199,631"
KKEMQ,-,5.12%,-,-,-,-,-,-,-,-,-,-,-,25.36,0.92%,224
KKEMX,-,2.33%,-,-,-,-,-,-,-,-,-,-,-,52.24,1.32%,"2,309"
KKEN,3.43B,5.84%,2.08%,8.16%,2.68%,3.22,3.22,1.88,2.02,18.31%,8.11%,10.12%,Sep 08/a,65.89,1.14%,"12,013"
KKEO,-,0.97%,-,-,-,-,-,-,-,-,-,-,-,25.64,1.62%,"1,125"
KKEP,15.68B,1.61%,3.10%,17.14%,6.27%,0.44,0.29,1.68,2.69,16.58%,12.91%,8.15%,Aug 14/b,12.21,2.69%,"1,017,504"
KKEQU,98.82M,-,4.46%,11.59%,6.86%,2.20,1.57,0.60,0.74,28.55%,5.43%,2.97%,Sep 09/a,34.45,-0.25%,"1,446"
KKEX,7.36B,-,5.78%,10.40%,7.68%,1.68,1.12,0.34,0.36,25.36%,13.86%,10.18%,Jul 29/b,139.42,0.60%,"419,681"
KKEY,23.31B,3.78%,1.08%,10.33%,6.60%,0.45,-,0.55,0.74,-,23.00%,17.04%,Jul 21/b,21.84,0.51%,"11,327,092"
KKEYG,-,-,-,-,-,-,-,-,-,-,-,-,-,12.35,7.68%,198
KKEYS,57.65B,-,11.33%,20.90%,14.67%,2.01,1.54,0.30,0.42,64.83%,24.35%,19.08%,Aug 18/a,338.64,3.99%,"522,469"
KKEYX,-,-,-,-,-,-,-,-,-,-,-,-,-,21.49,7.70%,8
KKEYY,379.85M,-,-,-,-,2.79,2.79,0.00,0.00,-,-,-,-,9.91,0.10%,15
KKF,282.68M,0.64%,-,-,-,-,-,-,-,-,-,-,-,67.98,3.45%,"17,824"
KKFEB,-,-,-,-,-,-,-,-,-,-,-,-,-,31.11,0.33%,"6,890"
KKFFB,45.77M,0.88%,0.52%,3.87%,1.93%,0.68,-,0.97,0.97,-,11.72%,8.94%,-,5.66,-4.87%,"9,665"
KKFII,418.67M,-,3.52%,3.64%,3.58%,36.73,36.73,0.00,0.00,-,-,-,-,10.67,0.00%,11
KKFRC,917.66M,3.12%,9.31%,28.27%,15.06%,1.93,1.93,0.96,0.99,27.28%,4.04%,2.71%,Jul 27/a,51.24,-0.49%,"257,367"
KKFY,4.23B,2.85%,7.42%,14.21%,10.80%,2.37,2.37,0.28,0.30,21.71%,13.38%,9.24%,Sep 09/b,77.59,-0.70%,"510,948"
KKG,51.36M,-,-6.20%,-26.91%,-13.18%,0.61,-,1.55,1.55,-,-54.92%,-86.31%,Aug 07/b,6.57,4.04%,"56,362"
KKGC,34.56B,0.51%,25.37%,36.95%,30.59%,2.89,1.95,0.08,0.08,53.64%,50.08%,37.52%,Jul 29/a,29.13,0.69%,"9,057,790"
KKGEI,235.31M,-,6.78%,9.30%,7.39%,0.46,0.46,0.20,0.21,56.46%,44.80%,26.96%,Aug 13/b,6.56,0.46%,"102,720"
KKGLD,-,15.56%,-,-,-,-,-,-,-,-,-,-,-,27.32,0.89%,"69,620"
KKGRN,-,1.04%,-,-,-,-,-,-,-,-,-,-,-,22.21,-0.23%,"7,764"
KKGS,6.46B,3.13%,1.63%,4.60%,1.62%,1.45,1.15,1.30,1.31,43.25%,32.65%,5.63%,Aug 06/a,63.85,2.16%,"1,228,855"
KKHC,29.17B,6.51%,-4.39%,-8.78%,-6.33%,1.06,0.68,0.49,0.53,33.22%,17.12%,-13.64%,Aug 05/b,24.60,0.86%,"123,784,148"
KKHPI,-,8.95%,-,-,-,-,-,-,-,-,-,-,-,25.88,0.66%,"106,601"
KKHYB,-,8.47%,-,-,-,-,-,-,-,-,-,-,-,24.05,0.19%,"8,972"
KKIDS,575.98M,-,-7.83%,-11.36%,-8.91%,4.78,2.17,0.30,0.31,64.77%,-9.01%,-15.72%,Aug 04/a,22.06,2.32%,"239,520"
KKIDZ,2.90M,-,-52.99%,-151.17%,-83.24%,3.89,3.89,0.15,0.20,38.91%,-128.81%,-338.49%,-,3.38,-4.39%,"53,815"
KKIE,-,1.57%,-,-,-,-,-,-,-,-,-,-,-,62.35,0.16%,"1,030,957"
KKIM,15.56B,4.63%,3.04%,5.82%,3.25%,0.97,0.97,0.81,0.89,40.98%,34.51%,26.13%,Aug 04/b,23.19,-0.43%,"13,001,375"
KKINS,278.23M,1.09%,9.17%,31.51%,26.52%,0.41,-,0.03,0.03,-,19.78%,15.68%,Aug 06/a,19.22,-0.16%,"101,985"
KKIO,448.79M,13.37%,-,-,-,-,-,-,-,-,-,-,-,10.95,0.00%,"425,013"
KKIQQ,-,5.84%,-,-,-,-,-,-,-,-,-,-,-,24.83,0.85%,42
KKITT,4.90M,-,-118.72%,-1474.41%,-889.77%,0.13,0.13,0.00,4.25,-269.45%,-568.30%,-1142.13%,Aug 13/b,0.66,1.91%,"238,802"
KKJAN,-,-,-,-,-,-,-,-,-,-,-,-,-,46.09,0.45%,"5,354"
KKJD,-,-,-,-,-,-,-,-,-,-,-,-,-,15.07,0.48%,"1,923"
KKJUL,-,-,-,-,-,-,-,-,-,-,-,-,-,33.48,0.36%,"2,803"
KKJUN,-,-,-,-,-,-,-,-,-,-,-,-,-,29.49,0.30%,"1,425"
KKKR,90.73B,0.78%,0.79%,10.64%,3.69%,5.25,5.25,1.75,1.78,46.05%,23.46%,12.71%,Jul 30/b,101.08,0.21%,"2,635,552"
KKLAC,236.01B,0.52%,28.40%,87.50%,38.81%,2.82,1.97,0.96,0.97,60.13%,41.68%,35.59%,Jul 28/a,180.64,1.95%,"7,491,328"
KKLAG,-,-,-,-,-,-,-,-,-,-,-,-,-,23.79,3.77%,"40,834"
KKLAR,5.22B,-,-0.77%,-5.98%,-5.86%,0.86,0.86,0.00,0.69,57.51%,-1.24%,-3.54%,Aug 18/b,13.83,0.22%,"5,294,582"
KKLC,280.89M,-,-13.10%,-67.78%,-16.79%,0.74,0.74,5.02,5.39,13.62%,2.98%,-17.23%,Aug 13/a,2.37,-5.58%,"819,833"
KKLIC,4.51B,0.95%,9.47%,13.23%,12.26%,3.44,2.74,0.04,0.04,48.15%,13.06%,12.18%,Aug 05/a,86.13,3.81%,"366,197"
KKLIP,-,28.87%,-,-,-,-,-,-,-,-,-,-,-,22.25,0.36%,"25,222"
KKLMN,-,1.18%,-,-,-,-,-,-,-,-,-,-,-,31.48,0.88%,10
KKLMT,-,1.72%,-,-,-,-,-,-,-,-,-,-,-,35.18,1.02%,23
KKLRA,1.81B,-,-,-,-,11.11,11.11,0.01,0.01,-,-,-,Aug 12/a,13.94,-6.51%,"815,442"
KKLRS,73.82M,-,-46.02%,-79.91%,-75.37%,10.92,10.92,0.02,0.02,-,-,-,Aug 11/b,3.38,2.42%,"95,102"
KKLTR,215.10M,-,-7.40%,-134.25%,-80.58%,0.51,0.51,8.19,25.75,71.72%,-1.99%,-6.92%,Aug 05/b,1.41,-1.40%,"190,419"
KKLXE,161.21M,-,-16.64%,-,-28.10%,1.18,0.97,-,-,6.92%,-3.19%,-9.71%,Aug 10/a,1.54,0.00%,"737,812"
KKMAR,-,-,-,-,-,-,-,-,-,-,-,-,-,32.18,0.40%,330
KKMAY,-,-,-,-,-,-,-,-,-,-,-,-,-,30.21,0.48%,653
KKMB,32.64B,5.24%,9.54%,111.55%,23.77%,0.91,0.69,3.70,3.72,36.76%,14.24%,11.79%,Aug 04/b,98.15,-0.34%,"8,137,765"
KKMCA,-,-,-,-,-,-,-,-,-,-,-,-,-,20.47,2.10%,554
KKMDA,456.90M,5.30%,5.92%,8.40%,7.97%,4.06,2.29,0.04,0.04,40.82%,14.50%,11.60%,Aug 12/b,7.92,-0.88%,"106,644"
KKMEM,-,-,-,-,-,-,-,-,-,-,-,-,-,19.81,0.96%,"28,059"
KKMI,68.72B,3.86%,4.71%,11.05%,5.61%,0.46,0.36,0.94,1.02,36.32%,29.61%,19.27%,Jul 22/a,30.86,-0.29%,"11,792,507"
KKMID,-,0.12%,-,-,-,-,-,-,-,-,-,-,-,23.74,1.05%,"12,548"
KKMLI,-,14.83%,-,-,-,-,-,-,-,-,-,-,-,9.89,-0.87%,"13,563"
KKMLM,-,4.21%,-,-,-,-,-,-,-,-,-,-,-,31.01,-0.32%,"430,381"
KKMPR,1.61B,4.76%,-4.04%,-19.26%,-15.79%,0.25,-,0.43,0.43,-,1.14%,-10.76%,Aug 05/a,27.25,0.85%,"966,448"
KKMRK,19.16M,-,-,-,2.23%,3.69,3.69,0.10,0.14,12.84%,1.80%,1.07%,-,0.91,-3.58%,"14,664"
KKMT,2.24B,4.39%,11.99%,24.00%,14.95%,2.62,0.87,0.46,0.49,40.77%,20.44%,14.53%,Aug 05/b,29.44,1.06%,"1,301,294"
KKMTS,1.34B,-,-40.24%,-56.60%,-42.95%,4.41,4.28,0.18,0.18,51.37%,-141.65%,-138.36%,Sep 14/a,22.85,-3.05%,"241,992"
KKMX,8.70B,-,0.82%,3.59%,0.92%,2.70,0.82,2.97,3.08,10.68%,2.06%,0.79%,Sep 29/b,61.32,1.32%,"1,355,513"
KKN,3.15B,-,6.76%,9.50%,7.21%,3.20,1.75,0.18,0.19,42.19%,14.63%,10.69%,Jul 23/a,36.92,4.26%,"668,617"
KKNCT,-,0.64%,-,-,-,-,-,-,-,-,-,-,-,200.72,1.47%,"5,117"
KKNDI,60.90M,-,-,-,-,-,-,-,-,-,-,-,Apr 28/b,0.61,1.02%,"56,763"
KKNF,3.27B,-,3.58%,9.12%,4.32%,2.66,1.60,1.02,1.04,17.83%,8.96%,4.23%,Aug 04/b,57.63,0.79%,"952,668"
KKNG,-,7.76%,-,-,-,-,-,-,-,-,-,-,-,49.83,0.30%,"680,333"
KKNGZ,-,2.43%,-,-,-,-,-,-,-,-,-,-,-,42.42,1.67%,"1,403"
KKNO,-,0.89%,-,-,-,-,-,-,-,-,-,-,-,62.47,0.78%,116
KKNOP,388.03M,1.58%,0.91%,2.44%,1.24%,0.34,0.33,0.96,1.48,25.59%,23.43%,3.90%,Sep 03/a,11.23,-0.80%,"35,166"
KKNOV,-,-,-,-,-,-,-,-,-,-,-,-,-,32.03,0.41%,"1,778"
KKNOW,-,1.29%,-,-,-,-,-,-,-,-,-,-,-,12.81,0.35%,"3,654"
KKNRG,-,6.89%,-,-,-,-,-,-,-,-,-,-,-,25.56,0.18%,"1,863"
KKNRX,-,-,-,-,-,-,-,-,-,-,-,-,Aug 19/b,0.35,-2.22%,"27,720"
KKNSA,5.95B,-,10.36%,14.04%,12.24%,3.90,3.49,0.01,0.01,54.45%,11.92%,9.59%,Jul 28/b,76.27,-0.27%,"714,984"
KKNSL,8.20B,0.28%,10.26%,30.27%,25.17%,0.15,-,0.11,0.11,-,36.33%,28.49%,Jul 23/a,360.01,-0.74%,"116,029"
KKNTK,8.89B,5.93%,2.74%,-,7.76%,0.68,0.68,-,-,15.20%,9.01%,10.15%,Aug 05/a,54.75,1.01%,"1,052,018"
KKNX,11.06B,1.08%,0.35%,0.61%,0.46%,0.88,0.88,0.34,0.38,11.03%,2.96%,0.56%,Jul 22/a,67.97,-1.54%,"5,108,004"
KKO,379.87B,2.49%,13.49%,44.23%,19.57%,1.30,1.12,1.02,1.20,61.95%,31.93%,28.31%,Jul 28/b,88.29,0.52%,"9,990,997"
KKOCT,-,-,-,-,-,-,-,-,-,-,-,-,-,37.94,0.40%,"4,294"
KKOD,2.07B,-,-94.25%,-368.37%,-118.60%,2.49,2.49,2.34,2.50,-,-,-,Aug 13/a,32.89,0.06%,"682,568"
KKODK,911.45M,-,-5.43%,-12.99%,-11.30%,2.91,1.95,0.19,0.21,24.14%,4.67%,-10.84%,Aug 04/a,9.31,4.26%,"612,266"
KKOF,5.81B,4.03%,7.42%,17.27%,10.69%,1.04,0.87,0.53,0.63,46.47%,14.13%,8.05%,Jul 27/b,110.71,0.08%,"88,703"
KKOID,-,0.01%,-,-,-,-,-,-,-,-,-,-,-,35.89,1.47%,"86,292"
KKOKU,-,1.40%,-,-,-,-,-,-,-,-,-,-,-,133.30,0.82%,38
KKOLD,-,-,-,-,-,-,-,-,-,-,-,-,-,30.05,0.07%,"1,246,298"
KKOMP,-,1.56%,-,-,-,-,-,-,-,-,-,-,-,66.60,1.10%,"52,801"
KKONG,-,0.34%,-,-,-,-,-,-,-,-,-,-,-,32.53,0.80%,66
KKOOL,-,0.42%,-,-,-,-,-,-,-,-,-,-,-,14.76,0.98%,21
KKOP,876.55M,0.76%,-4.76%,-19.02%,-6.41%,2.33,1.01,2.50,2.59,18.41%,10.12%,-4.59%,Aug 06/b,46.35,0.00%,"115,103"
KKOPN,847.58M,-,9.45%,18.55%,11.35%,2.18,2.05,0.01,0.02,41.93%,-34.56%,18.05%,Aug 10/a,4.56,3.99%,"3,319,386"
KKORP,-,5.25%,-,-,-,-,-,-,-,-,-,-,-,45.25,0.02%,"108,556"
KKORU,-,0.35%,-,-,-,-,-,-,-,-,-,-,-,23.07,8.97%,"16,124,522"
KKOS,1.80B,-,-11.39%,-62.95%,-16.74%,0.59,0.38,3.60,3.91,17.15%,12.44%,-32.87%,Aug 03/b,3.02,2.72%,"13,029,168"
KKOSS,32.28M,-,-1.06%,-1.29%,-1.22%,13.96,11.49,0.07,0.08,41.87%,-11.62%,-3.01%,Aug 27/a,3.41,0.29%,"26,381"
KKOYN,322.84M,-,3.99%,4.17%,2.08%,2.93,2.93,0.00,0.00,-,-,-,-,10.23,0.00%,"142,133"
KKPDD,-,145.65%,-,-,-,-,-,-,-,-,-,-,-,4.57,-0.11%,"72,691"
KKPET,291.30M,-,-,-,-,10.28,10.28,0.00,0.00,-,-,-,-,9.98,0.00%,8
KKPHO,-,0.12%,-,-,-,-,-,-,-,-,-,-,-,22.66,-2.24%,498
KKPLT,824.18M,-,16.81%,-,-,0.90,0.90,-,-,27.85%,17.02%,1.86%,Aug 04/b,9.43,2.89%,"187,618"
KKPO,-,-,-,-,-,-,-,-,-,-,-,-,-,24.58,0.41%,"52,217"
KKPRO,-,6.83%,-,-,-,-,-,-,-,-,-,-,-,26.39,0.00%,67
KKPRX,11.72M,-,-39.43%,-56.36%,-64.56%,8.97,8.97,0.01,0.02,-,-,-,Aug 07/b,2.65,2.71%,"10,484"
KKPTI,36.52M,-,-207.90%,-,-,0.79,0.76,-,-,95.89%,-56.17%,-153.28%,Aug 13/b,1.61,-0.62%,"6,737,667"
KKQQQ,-,16.06%,-,-,-,-,-,-,-,-,-,-,-,28.89,1.08%,"38,648"
KKR,35.83B,2.54%,2.09%,14.21%,3.91%,0.70,0.31,3.70,4.13,20.95%,3.12%,0.72%,Sep 11/b,58.49,2.70%,"12,367,713"
KKRAQ,432.94M,-,-,-,-1.87%,9.06,9.06,0.00,0.00,-,-,-,-,10.04,0.19%,638
KKRBN,-,1.94%,-,-,-,-,-,-,-,-,-,-,-,34.68,-0.94%,"49,101"
KKRC,4.10B,6.20%,1.57%,3.19%,1.77%,1.41,1.41,0.83,0.89,31.75%,24.68%,15.42%,Jul 27/a,34.90,0.14%,"1,077,652"
KKRE,-,2.16%,-,-,-,-,-,-,-,-,-,-,-,73.90,0.12%,"10,394,802"
KKREF,421.93M,7.27%,-2.80%,-17.15%,-4.42%,0.57,0.10,3.52,4.63,86.44%,26.35%,-50.12%,Jul 21/a,7.15,0.42%,"519,954"
KKRG,5.19B,4.67%,5.14%,10.90%,6.17%,0.77,0.77,0.90,1.05,31.59%,23.42%,39.93%,Jul 30/b,25.89,-0.23%,"1,510,480"
KKRKR,5.59M,-,11.60%,24.11%,20.02%,1.40,1.40,0.05,0.18,63.09%,14.82%,12.00%,Aug 20/b,3.14,-0.32%,"1,799"
KKRMD,145.90M,-,-6.80%,-10.52%,-8.75%,2.72,2.09,0.15,0.18,60.67%,-3.66%,-4.03%,Aug 05/a,3.16,0.32%,"129,469"
KKRMN,4.68B,-,3.10%,9.50%,2.90%,3.56,3.40,2.05,2.08,34.28%,19.45%,6.31%,Aug 06/a,35.28,2.59%,"3,690,041"
KKRNT,689.61M,-,-2.68%,-2.97%,-2.99%,8.81,7.97,0.02,0.03,44.08%,-17.11%,-9.42%,Aug 12/b,16.05,3.15%,"220,704"
KKRNY,635.01M,4.50%,0.47%,4.79%,3.72%,0.03,-,0.27,1.51,-,13.66%,10.45%,Jul 23/b,9.78,-0.51%,"346,312"
KKRO,936.89M,1.23%,-5.94%,-13.69%,-8.19%,3.30,1.55,0.78,0.78,12.01%,-0.83%,-5.63%,Aug 06/a,8.14,0.49%,"480,693"
KKROP,-,1.98%,-,-,-,-,-,-,-,-,-,-,-,37.76,-0.86%,"2,055"
KKROS,219.69M,-,-15.92%,-17.16%,-30.19%,21.96,21.96,0.05,0.06,89.34%,-675.27%,-553.88%,Aug 03/a,11.08,-0.81%,"143,826"
KKRP,1.91B,11.69%,6.82%,12.29%,7.31%,7.30,7.30,0.66,0.66,57.68%,40.80%,22.78%,Aug 07/b,14.90,-1.32%,"1,328,359"
KKRRO,203.36M,-,-62.03%,-97.69%,-74.84%,9.55,9.55,0.38,0.41,-10.37%,-3176.57%,-4477.08%,Aug 06/b,13.81,5.74%,"197,974"
KKRSA,21.34M,-,-82.29%,-98.22%,-131.85%,0.82,0.82,0.00,0.00,-,-359.16%,-353.00%,Aug 11,31.91,29.91%,"114,119"
KKRSP,486.71M,-,-,-,2.39%,11.66,11.66,0.00,0.00,-,-,-,-,10.58,0.57%,670
KKRT,935.59M,3.82%,15.74%,31.15%,23.37%,2.25,1.25,0.29,0.44,39.78%,12.76%,10.18%,Aug 06/a,46.94,0.36%,"67,973"
KKRUS,495.71M,-,-0.47%,-0.91%,-0.49%,1.26,1.20,0.83,0.90,11.14%,-0.88%,-0.65%,Jul 07/a,40.80,-0.80%,"195,145"
KKRWX,-,-,-,-,-,-,-,-,-,-,-,-,-,16.04,6.27%,75
KKRYP,-,0.24%,-,-,-,-,-,-,-,-,-,-,-,22.07,1.05%,"3,164"
KKRYS,10.27B,-,18.30%,20.12%,17.67%,8.32,7.96,0.01,0.01,93.31%,44.89%,54.82%,Aug 03/b,347.00,0.42%,"206,324"
KKSA,-,2.70%,-,-,-,-,-,-,-,-,-,-,-,38.22,-0.03%,"373,150"
KKSCP,32.00M,-,-105.70%,-201.29%,-123.56%,1.16,0.98,0.23,0.27,-10.43%,-213.51%,-217.29%,Aug 12/a,1.36,-3.90%,"337,956"
KKSEP,-,-,-,-,-,-,-,-,-,-,-,-,-,31.09,0.28%,"37,079"
KKSLV,-,27.06%,-,-,-,-,-,-,-,-,-,-,-,26.24,1.20%,"56,492"
KKSMH,-,-,-,-,-,-,-,-,-,-,-,-,-,26.98,0.94%,"7,730"
KKSPI,18.98B,8.22%,9.45%,45.35%,30.93%,1.08,-,0.23,0.23,-,30.37%,24.00%,Aug 10/b,99.89,2.82%,"887,408"
KKSPY,-,0.27%,-,-,-,-,-,-,-,-,-,-,-,30.02,0.76%,"328,475"
KKSS,1.95B,2.90%,2.01%,6.67%,2.60%,1.49,0.41,1.50,1.54,36.65%,3.86%,1.75%,Aug 26/b,17.23,2.62%,"3,819,630"
KKSTR,-,-,-,-,-,-,-,-,-,-,-,-,-,22.56,1.30%,"859,110"
KKT,9.50B,4.33%,2.97%,7.23%,5.19%,1.13,1.08,0.43,0.68,33.54%,6.81%,4.71%,Aug 11/a,19.90,1.53%,"2,139,486"
KKTB,3.64B,3.17%,8.50%,40.96%,14.53%,1.83,0.99,1.98,2.06,48.89%,13.14%,8.74%,Aug 12/b,66.62,0.70%,"594,668"
KKTCC,26.50M,-,-15.53%,-51.30%,-25.37%,2.10,1.20,1.72,1.83,8.18%,-5.19%,-12.36%,Aug 27/a,2.44,2.09%,"26,764"
KKTEC,-,4.38%,-,-,-,-,-,-,-,-,-,-,-,11.98,0.17%,"54,113"
KKTF,331.49M,9.04%,-,-,-,-,-,-,-,-,-,-,-,8.46,-0.35%,"128,555"
KKTOS,8.76B,-,0.93%,1.15%,0.86%,5.54,4.99,0.05,0.06,21.65%,1.60%,2.03%,Aug 04/a,46.69,-0.62%,"4,070,159"
KKTTA,17.71M,-,-61.97%,-65.49%,-42.72%,26.25,26.25,0.00,0.00,-,-,-,Sep 02,0.53,-1.85%,"141,691"
KKTUP,-,9.82%,-,-,-,-,-,-,-,-,-,-,-,5.01,-0.99%,"186,610"
KKTWO,202.40M,-,-,-,0.84%,3.17,3.17,0.00,0.00,-,-,-,-,10.10,0.10%,"1,235"
KKULR,110.15M,-,-83.90%,-96.95%,-135.10%,3.32,3.25,0.03,0.31,3.77%,-258.40%,-607.64%,Aug 13/a,2.38,1.28%,"753,251"
KKURA,1.01B,-,-46.73%,-167.71%,-440.46%,4.73,4.71,0.39,0.50,97.60%,-411.90%,-384.30%,Aug 12/a,11.39,-1.56%,"2,117,528"
KKURE,-,4.03%,-,-,-,-,-,-,-,-,-,-,-,17.74,-0.34%,"28,798"
KKUST,4.36M,-,-47.30%,-177.95%,-439.59%,0.80,0.78,0.54,0.85,-4.14%,-74.67%,-115.56%,-,0.67,-10.29%,"195,979"
KKVHI,131.16M,-,-3.86%,-4.35%,-4.36%,7.07,6.36,0.03,0.04,24.49%,-7.00%,-4.68%,Aug 06/b,7.23,1.26%,"93,831"
KKVLE,-,2.15%,-,-,-,-,-,-,-,-,-,-,-,28.75,0.90%,"4,066"
KKVUE,34.15B,4.75%,6.16%,15.58%,9.36%,1.01,0.71,0.68,0.82,58.36%,19.24%,10.76%,Aug 06/b,17.78,-0.06%,"47,161,109"
KKVYO,4.66B,-,0.49%,0.66%,0.64%,3.01,3.01,0.09,0.12,73.79%,-1.86%,0.49%,Aug 05/a,16.36,1.43%,"6,525,768"
KKWEB,-,8.52%,-,-,-,-,-,-,-,-,-,-,-,24.60,0.65%,"12,903,185"
KKWH,-,-,-,-,-,-,-,-,-,-,-,-,-,24.61,0.53%,761
KKWIN,-,-,-,-,-,-,-,-,-,-,-,-,-,25.82,-0.04%,"10,583"
KKWR,2.69B,0.88%,3.42%,7.17%,4.29%,2.46,1.70,0.65,0.67,32.78%,9.08%,4.93%,Jul 30/a,156.22,0.79%,"215,128"
KKWT,-,2.14%,-,-,-,-,-,-,-,-,-,-,-,37.74,0.27%,257
KKWY,277.45M,-,-3.35%,-23.22%,-9.20%,0.45,0.45,1.72,2.55,39.19%,-2.17%,-5.44%,May 07/a,9.59,-0.31%,"33,007"
KKXI,-,2.38%,-,-,-,-,-,-,-,-,-,-,-,67.32,0.39%,"57,601"
KKXIN,1.74M,-,-115.36%,-152.06%,-135.35%,0.11,0.11,0.00,0.04,-,-24489.92%,-41788.37%,-,1.05,-3.23%,"69,463"
KKYC,-,-,-,-,-,-,-,-,-,-,-,-,-,26.56,0.50%,22
KKYIV,3.14B,-,13.03%,20.23%,9.37%,1.26,1.25,0.26,0.39,70.62%,36.17%,12.73%,Jul 31/b,13.61,-1.87%,"359,723"
KKYLD,-,25.88%,-,-,-,-,-,-,-,-,-,-,-,20.27,0.60%,"46,740"
KKYMR,9.56B,-,-21.58%,-24.15%,-19.03%,10.34,10.34,0.04,0.05,92.16%,-329.83%,-285.34%,Aug 05/b,114.96,-1.74%,"574,186"
KKYN,2.51B,6.81%,-,-,-,-,-,-,-,-,-,-,-,14.84,-0.13%,"328,882"
KKYNB,32.27M,-,-22.15%,-,-,2.69,2.59,-,-,1.65%,-1088.33%,2830.95%,Aug 13/a,7.97,-0.06%,"9,682"
KKYTX,448.98M,-,-68.40%,-87.24%,-77.47%,9.06,9.06,0.19,0.20,-,-,-,Aug 11/a,7.26,-1.22%,"751,625"
KKZIA,127.90M,-,-50.34%,-102.88%,-47.53%,2.87,2.87,0.00,0.00,-,-49070.50%,-55271.07%,Sep 04,11.19,1.63%,"340,791"
LL,22.24B,0.23%,1.96%,9.21%,6.02%,0.70,-,0.47,0.47,-,14.04%,9.02%,Aug 03/b,108.79,-0.27%,"1,001,139"
LLAB,270.88M,-,-9.11%,-11.18%,-15.54%,9.10,8.80,0.04,0.05,49.14%,-74.04%,-103.29%,Aug 05/a,0.69,0.04%,"1,745,577"
LLABD,-,8.73%,-,-,-,-,-,-,-,-,-,-,-,7.43,1.23%,"18,803,812"
LLABT,5.26M,-,-225.45%,-402.84%,-169.64%,7.70,7.70,0.00,0.02,-,-,-,Sep 02,2.22,8.29%,"143,975"
LLABU,-,0.39%,-,-,-,-,-,-,-,-,-,-,-,261.30,-1.77%,"227,376"
LLABX,-,-,-,-,-,-,-,-,-,-,-,-,-,10.58,3.83%,"725,716"
LLAC,1.05B,-,-3.99%,-9.56%,-3.78%,5.47,5.47,0.81,0.82,-,-,-,Aug 13/b,2.91,-3.64%,"11,336,960"
LLAD,7.87B,0.63%,2.83%,10.67%,4.35%,1.00,0.21,1.57,2.59,14.45%,3.80%,1.88%,Jul 29/b,358.02,-2.22%,"199,716"
LLADM,-,-,-,-,-,-,-,-,-,-,-,-,-,32.81,0.38%,13
LLADR,1.22B,9.57%,1.04%,3.57%,1.14%,0.08,0.08,2.22,2.81,79.40%,60.37%,12.52%,Jul 23/b,9.61,-0.62%,"974,672"
LLAES,548.05M,-,-11.26%,-12.67%,-7.62%,14.43,14.37,0.01,0.01,50.49%,-214.77%,-171.08%,Sep 11/b,2.38,0.00%,"3,875,505"
LLAFA,160.04M,-,-,-,2.05%,5.08,5.08,0.00,0.00,-,-,-,-,10.20,0.00%,9
LLAKE,100.11M,0.30%,-12.35%,-19.62%,-16.86%,2.98,1.34,0.27,0.31,32.62%,-6.83%,-13.99%,Sep 09/a,10.08,4.56%,"87,455"
LLALT,-,3.64%,-,-,-,-,-,-,-,-,-,-,-,24.75,-0.08%,"730,226"
LLAMR,15.14B,4.42%,8.14%,58.93%,10.10%,0.63,0.63,4.60,5.07,53.55%,31.64%,23.89%,Aug 06/b,149.08,0.93%,"370,875"
LLAND,411.95M,5.86%,-0.53%,-0.96%,-0.56%,1.01,0.80,0.71,0.73,30.98%,24.01%,-33.02%,Aug 11/a,9.55,0.74%,"481,544"
LLANV,138.16M,-,-41.78%,-2353.49%,-,0.20,0.11,-,-,61.31%,-54.40%,-108.07%,Aug 26/b,1.10,7.84%,"136,810"
LLAPR,-,5.90%,-,-,-,-,-,-,-,-,-,-,-,25.24,0.05%,609
LLAR,944.19M,-,-4.70%,-6.68%,-6.84%,0.47,0.47,0.00,0.32,-,-,-,Aug 11/b,5.85,-8.74%,"2,616,670"
LLARK,198.27M,2.55%,1.25%,12.77%,7.40%,0.03,-,0.63,0.64,-,25.66%,20.64%,Jul 29/a,32.50,0.06%,"7,608"
LLASC,-,-,-,-,-,-,-,-,-,-,-,-,-,6.85,5.40%,"36,372"
LLASE,34.87M,-,-158.51%,-1180.95%,-704.56%,0.60,0.44,-,-,-15.99%,-190.81%,-596.66%,Aug 14/a,0.69,-2.06%,"16,024,536"
LLASR,2.33B,-,-3.07%,-3.80%,-2.76%,8.17,7.29,0.03,0.03,31.52%,-4.62%,-4.02%,Aug 06/a,40.37,2.75%,"794,813"
LLATA,234.95M,-,4.86%,5.04%,2.52%,9.04,9.04,0.00,0.00,-,-,-,-,10.24,0.49%,13
LLATR,-,-,-,-,-,-,-,-,-,-,-,-,-,26.97,0.70%,109
LLAUR,4.98B,2.61%,14.43%,29.35%,18.15%,0.71,0.71,0.55,0.64,27.26%,24.42%,17.57%,Jul 30/b,36.13,0.99%,"495,305"
LLAW,264.22M,-,-24.79%,-31.34%,-32.87%,3.77,3.77,0.02,0.05,74.83%,-25.74%,-24.20%,Aug 05/a,4.07,0.25%,"124,309"
LLAZ,4.01B,4.87%,4.95%,26.45%,7.14%,2.63,2.63,2.35,2.35,94.91%,12.04%,6.59%,Jul 23/b,41.10,-1.84%,"941,357"
LLAZR,-,-,-,-,-,-,-,-,-,-,-,-,-,43.84,1.36%,"116,836"
LLB,6.69B,0.56%,2.98%,11.72%,4.09%,7.21,7.21,1.51,1.51,89.95%,63.89%,16.17%,Aug 05/a,86.85,0.54%,"186,768"
LLBAY,-,3.68%,-,-,-,-,-,-,-,-,-,-,-,27.01,0.08%,158
LLBGJ,1.22M,-,-1.05%,-2.09%,-1.16%,1.15,1.02,0.09,0.32,31.50%,-7.44%,-3.71%,-,2.25,15.98%,"6,840,233"
LLBO,-,6.23%,-,-,-,-,-,-,-,-,-,-,-,25.80,0.52%,21
LLBOX,-,-,-,-,-,-,-,-,-,-,-,-,-,25.07,0.04%,"1,918"
LLBRT,3.42B,1.68%,3.09%,6.12%,3.54%,1.99,1.75,0.76,0.82,7.29%,1.33%,2.92%,Jul 22/a,20.96,0.96%,"2,825,769"
LLBRX,1.44B,-,-14.55%,-15.70%,-25.45%,15.08,15.08,0.01,0.02,-,-,-,Aug 11/b,44.63,-3.50%,"208,383"
LLBTYA,3.55B,-,-12.46%,-27.32%,-17.17%,1.28,1.28,0.92,0.99,26.70%,-0.63%,-62.14%,Jul 24/b,10.47,-1.41%,"2,572,455"
LLBTYK,3.55B,-,-12.46%,-27.32%,-17.17%,1.28,1.28,0.92,0.99,26.70%,-0.63%,-62.14%,Jul 24/b,10.15,-2.40%,"1,567,695"
LLCAP,-,0.19%,-,-,-,-,-,-,-,-,-,-,-,33.34,0.63%,"20,086"
LLCCC,94.17M,-,2.69%,2.79%,2.75%,8.76,8.76,0.00,0.00,-,-,-,-,10.57,-0.52%,6
LLCDS,-,0.84%,-,-,-,-,-,-,-,-,-,-,-,73.67,0.77%,9
LLCF,-,0.50%,-,-,-,-,-,-,-,-,-,-,-,46.21,0.78%,480
LLCFY,4.03M,-,-70.24%,-118.06%,-90.49%,1.38,1.38,0.00,0.08,-45.55%,-105.07%,-134.35%,-,2.24,0.90%,"1,520"
LLCID,1.66B,-,-46.54%,-125.99%,-81.59%,1.14,0.57,1.56,1.98,-96.56%,-258.99%,-297.64%,Aug 04/a,4.22,0.96%,"7,632,557"
LLCII,2.21B,5.05%,6.56%,15.00%,8.35%,2.49,1.20,0.77,0.80,25.65%,7.49%,5.24%,Aug 05/b,91.02,-2.55%,"258,993"
LLCLG,-,-,-,-,-,-,-,-,-,-,-,-,-,70.03,1.81%,66
LLCLN,2.71B,0.26%,-,-,-,1.65,1.65,1.80,1.80,-,-,-,Aug 06/b,26.53,1.45%,"880,431"
LLCNB,272.41M,4.60%,1.08%,8.96%,6.68%,0.02,-,0.30,0.39,-,24.03%,19.57%,Jul 16/b,19.11,-0.47%,"19,992"
LLCO,-,-,-,-,-,-,-,-,-,-,-,-,-,28.41,-0.11%,9
LLCOW,-,0.65%,-,-,-,-,-,-,-,-,-,-,-,26.33,0.80%,"1,556"
LLCR,-,1.29%,-,-,-,-,-,-,-,-,-,-,-,40.45,0.31%,"99,641"
LLCTD,-,3.29%,-,-,-,-,-,-,-,-,-,-,-,59.38,0.90%,"4,221"
LLCTO,-,0.18%,-,-,-,-,-,-,-,-,-,-,-,24.87,1.00%,17
LLCTU,-,0.94%,-,-,-,-,-,-,-,-,-,-,-,82.15,0.84%,"17,309"
LLCTX,255.44M,-,-32.75%,-59.03%,-51.81%,6.61,6.61,0.02,0.04,93.81%,-205.23%,-246.58%,Aug 06/a,1.01,-0.98%,"913,456"
LLCUT,197.24M,1.96%,5.44%,15.77%,7.49%,2.11,0.99,0.95,1.19,43.37%,10.13%,4.81%,Aug 06/b,8.58,2.14%,"147,486"
LLDDR,-,13.23%,-,-,-,-,-,-,-,-,-,-,-,75.55,-0.14%,76
LLDEM,-,2.87%,-,-,-,-,-,-,-,-,-,-,-,61.78,1.11%,427
LLDI,282.39M,-,-1.08%,-29.33%,-2.84%,0.14,0.14,11.16,22.93,113.73%,17.45%,-5.49%,Aug 04/a,0.84,0.40%,"7,867,194"
LLDOS,16.17B,1.35%,9.43%,27.67%,11.62%,1.63,1.60,1.24,1.24,17.80%,11.80%,7.80%,Aug 04/b,128.86,-0.53%,"1,231,531"
LLDP,580.13M,7.88%,-,-,-,-,-,-,-,-,-,-,-,19.95,-0.25%,"78,813"
LLDRC,-,4.20%,-,-,-,-,-,-,-,-,-,-,-,24.80,0.00%,"3,225"
LLDRH,-,6.46%,-,-,-,-,-,-,-,-,-,-,-,24.29,-0.06%,"5,287"
LLDRI,-,4.97%,-,-,-,-,-,-,-,-,-,-,-,24.93,-0.20%,"36,809"
LLDRT,-,3.74%,-,-,-,-,-,-,-,-,-,-,-,24.73,0.00%,"164,430"
LLDRX,-,0.56%,-,-,-,-,-,-,-,-,-,-,-,36.69,0.88%,"2,838"
LLDSF,-,4.73%,-,-,-,-,-,-,-,-,-,-,-,18.70,-0.05%,"4,120"
LLDUR,-,4.24%,-,-,-,-,-,-,-,-,-,-,-,94.63,-0.07%,"47,421"
LLE,306.37M,-,40.18%,97.93%,62.23%,1.58,0.32,0.15,0.16,46.64%,3.45%,26.62%,Sep 03/b,10.37,0.39%,"128,075"
LLEA,6.45B,2.43%,3.59%,10.84%,6.55%,1.31,1.04,0.64,0.68,7.05%,4.06%,2.35%,Jul 31/b,130.82,2.33%,"482,325"
LLECO,13.79B,1.26%,14.68%,37.74%,20.19%,1.98,1.20,0.76,0.80,35.95%,17.58%,12.37%,Jul 30/b,253.06,0.80%,"375,914"
LLEDRU,-,-,-,-,-,0.93,0.93,-,-,-,-,-,-,-,-,0
LLEDS,17.79M,-,-4.99%,-28.73%,-25.05%,1.03,0.68,0.32,1.15,10.46%,-5.61%,-3.92%,-,2.15,1.90%,"7,740"
LLEE,171.43M,-,-1.52%,-,-2.04%,1.17,1.11,-,-,57.87%,6.64%,-1.84%,Aug 06/b,7.69,3.50%,"39,479"
LLEGH,658.04M,-,8.78%,9.53%,9.10%,3.56,2.69,0.00,0.00,47.96%,32.89%,28.56%,Aug 05/a,27.67,0.65%,"92,929"
LLEGN,3.61B,-,-5.34%,-8.11%,-6.86%,3.04,2.94,0.09,0.23,53.00%,-4.12%,-7.21%,Aug 11/b,18.64,-2.87%,"4,279,420"
LLEGO,312.67M,-,-,-,-,75.52,75.52,0.00,0.00,-,-,-,-,10.00,0.00%,"8,580"
LLEGR,-,1.75%,-,-,-,-,-,-,-,-,-,-,-,67.19,1.09%,"1,241"
LLEMB,-,2.36%,-,-,-,-,-,-,-,-,-,-,-,43.01,-0.14%,"84,990"
LLEN,19.13B,2.51%,4.70%,7.24%,5.83%,4.59,1.03,0.27,0.29,16.36%,5.98%,4.88%,Sep 16/a,79.60,2.18%,"3,621,675"
LLEND,-,2.06%,-,-,-,-,-,-,-,-,-,-,-,24.66,0.04%,"41,922"
LLENS,-,1.33%,-,-,-,-,-,-,-,-,-,-,-,46.56,0.07%,"15,884"
LLENZ,142.02M,-,-55.52%,-59.21%,-57.43%,13.55,13.31,0.00,0.00,90.14%,-631.70%,-586.74%,Aug 11/a,4.52,-4.24%,"978,253"
LLEO,368.76M,5.22%,-,-,-,-,-,-,-,-,-,-,-,5.92,-0.50%,"76,255"
LLESL,4.70M,-,-29.27%,-,-54.50%,1.35,0.45,-,-,33.71%,-0.59%,-21.24%,Aug 12/a,0.50,-1.57%,"134,414"
LLEU,3.04B,-,2.52%,8.05%,2.40%,5.32,4.44,1.39,1.39,21.86%,1.56%,10.23%,Aug 05/a,152.31,-8.18%,"1,105,745"
LLEUX,-,-,-,-,-,-,-,-,-,-,-,-,-,8.80,-16.44%,"299,388"
LLEVI,7.76B,2.96%,8.42%,25.40%,11.23%,1.60,0.98,0.89,1.01,61.93%,11.60%,7.31%,Jul 08/a,20.16,0.20%,"2,081,834"
LLEXI,-,0.83%,-,-,-,-,-,-,-,-,-,-,-,40.47,0.70%,"10,981"
LLEXX,6.56M,-,-134.21%,-150.28%,-161.36%,10.60,10.60,0.01,0.02,48.98%,-3862.94%,-3985.58%,Jul 17,3.97,-1.98%,"197,057"
LLFAC,197.77M,-,-,-,1.69%,18.77,18.77,0.00,0.00,-,-,-,-,10.07,-0.15%,"10,508"
LLFAI,-,7.00%,-,-,-,-,-,-,-,-,-,-,-,142.85,-0.04%,14
LLFAO,-,6.42%,-,-,-,-,-,-,-,-,-,-,-,155.58,0.00%,71
LLFAW,-,6.03%,-,-,-,-,-,-,-,-,-,-,-,165.75,0.04%,11
LLFBE,-,5.73%,-,-,-,-,-,-,-,-,-,-,-,174.32,0.08%,10
LLFCR,155.95M,-,-,-,-,3.87,2.69,9.64,9.72,-,-,-,Aug 05/b,4.12,0.73%,"159,426"
LLFDR,-,5.73%,-,-,-,-,-,-,-,-,-,-,-,174.46,0.08%,10
LLFEQ,-,0.81%,-,-,-,-,-,-,-,-,-,-,-,60.79,0.90%,33
LLFGY,-,70.33%,-,-,-,-,-,-,-,-,-,-,-,20.10,1.21%,"12,653"
LLFMD,147.01M,-,-31.25%,-674.34%,-160.04%,0.90,0.84,0.67,0.76,82.43%,-9.35%,-11.92%,Aug 05/a,3.05,0.66%,"1,299,290"
LLFS,57.29M,-,9.70%,31.43%,17.76%,1.68,1.67,0.33,0.60,29.53%,5.32%,3.72%,-,2.19,0.92%,"103,688"
LLFSC,-,-,-,-,-,-,-,-,-,-,-,-,-,45.33,-0.10%,"1,082"
LLFST,4.96B,-,2.34%,3.43%,2.68%,1.38,1.38,0.28,0.32,30.12%,5.07%,3.19%,Aug 06/b,12.97,-0.23%,"7,055,616"
LLFT,35.01M,24.02%,-1.30%,-6.29%,-1.24%,7.80,7.80,4.40,4.40,90.04%,59.44%,-24.16%,Aug 13/a,6.66,-2.49%,"31,484"
LLFTO,3.11B,-,2.10%,-,3.02%,1.36,1.36,-,-,74.75%,35.84%,5.24%,Aug 12/a,18.35,4.56%,"516,584"
LLFUS,10.98B,0.44%,-0.20%,-0.31%,-0.25%,2.76,2.00,0.23,0.27,36.68%,16.25%,-0.31%,Jul 29/b,432.30,4.57%,"196,079"
LLFVN,77.29M,3.08%,7.57%,14.87%,12.22%,1.89,1.09,0.24,0.29,77.56%,3.34%,2.78%,Aug 27/a,6.17,-3.14%,"72,733"
LLFWD,20.16M,-,-99.81%,-225.65%,-136.75%,2.33,1.77,0.85,0.91,24.48%,-81.79%,-141.28%,Aug 14/b,7.12,-0.14%,936
LLGCF,-,1.60%,-,-,-,-,-,-,-,-,-,-,-,39.01,0.64%,16
LLGCL,1.08M,-,2.20%,3.28%,2.96%,1.61,1.61,0.00,0.30,33.78%,1.87%,0.91%,-,3.15,2.61%,"180,059"
LLGCY,128.42M,-,11.91%,19.11%,13.61%,3.36,3.36,0.26,0.31,46.50%,14.36%,10.89%,Sep 24/a,10.15,-0.59%,"37,962"
LLGDS,-,-,-,-,-,-,-,-,-,-,-,-,-,49.22,0.88%,"16,157"
LLGDX,-,0.47%,-,-,-,-,-,-,-,-,-,-,-,25.24,0.00%,0
LLGH,-,0.36%,-,-,-,-,-,-,-,-,-,-,-,65.75,1.18%,"17,461"
LLGHL,0.42M,-,-10.87%,-27.32%,-11.32%,4.11,4.11,0.71,0.71,65.32%,-30.94%,-93.24%,-,8.30,6.14%,"157,429"
LLGHT,-,-,-,-,-,-,-,-,-,-,-,-,-,9.74,0.94%,383
LLGI,227.58M,10.40%,-,-,-,-,-,-,-,-,-,-,-,17.47,0.52%,"36,729"
LLGIH,1.15B,-,1.67%,3.16%,1.78%,17.97,0.47,0.74,0.74,19.39%,4.01%,3.88%,Aug 04/b,49.42,1.48%,"255,895"
LLGL,85.52M,-,-0.50%,-0.55%,-0.52%,25.96,25.61,0.00,0.00,50.90%,-91.92%,-7.94%,Aug 14/a,6.78,-1.74%,"19,214"
LLGLV,-,2.05%,-,-,-,-,-,-,-,-,-,-,-,182.07,0.40%,"18,176"
LLGN,6.12B,-,-2.38%,-20.10%,-2.59%,1.34,1.33,1.90,1.99,15.44%,3.04%,-1.20%,Aug 13/b,56.65,5.79%,"1,264,947"
LLGND,5.67B,-,12.58%,21.96%,9.40%,31.18,30.96,1.17,1.17,84.28%,34.45%,67.88%,Aug 06/b,284.47,-1.65%,"261,166"
LLGO,69.99M,-,-23.90%,-55.52%,-61.97%,0.54,0.19,0.00,0.86,-13.22%,-31.72%,-64.59%,Aug 14/a,0.68,-0.92%,"213,558"
LLGOV,-,4.57%,-,-,-,-,-,-,-,-,-,-,-,20.34,-0.54%,"198,712"
LLGPS,19.60M,1.45%,3.00%,20.37%,4.38%,2.40,0.39,3.39,5.05,19.77%,7.12%,3.46%,Jul 13/b,0.83,0.01%,"113,643"
LLGRO,-,0.34%,-,-,-,-,-,-,-,-,-,-,-,46.18,0.54%,"5,571"
LLGVN,32.93M,-,-145.64%,-203.61%,-225.67%,2.63,2.63,0.00,0.06,-15.92%,-1992.84%,-1977.59%,Aug 12/a,7.33,10.39%,"68,153"
LLH,25.27B,0.95%,5.48%,11.74%,6.60%,1.80,1.53,0.76,0.79,26.82%,11.35%,6.99%,Jul 30/b,311.54,1.49%,"809,932"
LLHAI,17.19M,-,-4.76%,-5.60%,-3.63%,10.16,10.16,0.03,0.05,2.95%,-2.27%,-1.36%,-,1.04,-6.31%,"168,827"
LLHSW,1.67M,-,-15.88%,-44.73%,-37.51%,1.07,1.04,0.09,0.59,21.40%,-15.77%,-13.16%,Aug 13/a,0.48,-25.84%,"2,881,673"
LLHX,45.72B,2.04%,4.45%,9.57%,6.24%,1.18,1.03,0.51,0.60,22.54%,11.11%,8.11%,Jul 29/a,245.54,-1.14%,"1,924,093"
LLI,10.07B,-,-3.09%,-6.73%,-5.79%,1.81,1.65,0.20,0.46,13.53%,-6.73%,-4.46%,Aug 26/b,11.81,1.37%,"1,768,176"
LLIAE,-,5.27%,-,-,-,-,-,-,-,-,-,-,-,199.19,-0.47%,12
LLIAM,-,4.66%,-,-,-,-,-,-,-,-,-,-,-,225.27,-0.49%,10
LLIAU,-,4.22%,-,-,-,-,-,-,-,-,-,-,-,248.74,-0.48%,11
LLIBD,-,3.88%,-,-,-,-,-,-,-,-,-,-,-,263.78,-0.43%,14
LLICN,17.09M,-,-28.26%,-30.56%,-30.98%,7.73,7.73,0.00,0.01,23.13%,-58.76%,-89.58%,-,1.04,-3.70%,"12,278"
LLIDR,59.97M,-,-71.02%,-89.28%,-50.59%,10.83,10.68,0.01,0.02,-103.11%,-8002.22%,-7786.44%,Aug 06/a,1.29,0.78%,"483,295"
LLIEN,231.40M,13.41%,9.38%,10.48%,9.61%,0.45,0.45,0.09,0.09,74.91%,57.54%,52.82%,Aug 13/b,10.14,-0.34%,"19,555"
LLIF,3.48B,-,16.32%,30.06%,15.92%,5.59,5.45,0.51,0.51,77.59%,1.14%,25.72%,Aug 10/a,42.68,2.69%,"482,667"
LLIFE,2.57B,-,-18.31%,-26.11%,-21.91%,1.52,1.52,0.02,0.04,97.01%,-17.67%,-19.11%,Aug 03/a,40.25,3.60%,"995,604"
LLIFT,-,45.92%,-,-,-,-,-,-,-,-,-,-,-,21.77,-0.02%,22
LLII,12.65B,1.41%,18.90%,70.48%,27.64%,1.57,0.77,1.16,1.56,32.98%,19.68%,14.61%,Jul 29/b,366.04,-1.77%,"585,720"
LLILA,1.71B,0.49%,-0.81%,-17.28%,-1.09%,1.19,1.19,15.99,16.97,57.89%,16.65%,-2.24%,Aug 05/a,8.81,1.26%,"322,999"
LLILAK,1.71B,0.37%,-0.81%,-17.28%,-1.09%,1.19,1.19,15.99,16.97,57.89%,16.65%,-2.24%,Aug 05/a,8.73,0.58%,"1,050,584"
LLIME,2.06B,-,-,-,-,1.55,1.38,0.21,0.40,-,-,-,Aug 04/a,31.72,-3.06%,"304,403"
LLIMI,-,0.61%,-,-,-,-,-,-,-,-,-,-,-,41.24,-3.00%,18
LLIMN,4.66M,-,-471.47%,-,-4165.92%,1.12,1.12,0.00,4.80,-,-,-,-,3.47,-4.41%,"31,463"
LLIN,214.92B,1.38%,8.31%,18.67%,12.12%,0.88,0.75,0.53,0.72,37.56%,27.10%,20.43%,Jul 31/b,466.22,1.00%,"1,631,478"
LLINC,793.67M,-,4.67%,11.90%,5.44%,0.96,0.92,1.07,1.13,59.84%,5.92%,3.99%,Aug 10/b,25.02,2.63%,"958,984"
LLIND,1.68B,-,-1.75%,-,-3.69%,0.84,0.84,-,-,38.34%,6.99%,-2.44%,Aug 03/b,25.67,1.50%,"581,774"
LLINE,8.60B,5.65%,-0.86%,-1.98%,-1.03%,0.78,0.70,1.01,1.03,14.67%,4.32%,-3.05%,Aug 05/b,37.75,0.96%,"1,053,474"
LLINK,92.00M,-,-8.42%,-10.49%,-10.37%,4.58,3.21,0.07,0.11,33.89%,-9.88%,-8.95%,Aug 13/b,5.84,1.74%,"71,345"
LLINT,-,0.61%,-,-,-,-,-,-,-,-,-,-,-,122.06,5.45%,"90,943"
LLION,3.35B,-,-2.24%,-,-12.47%,0.44,0.44,-,-,38.88%,6.25%,-4.13%,Aug 06/a,11.27,1.08%,"2,766,817"
LLIQT,23.52M,-,-27.99%,-48.95%,-30.80%,4.37,3.43,0.22,0.31,9.07%,-55.87%,-63.18%,Aug 12/b,0.71,-0.85%,"105,014"
LLIT,-,0.70%,-,-,-,-,-,-,-,-,-,-,-,71.49,-0.45%,"133,332"
LLITB,56.98M,-,13.54%,-,12533.81%,0.42,0.34,-,-,65.05%,3.73%,3.91%,Aug 26/b,3.15,1.61%,"5,540"
LLITC,-,-,-,-,-,-,-,-,-,-,-,-,-,28.51,-1.76%,66
LLITE,83.15B,-,-120.34%,-240.03%,-147.41%,1.68,1.40,0.01,0.36,39.74%,17.89%,-230.15%,Aug 11/a,927.03,-0.93%,"3,401,443"
LLITG,-,-,-,-,-,-,-,-,-,-,-,-,-,17.85,-1.72%,"6,235"
LLITL,-,2.01%,-,-,-,-,-,-,-,-,-,-,-,33.60,0.48%,740
LLITP,-,8.56%,-,-,-,-,-,-,-,-,-,-,-,10.44,-4.35%,"81,395"
LLITS,37.77M,-,-154.82%,-159.26%,-107.01%,11.53,11.53,0.00,0.00,-,-,-,-,1.11,4.72%,"278,100"
LLITU,-,-,-,-,-,-,-,-,-,-,-,-,-,20.00,-1.77%,"42,043"
LLITX,-,-,-,-,-,-,-,-,-,-,-,-,-,31.96,-1.69%,"2,415,316"
LLITZ,-,-,-,-,-,-,-,-,-,-,-,-,-,7.14,2.29%,"3,692,467"
LLIVE,24.82M,-,-0.67%,-2.76%,-1.05%,1.35,0.42,1.67,2.44,32.56%,3.34%,-0.59%,Aug 13/b,8.08,-1.46%,"9,204"
LLIVN,4.31B,-,7.33%,15.40%,11.32%,1.45,1.21,0.26,0.27,68.24%,15.01%,12.81%,Aug 05/b,78.18,0.00%,"552,416"
LLJAN,-,4.92%,-,-,-,-,-,-,-,-,-,-,-,24.73,0.04%,"1,787"
LLJUL,-,5.18%,-,-,-,-,-,-,-,-,-,-,-,23.96,0.06%,"1,306"
LLKFN,1.51B,3.43%,1.57%,15.00%,14.25%,0.16,-,0.01,0.10,-,31.77%,26.04%,Jul 27/b,60.58,0.12%,"140,934"
LLKFT,1.76B,-,16.62%,20.22%,18.56%,32.82,32.70,0.00,0.00,97.45%,59.54%,60.14%,Aug 10/a,26.81,0.00%,"245,820"
LLKOR,-,6.01%,-,-,-,-,-,-,-,-,-,-,-,39.45,0.05%,664
LLKQ,6.10B,4.98%,3.00%,7.16%,4.24%,1.58,0.61,0.70,0.82,35.66%,7.24%,3.40%,Jul 30/b,24.11,2.03%,"3,113,533"
LLKSP,199.86M,-,3.82%,4.00%,2.00%,0.58,0.58,0.00,0.00,-,-,-,-,10.23,0.10%,19
LLLDR,-,4.90%,-,-,-,-,-,-,-,-,-,-,-,42.22,0.07%,50
LLLY,1050.27B,0.62%,21.96%,102.43%,32.68%,1.35,1.00,1.41,1.62,83.40%,49.72%,33.53%,Aug 05/b,1115.70,-0.65%,"1,838,522"
LLLYVA,8.89B,-,-22.66%,-,-,0.25,0.25,-,-,-,-,-,Aug 06,93.98,0.64%,"91,845"
LLLYVK,8.89B,-,-22.66%,-,-,0.25,0.25,-,-,-,-,-,Aug 06,97.36,0.53%,"260,774"
LLLYX,-,3.07%,-,-,-,-,-,-,-,-,-,-,-,22.91,-1.72%,"243,829"
LLMAT,1.84B,1.24%,10.78%,16.77%,10.82%,15.89,13.96,0.44,0.45,71.27%,29.46%,25.02%,Aug 04/a,80.59,2.27%,"278,952"
LLMB,602.21M,-,8.09%,16.17%,11.93%,1.49,1.49,0.25,0.29,22.38%,5.65%,4.42%,Aug 04/a,50.50,4.53%,"379,220"
LLMBS,-,4.15%,-,-,-,-,-,-,-,-,-,-,-,49.16,-0.14%,"347,578"
LLMND,3.82B,-,-8.57%,-26.96%,-25.69%,2.42,-,0.04,0.41,-,-13.79%,-15.99%,Jul 29/b,49.40,-0.42%,"755,110"
LLMNR,236.53M,0.57%,-14.29%,-26.47%,-17.23%,1.51,1.51,0.74,0.76,-5.83%,-21.66%,-33.44%,Sep 09/a,13.05,-1.99%,"322,775"
LLMRI,1.10B,-,-,-,-,1.42,1.42,1.52,1.59,-,-,-,Aug 12/a,11.49,2.68%,"545,710"
LLMT,120.98B,2.68%,10.36%,89.16%,21.45%,1.19,1.01,2.34,2.34,12.66%,11.80%,8.16%,Jul 23/b,524.19,-1.12%,"987,780"
LLMTL,-,2.25%,-,-,-,-,-,-,-,-,-,-,-,31.39,-2.29%,"10,888"
LLMUB,-,3.99%,-,-,-,-,-,-,-,-,-,-,-,48.02,0.59%,"1,408,930"
LLNAI,10.79M,-,-201.09%,-325.46%,-,0.19,0.19,-,-,-360.71%,-46991.98%,-612568.11%,-,2.38,-2.26%,"27,248"
LLNC,8.39B,4.11%,0.61%,22.58%,13.24%,-,-,0.57,0.60,-,15.34%,10.97%,Jul 30/b,43.84,0.64%,"1,647,347"
LLND,369.55M,3.80%,-2.37%,-4.25%,-3.00%,1.54,0.75,0.43,0.71,31.77%,-0.42%,-9.98%,May 07/a,3.71,-2.88%,"44,984"
LLNG,57.49B,0.83%,6.28%,45.06%,9.44%,0.87,0.72,3.97,4.29,31.99%,30.21%,13.15%,Aug 06/b,278.34,0.18%,"1,481,643"
LLNGX,-,0.77%,-,-,-,-,-,-,-,-,-,-,-,45.66,-0.51%,"11,834"
LLNKS,1.77M,-,-13.01%,-16.51%,-17.36%,4.69,3.48,0.02,0.03,9.79%,-29.19%,-29.03%,-,1.00,1.26%,"17,633"
LLNN,1.18B,1.26%,6.64%,10.74%,8.72%,2.93,2.04,0.27,0.28,29.46%,9.95%,8.79%,Jul 02/b,116.35,-0.82%,"117,659"
LLNOK,-,-,-,-,-,-,-,-,-,-,-,-,-,20.19,9.73%,"58,087"
LLNSR,93.37M,-,22.16%,159.72%,51.23%,2.39,1.13,0.06,0.08,46.82%,-13.48%,25.74%,Aug 13/b,7.60,-5.59%,"82,336"
LLNT,17.44B,3.19%,3.33%,11.14%,4.50%,0.47,0.35,1.41,1.61,24.90%,22.10%,18.45%,Jul 30/a,67.26,0.01%,"1,950,316"
LLNTH,6.55B,-,12.15%,22.21%,14.22%,3.06,2.89,0.48,0.48,60.14%,19.45%,17.69%,Aug 06/b,100.25,-0.14%,"1,208,993"
LLNZA,79.98M,-,78.55%,138.69%,59.64%,2.48,2.48,0.11,0.11,37.24%,-60.96%,295.27%,Aug 14/b,6.11,3.91%,"49,985"
LLOAN,46.27M,10.86%,7.22%,11.00%,7.60%,1.31,1.31,0.45,0.45,99.87%,77.24%,58.30%,Jul 23/a,4.05,-0.74%,"10,683"
LLOAR,6.23B,-,3.56%,5.84%,3.15%,4.91,3.24,0.80,0.80,45.44%,24.68%,11.60%,Aug 06/b,66.51,2.70%,"546,979"
LLOB,1.82B,0.31%,0.93%,11.75%,9.88%,1.70,-,0.08,0.08,-,15.44%,12.51%,Jul 22/a,39.25,0.23%,"186,659"
LLOBO,8.14M,-,-24.61%,-67.16%,-73.09%,1.39,0.63,0.07,0.67,13.33%,-17.46%,-23.59%,-,0.59,0.61%,"15,779"
LLOCL,30.39M,-,-16.32%,-,-19.67%,1.07,0.72,-,-,-15.51%,-106.08%,-130.52%,Aug 12/b,1.30,9.24%,"27,939"
LLOCO,461.97M,-,5.74%,11.79%,6.73%,0.41,0.38,0.63,0.69,22.03%,9.81%,6.96%,Aug 06/a,15.18,0.80%,"187,738"
LLOCT,-,5.17%,-,-,-,-,-,-,-,-,-,-,-,23.88,0.02%,"4,459"
LLODE,214.30M,-,-35.70%,-54.01%,-36.58%,3.20,3.20,0.21,0.22,-694.80%,-4424.33%,-6012.27%,Jul 23/b,2.82,-4.41%,"1,872,064"
LLODI,-,5.03%,-,-,-,-,-,-,-,-,-,-,-,25.05,-0.07%,"25,178"
LLOEV,-,-,-,-,-,-,-,-,-,-,-,-,-,15.96,0.78%,"4,995"
LLOFD,-,-,-,-,-,-,-,-,-,-,-,-,-,6.79,0.89%,"75,162"
LLOFF,-,0.06%,-,-,-,-,-,-,-,-,-,-,-,17.20,3.61%,"1,498,512"
LLOGI,14.74B,1.61%,20.60%,35.29%,33.09%,2.31,1.95,0.03,0.04,43.94%,18.14%,16.28%,Jul 28/a,102.70,2.94%,"994,234"
LLOGO,-,-,-,-,-,-,-,-,-,-,-,-,-,20.44,0.89%,746
LLOHA,-,-,-,-,-,-,-,-,-,-,-,-,-,25.78,0.39%,"14,284"
LLOMA,1.14B,2.92%,2.24%,3.87%,3.07%,2.25,0.70,0.20,0.24,20.74%,9.08%,5.05%,Aug 06/a,9.75,-3.37%,"303,863"
LLONA,65.20M,-,-306.05%,-431.39%,-419.98%,7.01,7.01,0.00,0.02,-,-,-,Aug 14/a,6.92,0.87%,"42,677"
LLONZ,-,9.12%,-,-,-,-,-,-,-,-,-,-,-,49.12,-0.05%,"57,557"
LLOOP,22.87M,-,-108.17%,-,-467.56%,0.68,0.68,-,-,-67.35%,-2240.36%,-2774.60%,Jul 14/a,0.47,7.24%,"621,383"
LLOPE,3.94B,-,23.11%,30.98%,29.56%,2.82,2.82,0.13,0.16,52.53%,27.77%,19.63%,Jul 30/a,151.20,-0.01%,"233,769"
LLOPP,-,0.75%,-,-,-,-,-,-,-,-,-,-,-,36.70,0.64%,26
LLOT,698.33M,-,-21.22%,-,-,0.38,0.33,-,-,8.70%,-78.97%,-89.47%,Aug 27/b,1.09,7.92%,"137,644"
LLOTI,-,1.98%,-,-,-,-,-,-,-,-,-,-,-,25.80,0.06%,"7,766"
LLOUP,-,-,-,-,-,-,-,-,-,-,-,-,-,85.90,0.51%,"3,218"
LLOVE,200.63M,-,3.46%,8.78%,4.75%,1.47,0.67,0.79,0.91,56.52%,3.25%,2.56%,Sep 10/b,13.91,-2.45%,"748,822"
LLOVIU,-,-,-,-,-,-,-,-,-,-,-,-,-,-,-,0
LLOW,110.43B,2.51%,12.93%,-,21.03%,1.10,0.27,-,-,30.59%,11.29%,7.32%,Aug 19/b,196.82,0.12%,"3,293,411"
LLOWV,-,0.85%,-,-,-,-,-,-,-,-,-,-,-,82.93,0.66%,"7,138"
LLPA,107.14M,-,2.51%,6.80%,2.89%,1.80,1.80,1.18,1.22,83.91%,55.27%,30.97%,Aug 12/a,3.38,11.55%,"222,303"
LLPAA,81.22M,-,3.01%,3.17%,3.12%,0.22,0.22,0.00,0.00,-,-,-,-,10.80,0.37%,12
LLPBB,311.07M,-,3.06%,3.21%,3.16%,0.11,0.11,0.00,0.00,-,-,-,-,10.82,0.05%,382
LLPCN,18.71M,-,-55.89%,-60.94%,-54.45%,11.48,11.48,0.00,0.00,96.27%,-800.82%,-755.13%,Aug 04/b,2.27,0.89%,"10,397"
LLPCV,288.65M,-,-,-,1.63%,5.64,5.64,0.00,0.00,-,-,-,-,10.04,-0.69%,"150,007"
LLPG,2.36B,7.30%,17.63%,28.34%,19.16%,3.26,3.24,0.36,0.52,60.50%,52.02%,55.00%,Aug 05/b,55.18,1.42%,"466,295"
LLPL,3.31B,-,-4.78%,-20.74%,-10.45%,0.63,0.37,1.16,2.13,13.65%,2.60%,-5.25%,Jul 21/a,3.31,5.08%,"2,239,810"
LLPLA,27.86B,0.36%,5.40%,18.59%,7.43%,2.07,2.07,1.35,1.43,28.25%,12.77%,5.13%,Jul 30/a,353.78,1.88%,"428,474"
LLPRE,-,1.78%,-,-,-,-,-,-,-,-,-,-,-,28.28,0.68%,"73,155"
LLPSN,38.25M,-,-24.34%,-605.44%,-45.97%,1.10,1.10,-,-,62.47%,-8.81%,-52.64%,May 08/b,3.10,0.00%,0
LLPTH,610.52M,-,-14.91%,-19.73%,-12.25%,4.96,4.27,0.06,0.07,33.42%,-3.45%,-28.65%,Sep 10/a,9.20,-4.96%,"4,864,754"
LLPX,4.71B,1.74%,2.05%,3.10%,2.56%,3.22,1.66,0.21,0.22,17.99%,4.54%,2.19%,Aug 05/b,67.29,2.39%,"836,264"
LLQ,-,0.20%,-,-,-,-,-,-,-,-,-,-,-,24.53,-0.33%,"3,655"
LLQAI,-,0.91%,-,-,-,-,-,-,-,-,-,-,-,46.05,0.42%,16
LLQD,-,4.81%,-,-,-,-,-,-,-,-,-,-,-,104.32,-0.04%,"27,934,383"
LLQDA,5.97B,-,35.57%,131.82%,42.89%,2.31,2.12,0.66,0.94,92.30%,37.39%,30.74%,Aug 12/b,66.74,-1.64%,"778,798"
LLQDB,-,4.88%,-,-,-,-,-,-,-,-,-,-,-,83.59,-0.05%,"1,059"
LLQDD,-,-,-,-,-,-,-,-,-,-,-,-,-,51.86,0.12%,23
LLQDH,-,5.83%,-,-,-,-,-,-,-,-,-,-,-,92.47,0.10%,"29,328"
LLQDI,-,4.79%,-,-,-,-,-,-,-,-,-,-,-,25.38,-0.45%,"94,896"
LLQDM,-,4.17%,-,-,-,-,-,-,-,-,-,-,-,23.44,-0.00%,"1,150"
LLQDT,1.33B,-,8.39%,14.96%,13.57%,1.57,1.48,0.04,0.06,45.47%,9.00%,6.79%,Aug 06/b,42.49,2.41%,"112,212"
LLQDU,-,-,-,-,-,-,-,-,-,-,-,-,-,23.75,-0.38%,10
LLQDW,-,11.73%,-,-,-,-,-,-,-,-,-,-,-,22.92,-0.09%,"71,898"
LLQID,-,1.32%,-,-,-,-,-,-,-,-,-,-,-,24.92,-0.00%,"1,737"
LLQTI,-,9.47%,-,-,-,-,-,-,-,-,-,-,-,18.38,-0.10%,"35,130"
LLRCC,-,-,-,-,-,-,-,-,-,-,-,-,-,16.12,-0.10%,"1,137"
LLRCU,-,-,-,-,-,-,-,-,-,-,-,-,-,46.04,-0.37%,"27,333"
LLRCX,373.17B,0.40%,32.38%,65.07%,44.04%,2.63,1.91,0.32,0.33,50.47%,35.29%,31.27%,Jul 29/a,298.22,0.07%,"9,367,943"
LLRE,17.32M,-,4.73%,26.51%,10.17%,1.22,0.13,1.35,4.03,20.61%,9.14%,5.70%,-,1.27,-0.78%,"3,825"
LLRGC,-,0.52%,-,-,-,-,-,-,-,-,-,-,-,85.96,0.90%,"18,888"
LLRGE,-,0.12%,-,-,-,-,-,-,-,-,-,-,-,88.14,0.98%,"4,520"
LLRGF,-,1.05%,-,-,-,-,-,-,-,-,-,-,-,78.12,0.89%,"61,867"
LLRGG,-,0.16%,-,-,-,-,-,-,-,-,-,-,-,29.51,0.82%,"10,768"
LLRHC,1.47M,-,-131.49%,-856.84%,-356.15%,1.35,1.35,-,-,12.10%,-18.55%,-59.68%,-,2.58,-3.20%,"15,058"
LLRMR,407.22M,-,-109.49%,-139.63%,-131.62%,4.70,4.70,0.03,0.04,-,-,-,Aug 04/b,3.92,1.82%,"2,127,479"
LLRN,3.41B,-,14.30%,21.74%,15.99%,5.94,5.81,0.30,0.33,37.03%,18.12%,13.43%,Aug 04/a,82.00,0.68%,"547,270"
LLRND,-,0.40%,-,-,-,-,-,-,-,-,-,-,-,46.30,1.09%,273
LLRNX,-,-,-,-,-,-,-,-,-,-,-,-,-,22.47,1.65%,6
LLRNZ,-,-,-,-,-,-,-,-,-,-,-,-,-,61.36,0.19%,"1,558"
LLSAF,-,0.56%,-,-,-,-,-,-,-,-,-,-,-,55.12,1.12%,"6,895"
LLSAK,366.47M,-,0.44%,1.11%,0.60%,1.59,1.47,0.75,0.90,25.44%,2.61%,0.42%,Sep 09/a,4.27,-4.90%,"151,998"
LLSAT,-,1.60%,-,-,-,-,-,-,-,-,-,-,-,45.95,0.56%,"2,804"
LLSBK,144.67M,1.95%,1.14%,7.06%,5.80%,0.24,-,0.00,0.00,-,25.22%,20.76%,Jul 22/a,18.42,-2.28%,"32,813"
LLSCC,17.01B,-,4.07%,4.93%,4.43%,3.02,2.33,0.04,0.05,63.35%,8.47%,5.58%,Aug 04/a,119.76,4.92%,"1,499,508"
LLSCP,-,0.89%,-,-,-,-,-,-,-,-,-,-,-,24.34,-0.09%,8
LLSE,93.90M,-,1.75%,2.94%,2.72%,2.54,2.19,0.01,0.08,17.72%,2.73%,2.60%,-,5.52,7.94%,"3,380"
LLSEQ,-,1.79%,-,-,-,-,-,-,-,-,-,-,-,34.00,-0.16%,74
LLSF,43.88M,-,-3.36%,-4.14%,-2.24%,3.05,1.73,0.02,0.03,32.31%,-4.03%,-4.74%,Aug 13/a,3.92,-1.51%,"6,196"
LLSGR,-,-,-,-,-,-,-,-,-,-,-,-,-,44.72,0.71%,"22,562"
LLSPD,1.32B,-,-5.92%,-6.65%,-6.93%,3.44,3.35,0.01,0.01,33.32%,-8.65%,-7.81%,Jul 30/b,9.94,1.84%,"331,181"
LLST,-,1.12%,-,-,-,-,-,-,-,-,-,-,-,47.92,1.23%,"23,237"
LLSTA,14.69M,-,-80.81%,-99.89%,-177.35%,3.69,3.69,0.00,0.00,36.00%,-16427.00%,-14621.00%,-,1.63,-0.61%,"111,891"
LLSTB,-,1.01%,-,-,-,-,-,-,-,-,-,-,-,24.35,-0.11%,8
LLSTR,5.86B,1.45%,7.65%,14.98%,14.98%,1.82,1.82,0.05,0.17,13.34%,3.92%,2.64%,Jul 28/a,172.78,-0.53%,"474,399"
LLSVD,-,0.26%,-,-,-,-,-,-,-,-,-,-,-,36.49,1.21%,219
LLTAX,-,2.43%,-,-,-,-,-,-,-,-,-,-,-,24.12,0.86%,213
LLTBR,262.96M,-,-13.77%,-13.91%,-9.80%,116.56,116.56,0.00,0.00,-,-,-,Aug 05/a,7.02,-4.36%,"685,125"
LLTC,2.28B,5.40%,6.78%,12.11%,6.58%,63.27,63.27,0.61,0.61,58.63%,36.17%,38.53%,Aug 05/a,42.27,-0.54%,"475,139"
LLTCC,-,-,-,-,-,-,-,-,-,-,-,-,-,13.02,2.55%,"63,730"
LLTGO,1.47B,-,-,-,-,1.15,1.15,0.05,2.50,-,-,-,Sep 03/a,22.15,2.83%,"178,712"
LLTGR,228.62M,-,-,-,-,11.20,11.20,0.00,0.00,-,-,-,-,9.94,-0.25%,105
LLTH,9.27B,-,5.20%,13.45%,5.57%,0.66,0.56,1.26,1.29,36.36%,17.20%,13.04%,Jul 30/b,41.50,0.05%,"2,358,924"
LLTL,-,0.99%,-,-,-,-,-,-,-,-,-,-,-,24.58,1.90%,"3,505"
LLTM,14.73B,2.06%,8.63%,107.34%,15.61%,0.66,0.59,4.02,4.51,26.38%,15.17%,9.85%,Aug 05/b,51.29,1.20%,"746,697"
LLTPZ,-,7.08%,-,-,-,-,-,-,-,-,-,-,-,47.19,-0.65%,"637,662"
LLTRN,21.86M,-,-143.36%,-400.92%,-,1.96,1.96,-,-,-,-,-,Aug 14/b,1.71,-2.84%,"109,811"
LLTRX,244.74M,-,-2.94%,-4.32%,-3.32%,3.66,2.86,0.06,0.07,41.83%,-2.68%,-3.46%,Aug 26/a,5.24,3.56%,"1,194,339"
LLTTI,-,9.67%,-,-,-,-,-,-,-,-,-,-,-,17.17,0.11%,"2,542"
LLU,1.01B,-,-1.11%,-2.76%,-1.43%,1.29,1.29,0.91,1.08,78.37%,-4.81%,-7.92%,-,1.21,0.00%,"398,529"
LLUCD,159.12M,-,-134.66%,-556.27%,-457.21%,1.33,1.30,0.05,2.28,-37.78%,-930.85%,-1193.87%,Aug 13/b,0.78,-2.64%,"1,223,979"
LLUCK,768.89M,4.26%,-1.12%,-,-1.21%,0.50,0.42,-,-,24.68%,12.76%,-3.74%,Aug 27/b,5.64,1.81%,"115,536"
LLUCY,7.19M,-,-79.21%,-84.58%,-111.35%,12.06,8.10,0.00,0.01,22.79%,-249.03%,-225.28%,Aug 14/b,0.84,-0.98%,"273,901"
LLUD,98.70M,-,-,-,-,-,-,-,-,-,-,-,May 15/b,4.24,0.00%,"10,526"
LLULG,-,-,-,-,-,-,-,-,-,-,-,-,-,4.09,3.81%,"633,503"
LLULU,11.46B,-,17.72%,30.90%,21.60%,2.19,1.24,0.37,0.45,56.04%,18.03%,12.78%,Sep 03/a,98.97,2.16%,"5,612,830"
LLUMA,-,-,-,-,-,-,-,-,-,-,-,-,-,25.20,2.61%,"3,993"
LLUMN,7.16B,-,-3.21%,-,-8.78%,0.91,0.88,-,-,25.14%,-3.10%,-8.65%,Aug 04/a,6.94,1.91%,"16,671,030"
LLUNG,79.45M,-,-36.74%,-88.87%,-51.17%,4.32,3.52,1.40,1.43,76.71%,-52.96%,-55.03%,Jul 29/a,1.85,0.00%,"204,925"
LLUNL,-,-,-,-,-,-,-,-,-,-,-,-,-,3.55,-4.05%,"1,516,410"
LLUNR,3.29B,-,-11.05%,-,-107.92%,1.66,1.43,-,-,10.19%,-19.62%,-26.77%,Aug 13/b,14.35,-1.85%,"5,527,022"
LLUV,19.20B,1.98%,2.85%,11.11%,7.27%,0.49,0.42,0.63,0.97,18.89%,4.33%,2.79%,Jul 22/a,39.24,1.42%,"5,380,317"
LLUXE,1.01B,-,32.74%,54.56%,30.90%,2.33,0.81,0.13,0.15,44.35%,-4.80%,17.74%,Sep 16/b,7.39,-0.40%,"128,775"
LLVDS,-,0.93%,-,-,-,-,-,-,-,-,-,-,-,60.17,0.88%,"1,793"
LLVHD,-,3.43%,-,-,-,-,-,-,-,-,-,-,-,43.45,0.19%,"36,824"
LLVHI,-,3.87%,-,-,-,-,-,-,-,-,-,-,-,42.30,0.57%,"858,652"
LLVIG,-,-,-,-,-,-,-,-,-,-,-,-,-,96.82,-0.15%,"5,867"
LLVLN,-,5.44%,-,-,-,-,-,-,-,-,-,-,-,24.84,0.12%,11
LLVLU,30.57M,-,-8.84%,-602.91%,-125.61%,0.54,0.13,-,-,45.12%,-2.55%,-3.17%,Aug 12/a,10.65,-2.38%,"39,351"
LLVO,54.64M,-,-40.88%,-,-,0.62,0.60,-,-,14.87%,-19.57%,-27.15%,Aug 12/b,3.98,1.14%,"55,511"
LLVS,27.74B,2.68%,8.27%,134.29%,12.10%,1.00,0.99,23.57,26.27,37.43%,23.40%,12.59%,Jul 22/a,42.83,0.54%,"3,985,365"
LLVWR,234.17M,-,-64.43%,-160.16%,-82.41%,4.16,3.41,6.47,6.49,41.48%,-163.20%,-234.48%,Jul 23/b,1.14,0.88%,"195,156"
LLW,6.58B,3.54%,3.93%,16.28%,5.26%,1.42,0.71,2.02,2.21,19.47%,10.20%,4.39%,Oct 06/b,47.85,1.12%,"1,387,762"
LLWAC,310.83M,-,3.36%,3.49%,3.43%,1.84,1.84,0.00,0.00,-,-,-,-,10.35,-0.00%,6
LLWAY,371.78M,-,9.43%,13.32%,10.17%,2.09,1.47,0.26,0.27,25.41%,6.49%,4.48%,Aug 13/b,24.61,-0.89%,"111,771"
LLWLG,806.29M,-,-32.54%,-34.36%,-21.46%,62.82,62.82,0.02,0.02,-764.24%,-9688.21%,-9134.42%,Aug 11/b,5.23,1.36%,"1,597,211"
LLWLX,-,-,-,-,-,-,-,-,-,-,-,-,-,11.61,2.26%,"6,043"
LLX,106.63M,6.15%,4.56%,8.68%,7.20%,2.09,2.08,0.15,0.31,70.66%,11.64%,7.89%,Aug 31/b,0.80,-0.37%,"2,084,825"
LLXEH,3.35M,-,-31.90%,-57.33%,-74.68%,0.25,0.25,0.06,0.67,-13.17%,-102.41%,-376.23%,-,1.79,4.57%,"12,818"
LLXEO,348.70M,-,-40.50%,-46.76%,-36.48%,13.89,13.89,0.02,0.03,-,-,-,Aug 12/b,4.25,-2.52%,"1,490,757"
LLXFR,466.93M,3.01%,2.84%,4.87%,2.77%,2.33,1.05,0.30,0.31,24.83%,10.46%,2.20%,Jul 28/a,17.30,0.12%,"548,785"
LLXP,3.59B,4.64%,1.80%,3.21%,1.94%,2.25,2.25,0.71,0.71,26.35%,14.85%,16.73%,Jul 29/b,60.84,0.03%,"757,552"
LLXRX,889.91M,-,-25.70%,-40.21%,-26.33%,13.37,13.29,0.33,0.34,97.98%,-131.43%,-147.38%,Aug 06/b,2.00,-0.99%,"3,726,759"
LLXU,833.73M,-,3.12%,7.10%,3.62%,2.43,1.99,0.88,0.91,17.32%,9.48%,5.58%,Jul 29/a,11.58,-0.43%,"1,079,747"
LLYB,20.57B,4.92%,-0.74%,-2.29%,-1.52%,1.64,1.07,1.17,1.33,13.30%,7.82%,-1.15%,Jul 31/b,63.69,-0.95%,"3,982,478"
LLYEL,293.08M,-,-71.34%,-93.28%,-91.77%,5.36,5.36,0.16,0.20,-35148.15%,-729281.48%,-920285.19%,Aug 12/a,11.96,-1.97%,"152,204"
LLYFT,5.80B,-,39.59%,152.58%,68.21%,0.59,0.59,0.39,0.43,38.02%,-1.67%,42.32%,Aug 06/a,15.32,2.00%,"8,861,340"
LLYG,86.95B,4.17%,0.49%,11.56%,3.10%,2.12,-,2.75,3.89,-,36.04%,23.02%,Jul 30/b,6.01,2.04%,"13,652,734"
LLYLD,-,1.93%,-,-,-,-,-,-,-,-,-,-,-,33.36,0.50%,356
LLYNX,1.48B,-,-,-,-,-,-,-,-,-,-,-,-,12.74,2.82%,"241,926"
LLYTE,-,-,-,-,-,-,-,-,-,-,-,-,-,25.23,2.77%,"1,109,343"
LLYTS,746.34M,1.25%,3.59%,7.64%,3.50%,1.97,1.22,0.79,0.85,25.14%,7.01%,3.28%,Aug 20/b,20.03,2.25%,"338,313"
LLYV,40.09B,-,-1.01%,-116.65%,-3.07%,0.85,0.85,100.99,137.04,23.16%,5.60%,-0.98%,Jul 30/a,170.15,0.04%,"2,044,948"
LLZ,1.04B,-,3.34%,10.49%,12.28%,0.65,0.65,0.08,0.12,63.44%,4.41%,2.13%,Aug 05/a,6.05,2.37%,"1,777,811"
LLZB,1.23B,3.30%,4.16%,8.03%,5.56%,1.66,1.14,0.45,0.53,44.64%,6.65%,3.86%,Aug 18/a,30.64,-0.71%,"590,161"
LLZM,353.36M,-,-12.99%,-24.73%,-17.78%,0.67,0.66,0.38,0.90,-28.49%,-849.79%,-966.75%,Jul 29/b,3.93,-2.96%,"368,358"
LLZMH,9.90M,-,-,-,-,1.13,-,0.03,0.43,-,-,-,-,1.26,2.44%,"12,038"
MM,5.77B,3.32%,4.80%,15.99%,7.49%,1.59,0.48,1.03,1.03,38.87%,4.28%,3.29%,Sep 10/b,22.08,7.71%,"10,299,559"
MMA,498.62B,0.62%,29.80%,241.49%,58.49%,1.06,1.06,3.95,4.39,96.60%,59.19%,46.27%,Jul 30/b,569.19,0.68%,"2,049,475"
MMAA,14.84B,4.91%,3.38%,7.09%,4.14%,0.09,0.09,0.79,1.05,29.51%,27.78%,18.00%,Jul 29/a,124.79,0.25%,"1,046,893"
MMAAS,6.88B,-,-,-,-,53.07,6.39,0.00,0.01,-,-,-,-,15.79,0.77%,"124,212"
MMAAY,-,209.05%,-,-,-,-,-,-,-,-,-,-,-,5.24,-0.37%,"28,235"
MMAC,6.67B,3.04%,-4.54%,-14.47%,-5.60%,0.25,0.25,1.48,1.76,-1.80%,-5.66%,-30.25%,Aug 04/a,22.61,0.00%,"2,286,762"
MMACI,105.14M,-,3.61%,3.87%,9.90%,0.70,0.70,0.00,0.11,-,-,-,-,11.05,0.44%,6
MMADE,-,0.67%,-,-,-,-,-,-,-,-,-,-,-,35.83,1.68%,"8,528"
MMAGA,-,1.47%,-,-,-,-,-,-,-,-,-,-,-,56.12,0.49%,710
MMAGC,-,5.42%,-,-,-,-,-,-,-,-,-,-,-,17.98,0.87%,"8,711"
MMAGG,-,4.95%,-,-,-,-,-,-,-,-,-,-,-,19.54,-0.23%,"4,632"
MMAGN,418.86M,-,-2.82%,-10.43%,-3.78%,2.45,1.57,1.91,1.93,10.63%,4.38%,-3.41%,Aug 05/a,11.70,1.21%,"446,692"
MMAGS,-,1.40%,-,-,-,-,-,-,-,-,-,-,-,69.89,1.03%,"4,346,594"
MMAGX,-,1.99%,-,-,-,-,-,-,-,-,-,-,-,58.71,2.07%,"31,554"
MMAGY,-,33.26%,-,-,-,-,-,-,-,-,-,-,-,42.47,0.73%,"36,953"
MMAIA,79.08M,-,-136.67%,-218.68%,-129.84%,4.51,4.51,0.00,0.00,-,-,-,Aug 11,1.30,-0.76%,"682,311"
MMAIN,5.26B,7.42%,8.04%,14.92%,9.08%,0.13,0.13,0.57,0.80,100.00%,90.77%,66.18%,Aug 06/a,56.22,0.75%,"329,541"
MMAIR,12.65B,-,-,-,-,1.82,1.21,0.87,0.87,-,-,-,Jul 30/b,25.21,1.20%,"4,888,054"
MMAKO,883.11M,-,23.82%,36.63%,24.00%,3.11,2.35,0.15,0.22,47.58%,40.67%,25.11%,-,10.08,2.65%,"174,327"
MMAKX,-,0.14%,-,-,-,-,-,-,-,-,-,-,-,65.68,2.16%,289
MMAMA,694.01M,-,5.85%,7.51%,4.17%,6.93,6.48,0.06,0.08,24.25%,5.17%,3.54%,Sep 03/a,14.72,-2.00%,"795,068"
MMAMB,-,2.71%,-,-,-,-,-,-,-,-,-,-,-,23.58,-0.04%,"21,734"
MMAMO,41.15M,-,8.11%,17.93%,13.87%,1.85,0.67,0.19,0.35,42.98%,7.87%,6.04%,-,0.99,0.13%,"5,536"
MMAN,2.63B,2.81%,1.23%,5.08%,3.53%,1.04,1.04,0.40,0.67,16.24%,1.84%,0.56%,Jul 16/b,56.46,-0.98%,"667,448"
MMANE,4.13B,-,-,-,-,70.53,70.53,0.00,0.00,-,-,-,Aug 11/b,98.97,0.85%,"576,066"
MMANH,11.77B,-,29.13%,96.38%,99.45%,0.95,0.95,0.34,0.34,55.22%,25.06%,18.67%,Jul 28/a,201.82,-1.56%,"656,935"
MMANI,-,4.60%,-,-,-,-,-,-,-,-,-,-,-,26.03,-0.17%,"2,634"
MMANU,3.46B,-,-1.18%,-9.96%,-2.76%,0.37,0.35,2.75,4.21,0.22%,0.07%,-2.67%,Sep 23/b,20.05,0.15%,"227,605"
MMAR,87.28B,0.86%,9.33%,-,20.23%,0.53,0.53,-,-,19.13%,15.73%,9.62%,Aug 03/b,334.69,1.71%,"1,502,443"
MMARA,4.63B,-,-57.26%,-107.12%,-95.00%,0.89,0.89,1.19,1.49,-75.61%,-122.80%,-429.71%,Aug 06/a,11.98,4.81%,"45,263,372"
MMARM,-,-,-,-,-,-,-,-,-,-,-,-,-,34.51,0.16%,"3,253"
MMARO,-,183.38%,-,-,-,-,-,-,-,-,-,-,-,4.32,2.61%,"462,855"
MMARPS,9.18M,7.45%,65.62%,65.62%,66.73%,-,-,0.00,0.00,-,65.24%,65.24%,-,4.59,-0.22%,"1,900"
MMARS,-,-,-,-,-,-,-,-,-,-,-,-,-,25.25,1.57%,"13,932"
MMART,-,-,-,-,-,-,-,-,-,-,-,-,-,42.89,0.49%,755
MMARU,-,-,-,-,-,-,-,-,-,-,-,-,-,30.02,0.69%,247
MMARW,-,-,-,-,-,-,-,-,-,-,-,-,-,36.75,0.31%,311
MMARZ,-,3.03%,-,-,-,-,-,-,-,-,-,-,-,37.26,0.80%,755
MMAS,13.51B,1.87%,16.54%,-,28.28%,1.86,1.22,-,-,36.93%,17.70%,11.60%,Jul 29/b,68.52,1.30%,"2,651,951"
MMASK,4.45M,-,2.12%,3.22%,3.62%,3.01,3.01,0.18,0.18,50.71%,8.91%,6.75%,-,1.23,-2.38%,"9,580,885"
MMASS,393.50M,-,-17.61%,-24.88%,-26.45%,2.67,2.38,0.03,0.03,48.76%,-35.42%,-56.68%,Aug 11/b,9.52,1.82%,"279,726"
MMAT,4.00B,-,6.78%,20.50%,9.16%,1.90,1.26,1.34,1.37,47.13%,8.68%,7.79%,Aug 04/a,14.01,1.45%,"2,786,273"
MMATE,-,-,-,-,-,-,-,-,-,-,-,-,-,31.92,1.27%,737
MMATH,41.28M,-,0.35%,2.87%,2.41%,1.12,1.12,0.00,0.01,-,-,-,-,0.88,-5.82%,"4,982"
MMATR,-,2.76%,-,-,-,-,-,-,-,-,-,-,-,28.06,0.79%,"2,271"
MMATV,658.97M,3.35%,4.36%,19.99%,5.94%,1.98,0.95,2.17,2.20,16.15%,4.05%,4.46%,Aug 05/a,11.94,-3.16%,"428,394"
MMATW,624.26M,5.10%,-1.83%,-5.87%,-2.69%,1.76,1.02,1.25,1.29,36.25%,-1.47%,-2.65%,Aug 06/a,20.00,-0.20%,"767,056"
MMATX,6.88B,0.63%,10.09%,17.21%,15.13%,0.89,0.82,0.11,0.12,23.02%,14.36%,13.41%,Aug 03/a,230.18,0.96%,"248,621"
MMAUG,-,-,-,-,-,-,-,-,-,-,-,-,-,33.29,0.44%,6
MMAVF,-,0.22%,-,-,-,-,-,-,-,-,-,-,-,139.21,1.09%,48
MMAX,713.73M,-,31.91%,789.17%,49.11%,1.29,1.29,5.97,6.22,14.55%,7.06%,7.94%,Jul 29/a,11.65,-0.77%,"954,756"
MMAXI,-,28.92%,-,-,-,-,-,-,-,-,-,-,-,13.24,0.42%,"14,422"
MMAXJ,-,0.73%,-,-,-,-,-,-,-,-,-,-,-,29.44,0.31%,"13,949"
MMAYC,-,-,-,-,-,-,-,-,-,-,-,-,-,26.19,0.52%,7
MMAYM,-,-,-,-,-,-,-,-,-,-,-,-,-,33.21,0.15%,71
MMAYP,-,-,-,-,-,-,-,-,-,-,-,-,-,33.15,0.54%,"3,972"
MMAYS,80.63M,-,-1.29%,-2.20%,-1.44%,1.35,1.35,0.55,0.60,15.89%,-7.74%,-5.37%,-,40.05,-0.17%,312
MMAYT,-,-,-,-,-,-,-,-,-,-,-,-,-,39.85,0.61%,"8,811"
MMAYU,-,-,-,-,-,-,-,-,-,-,-,-,-,34.54,0.63%,"1,788"
MMAYW,-,-,-,-,-,-,-,-,-,-,-,-,-,35.40,0.40%,"20,228"
MMAYZ,-,1.96%,-,-,-,-,-,-,-,-,-,-,-,36.66,0.73%,274
MMAZE,1.37B,-,-31.99%,-37.35%,-26.26%,18.31,18.31,0.12,0.13,90.47%,-728.06%,-667.95%,Aug 11/a,24.60,-0.89%,"1,052,240"
MMB,74.28M,-,-17.11%,-137.98%,-31.80%,1.55,1.38,2.48,4.45,5.27%,-4.99%,-11.44%,-,4.33,-1.14%,"2,748"
MMBAI,87.88M,-,-,-,120.45%,0.05,0.05,0.00,0.01,-,-,-,-,6.40,-3.03%,"31,407"
MMBB,-,4.42%,-,-,-,-,-,-,-,-,-,-,-,91.38,-0.11%,"3,860,694"
MMBBA,-,3.07%,-,-,-,-,-,-,-,-,-,-,-,48.02,-0.13%,"8,848"
MMBBB,-,5.25%,-,-,-,-,-,-,-,-,-,-,-,20.62,-0.03%,"1,704"
MMBBC,44.26M,-,0.45%,2.77%,1.53%,0.24,-,0.51,0.51,-,10.97%,9.34%,-,15.00,-0.96%,"5,338"
MMBC,1.51B,-,-2.61%,-5.82%,-2.70%,1.76,1.04,0.82,0.86,25.59%,-0.59%,-3.49%,Aug 04/a,7.43,0.00%,"1,912,193"
MMBCE,-,0.24%,-,-,-,-,-,-,-,-,-,-,-,37.27,0.95%,"10,125"
MMBGL,5.94B,0.30%,-,-,-,1.88,1.88,0.20,0.20,-,-,-,Aug 07/b,20.16,-0.15%,"2,754,434"
MMBI,236.72M,-,-6.96%,-,-11.70%,1.43,-,-,-,-,50.00%,-154.26%,Aug 06/a,4.64,0.65%,"385,931"
MMBIN,2.44B,0.85%,1.33%,11.73%,10.80%,0.06,-,0.04,1.80,-,23.98%,17.01%,Jul 28/a,53.15,0.32%,"148,722"
MMBIO,3.84M,-,-21.17%,-58.12%,-40.20%,1.97,1.97,0.00,0.00,-,-,-,-,0.51,-2.46%,"25,868"
MMBLY,7.01B,-,-37.93%,-40.07%,-49.48%,4.60,3.92,0.00,0.00,45.63%,-19.20%,-201.49%,Jul 23/b,8.25,0.49%,"3,547,194"
MMBND,-,3.57%,-,-,-,-,-,-,-,-,-,-,-,26.39,-0.06%,"10,002"
MMBOT,97.39M,-,-30.68%,-32.91%,-23.52%,18.56,17.82,0.01,0.01,-198.84%,-5348.84%,-4722.25%,Aug 18,1.45,-0.68%,"446,978"
MMBOX,-,1.84%,-,-,-,-,-,-,-,-,-,-,-,41.85,0.80%,908
MMBRX,13.93M,-,-142.11%,-1371.64%,-258.45%,0.94,0.94,0.01,0.03,-,-,-,Aug 14/b,0.71,-13.85%,"1,931,958"
MMBS,-,5.66%,-,-,-,-,-,-,-,-,-,-,-,8.40,-0.36%,"59,767"
MMBSD,-,4.20%,-,-,-,-,-,-,-,-,-,-,-,20.11,0.02%,"13,805"
MMBSF,-,4.30%,-,-,-,-,-,-,-,-,-,-,-,25.61,-0.08%,"80,114"
MMBSX,-,2.20%,-,-,-,-,-,-,-,-,-,-,-,26.94,-2.04%,"1,449"
MMBUU,489.78M,-,0.19%,0.32%,0.24%,1.43,0.60,0.33,0.34,15.10%,1.33%,0.18%,Aug 27/b,24.89,-0.68%,"340,653"
MMBVI,441.60M,-,5.66%,5.95%,2.97%,2.81,2.81,0.00,0.00,-,-,-,-,10.24,0.09%,"1,977"
MMBWM,1.07B,2.55%,1.46%,13.73%,8.51%,0.07,-,0.48,0.92,-,29.67%,24.75%,Jul 21/b,61.74,0.72%,"111,501"
MMBX,2.84B,-,-31.25%,-33.17%,-25.30%,18.08,18.08,0.01,0.01,-,-,-,Aug 06/b,59.02,-3.15%,"306,208"
MMC,5.19B,4.06%,16.60%,44.68%,30.30%,0.63,0.63,0.49,0.52,-,18.42%,14.50%,Jul 29/a,64.03,-0.34%,"1,134,326"
MMCAH,86.73M,-,-,-,-,0.16,0.16,0.00,0.01,-,-,-,-,10.02,-0.05%,"22,411"
MMCB,1.13B,1.27%,1.04%,10.24%,8.62%,0.00,-,0.04,0.04,-,22.23%,15.58%,Jul 21/a,90.79,0.15%,"82,384"
MMCBS,1.02B,3.15%,1.97%,15.94%,13.80%,0.25,-,0.02,0.69,-,40.31%,28.40%,Jul 24/a,35.50,0.37%,"51,104"
MMCD,178.70B,2.97%,14.71%,-,16.62%,1.08,1.07,-,-,57.38%,45.72%,31.72%,Aug 04/b,252.53,-0.21%,"4,104,906"
MMCDS,-,1.05%,-,-,-,-,-,-,-,-,-,-,-,66.85,0.93%,226
MMCFT,478.03M,-,-0.40%,-0.57%,-0.44%,1.56,0.72,0.00,0.00,21.52%,2.62%,-0.48%,Sep 10/b,19.64,-4.52%,"675,010"
MMCGA,244.08M,-,1.67%,1.73%,1.72%,0.14,0.14,0.00,0.00,-,-,-,-,10.35,-0.09%,"2,016"
MMCH,-,1.80%,-,-,-,-,-,-,-,-,-,-,-,27.65,-0.35%,589
MMCHB,3.56B,11.00%,1.95%,18.19%,9.70%,0.04,-,0.08,0.11,-,26.52%,27.34%,Jul 29/b,15.37,-0.39%,"367,889"
MMCHG,-,-,-,-,-,-,-,-,-,-,-,-,-,7.38,7.19%,"4,025"
MMCHI,-,2.07%,-,-,-,-,-,-,-,-,-,-,-,52.96,0.30%,"1,557,850"
MMCHP,40.29B,2.53%,3.26%,7.19%,4.05%,1.92,1.11,0.83,0.84,47.42%,16.23%,7.17%,Aug 06/a,74.20,3.66%,"8,770,046"
MMCHS,-,1.98%,-,-,-,-,-,-,-,-,-,-,-,39.93,0.05%,"3,799"
MMCHU,-,-,-,-,-,-,-,-,-,-,-,-,-,13.02,7.16%,"1,368"
MMCHX,60.52M,-,-13.74%,-17.91%,-18.78%,2.21,2.21,0.00,0.02,61.21%,-8.34%,-12.44%,Aug 12/a,1.37,-4.21%,"22,180"
MMCI,-,8.19%,-,-,-,-,-,-,-,-,-,-,-,19.54,1.40%,"99,326"
MMCK,102.78B,0.37%,5.41%,-,78.20%,0.89,0.52,-,-,3.43%,1.63%,1.12%,Aug 05/a,881.51,0.07%,"888,807"
MMCN,117.56M,12.86%,-,-,-,-,-,-,-,-,-,-,-,5.60,0.00%,"30,739"
MMCO,82.26B,0.80%,18.53%,80.15%,28.28%,1.15,1.15,2.27,2.49,68.82%,46.00%,34.25%,Jul 22/b,474.95,1.62%,"773,416"
MMCOW,-,0.26%,-,-,-,-,-,-,-,-,-,-,-,21.38,1.09%,128
MMCRB,49.81M,-,-18.31%,-66.57%,-28.31%,2.11,2.11,1.30,1.64,-83.17%,-4095.43%,-1192.94%,Aug 05/b,5.01,-1.76%,"39,561"
MMCRI,2.18B,0.98%,15.85%,20.54%,19.48%,1.21,1.15,0.02,0.02,46.89%,26.48%,20.40%,Jul 20/a,121.89,1.91%,"160,497"
MMCRP,31.40M,-,-,-,-,-,-,-,-,-,-,-,-,0.90,3.45%,"141,437"
MMCS,817.83M,1.22%,2.25%,5.01%,2.99%,0.44,0.44,0.66,0.70,28.51%,4.76%,2.87%,Jul 30/b,27.14,-0.04%,"203,464"
MMCVT,-,0.03%,-,-,-,-,-,-,-,-,-,-,-,27.64,0.15%,"15,235"
MMCY,5.67B,1.24%,9.76%,38.99%,24.67%,0.84,-,0.34,0.34,-,18.78%,14.77%,Aug 04/a,102.34,-0.30%,"245,091"
MMD,2.18B,-,8.26%,20.39%,13.42%,1.32,1.32,0.48,0.70,25.05%,12.34%,8.96%,Aug 04/b,26.77,0.15%,"516,920"
MMDA,4.69B,-,3.09%,6.75%,4.83%,0.75,0.72,0.19,0.20,18.81%,5.49%,5.66%,Aug 07/b,28.97,0.31%,"1,262,874"
MMDAA,-,0.39%,-,-,-,-,-,-,-,-,-,-,-,117.17,0.95%,12
MMDAI,51.49M,-,-59.24%,-,-,0.90,0.85,-,-,41.51%,-79.95%,-69.27%,Aug 11/a,1.60,2.56%,"116,895"
MMDB,29.18B,-,1.61%,1.99%,1.95%,4.66,4.66,0.01,0.02,72.55%,-0.54%,2.12%,Sep 01/a,362.21,-3.12%,"938,770"
MMDBH,26.62M,-,-39.31%,-40.29%,-45.26%,10.52,10.52,0.00,0.01,-,-233.99%,-323.54%,Aug 13/a,2.55,-10.18%,"7,178"
MMDCR,-,-,-,-,-,-,-,-,-,-,-,-,-,32.87,0.40%,6
MMDCX,10.27M,-,-233.02%,-5705.59%,-283.63%,1.57,1.57,-,-,-,-,-,Aug 12/a,0.16,0.74%,"3,588,338"
MMDEV,-,0.11%,-,-,-,-,-,-,-,-,-,-,-,20.02,0.18%,939
MMDGL,12.35B,-,-28.77%,-53.31%,-37.35%,3.20,2.94,0.66,0.66,91.36%,-25.13%,-25.32%,Jul 30/b,534.49,0.26%,"187,643"
MMDIA,96.62M,-,-23.23%,-108.36%,-65.52%,0.22,0.22,2.63,5.47,-12.10%,-13.80%,-48.92%,-,1.15,-2.53%,"19,483"
MMDIV,-,6.89%,-,-,-,-,-,-,-,-,-,-,-,16.61,0.06%,"36,429"
MMDLN,42.77B,0.13%,1.83%,4.86%,2.87%,4.33,2.61,1.08,1.09,23.85%,6.50%,2.31%,Aug 05/b,32.53,0.43%,"4,647,475"
MMDLV,-,2.68%,-,-,-,-,-,-,-,-,-,-,-,31.65,0.46%,32
MMDLZ,79.69B,3.30%,4.94%,13.31%,8.04%,0.60,0.40,0.64,0.83,35.01%,15.84%,8.86%,Jul 28/a,62.44,-0.05%,"5,567,092"
MMDPL,-,1.40%,-,-,-,-,-,-,-,-,-,-,-,29.37,0.65%,"4,628"
MMDRR,27.52M,2.34%,11.35%,41.05%,23.10%,1.77,1.77,0.38,0.39,47.61%,16.90%,80.24%,-,11.62,-3.10%,232
MMDST,-,9.15%,-,-,-,-,-,-,-,-,-,-,-,29.50,-0.14%,"47,210"
MMDT,116.35B,3.15%,5.68%,10.66%,6.90%,2.07,1.54,0.51,0.56,60.56%,19.93%,13.93%,Sep 01/b,90.96,-0.72%,"5,408,614"
MMDU,4.04B,3.04%,2.66%,6.89%,3.58%,0.99,0.95,0.88,0.88,23.12%,16.98%,10.75%,Aug 06/b,19.20,-0.21%,"1,485,723"
MMDWD,169.25M,-,-29.06%,-72.37%,-45.60%,2.32,2.09,0.24,0.27,15.46%,-271.59%,-170.10%,Aug 13/b,13.11,-4.38%,"78,333"
MMDXG,666.13M,-,2.18%,2.88%,2.69%,5.33,4.79,0.07,0.08,78.61%,2.46%,1.76%,Jul 29/a,4.57,-0.65%,"995,845"
MMDXH,67.23M,-,-25.87%,-2440.41%,-50.70%,1.15,0.98,-,-,59.15%,-19.01%,-33.46%,Aug 13/a,0.70,4.23%,"259,056"
MMDY,-,1.03%,-,-,-,-,-,-,-,-,-,-,-,678.68,0.81%,"568,511"
MMDYG,-,0.59%,-,-,-,-,-,-,-,-,-,-,-,106.42,0.87%,"50,181"
MMDYV,-,1.70%,-,-,-,-,-,-,-,-,-,-,-,93.25,0.68%,"51,943"
MMEAR,-,2.83%,-,-,-,-,-,-,-,-,-,-,-,49.93,0.00%,"442,052"
MMEC,487.06M,-,-3.39%,-6.05%,-3.58%,1.70,0.92,0.49,0.51,7.14%,-1.17%,-2.95%,Aug 04/a,19.10,1.06%,"266,071"
MMED,134.62M,-,-9.67%,-12.42%,-11.70%,4.86,4.35,0.11,0.14,69.24%,-5.46%,-8.08%,Aug 03/a,12.04,-0.08%,"75,757"
MMEDI,-,0.04%,-,-,-,-,-,-,-,-,-,-,-,33.38,-0.01%,"3,930"
MMEDP,16.40B,-,27.09%,162.15%,88.72%,0.73,0.73,0.28,0.33,27.76%,20.97%,17.67%,Jul 22/a,587.52,0.75%,"159,087"
MMEDS,2.86M,-,-202.97%,-927.67%,-,0.14,0.10,-,-,-119.55%,-719.27%,-1100.30%,Aug 17/b,0.90,0.91%,"87,965"
MMEDX,-,1.17%,-,-,-,-,-,-,-,-,-,-,-,34.96,-0.29%,"1,892"
MMEGI,758.33M,10.30%,-,-,-,-,-,-,-,-,-,-,-,14.57,0.07%,"89,509"
MMEGL,5.98M,-,-6.33%,-6.61%,-6.76%,38.87,38.87,0.01,0.03,-,-104.24%,-72.07%,-,1.18,-7.80%,"8,681"
MMEGX,-,-,-,-,-,-,-,-,-,-,-,-,-,23.04,1.83%,716
MMEI,522.20M,1.37%,-2.88%,-5.45%,-3.73%,2.41,1.65,0.49,0.50,17.64%,0.81%,-3.52%,Sep 02/a,14.65,7.80%,"585,319"
MMEIB,-,1.35%,-,-,-,-,-,-,-,-,-,-,-,26.95,0.93%,"1,237"
MMELI,96.19B,-,4.42%,27.50%,13.12%,1.12,1.10,0.81,2.34,42.68%,8.26%,5.30%,Aug 05/a,1897.37,-0.47%,"314,864"
MMEM,-,1.56%,-,-,-,-,-,-,-,-,-,-,-,44.45,1.41%,133
MMEMA,-,0.28%,-,-,-,-,-,-,-,-,-,-,-,31.76,0.21%,"6,511"
MMEME,-,-,-,-,-,-,-,-,-,-,-,-,-,8.07,2.00%,"48,076"
MMEMS,-,2.33%,-,-,-,-,-,-,-,-,-,-,-,30.70,0.82%,"1,963"
MMEMX,-,1.54%,-,-,-,-,-,-,-,-,-,-,-,48.78,1.36%,"2,973"
MMEMY,-,14.23%,-,-,-,-,-,-,-,-,-,-,-,16.38,0.98%,246
MMENS,147.72M,-,-34.42%,-,-,0.45,0.45,-,-,-,-,-,-,1.99,-1.00%,"45,354"
MMEOH,4.87B,1.19%,1.18%,3.41%,1.59%,2.07,1.35,1.17,1.22,17.37%,17.37%,2.07%,Jul 28/a,62.90,0.29%,"1,113,997"
MMERC,26.15M,-,-24.36%,-296.95%,-42.74%,1.30,0.68,-,-,-5.81%,-11.97%,-27.86%,Aug 06/a,0.39,3.56%,"1,243,473"
MMESH,434.70M,-,-,-,1.85%,4.33,4.33,0.00,0.00,-,-,-,-,10.08,0.00%,"428,979"
MMESO,2.01B,-,-7.40%,-9.89%,-8.45%,2.43,2.09,0.20,0.22,84.10%,-42.63%,-47.80%,Aug 26/a,15.48,-0.13%,"180,174"
MMET,61.73B,2.41%,0.50%,13.16%,7.46%,4.83,-,0.77,0.79,-,7.69%,4.33%,Aug 05/a,97.14,0.37%,"2,636,834"
MMETA,1650.86B,0.29%,18.29%,29.85%,18.35%,2.23,2.23,0.42,0.43,81.75%,38.08%,29.84%,Jul 29/a,648.03,0.57%,"16,924,953"
MMETC,649.41M,0.18%,-7.27%,-17.07%,-7.38%,4.23,3.31,1.23,1.25,0.93%,-13.61%,-11.98%,Aug 04/a,11.19,-2.27%,"2,448,843"
MMETD,-,2.95%,-,-,-,-,-,-,-,-,-,-,-,14.71,-0.47%,"687,697"
MMETG,-,-,-,-,-,-,-,-,-,-,-,-,-,16.43,0.98%,"17,527"
MMETL,-,0.92%,-,-,-,-,-,-,-,-,-,-,-,27.39,-2.11%,"14,634"
MMETQ,-,-,-,-,-,-,-,-,-,-,-,-,-,18.77,-1.26%,"246,274"
MMETU,-,3.06%,-,-,-,-,-,-,-,-,-,-,-,25.09,1.09%,"3,154,509"
MMETV,-,0.17%,-,-,-,-,-,-,-,-,-,-,-,20.52,1.76%,"25,125"
MMETW,-,43.80%,-,-,-,-,-,-,-,-,-,-,-,26.30,0.63%,"12,498"
MMEVO,400.80M,-,-,-,-1.53%,10.42,10.42,0.00,0.00,-,-,-,-,10.02,0.00%,"1,526"
MMEXX,-,1.49%,-,-,-,-,-,-,-,-,-,-,-,27.59,0.02%,"9,150"
MMF,25.24M,-,-43.43%,-46.59%,-,20.55,-,0.00,0.01,0.31%,-53.85%,-55.08%,-,13.87,12.31%,"66,628"
MMFA,865.31M,16.82%,1.16%,8.18%,1.10%,2.66,1.99,6.57,6.57,95.49%,80.26%,12.18%,Aug 05/b,8.56,0.00%,"1,769,950"
MMFC,72.16B,3.20%,0.64%,13.02%,10.12%,38.97,-,0.27,0.27,-,15.18%,9.49%,Aug 05/a,43.49,0.02%,"921,288"
MMFDX,-,2.84%,-,-,-,-,-,-,-,-,-,-,-,42.64,0.75%,"12,195"
MMFEB,-,-,-,-,-,-,-,-,-,-,-,-,-,33.31,0.43%,6
MMFEM,-,2.17%,-,-,-,-,-,-,-,-,-,-,-,29.05,0.81%,"2,366"
MMFG,139.32B,1.65%,0.47%,12.46%,4.37%,1.68,-,1.90,5.91,-,17.98%,15.67%,Jul 30/a,11.45,3.53%,"4,045,812"
MMFI,469.15M,-,-210.87%,-214.12%,-108.30%,254.01,254.01,0.00,0.00,34.00%,-150.54%,-6608.26%,-,9.35,0.76%,"10,493"
MMFIC,744.65M,13.72%,-0.94%,-2.39%,-1.09%,0.46,0.46,1.47,1.58,86.36%,36.12%,-11.40%,Aug 06/b,9.04,-0.11%,"319,042"
MMFIG,-,-,-,-,-,-,-,-,-,-,-,-,-,21.09,0.48%,"2,977"
MMFIN,276.67M,4.54%,1.06%,8.13%,1.49%,2.78,2.78,4.36,6.50,71.31%,24.22%,9.25%,Jul 29/a,12.05,-0.66%,"60,453"
MMFLX,-,4.38%,-,-,-,-,-,-,-,-,-,-,-,16.36,-0.15%,"12,838"
MMFM,515.05M,5.91%,-,-,-,-,-,-,-,-,-,-,-,5.18,1.37%,"461,820"
MMFMO,-,-,-,-,-,-,-,-,-,-,-,-,-,22.34,1.27%,"4,768"
MMFP,1.88B,-,-,-,-,1.84,1.15,0.32,0.34,-,-,-,Aug 13/a,41.61,0.10%,"315,298"
MMFSB,-,4.69%,-,-,-,-,-,-,-,-,-,-,-,24.29,-0.04%,"180,574"
MMFSD,-,-,-,-,-,-,-,-,-,-,-,-,-,24.89,0.20%,"7,515"
MMFSG,-,0.07%,-,-,-,-,-,-,-,-,-,-,-,29.96,0.98%,"35,095"
MMFSI,-,0.76%,-,-,-,-,-,-,-,-,-,-,-,33.21,0.97%,"186,308"
MMFSM,-,3.69%,-,-,-,-,-,-,-,-,-,-,-,24.16,0.10%,"75,341"
MMFSV,-,1.33%,-,-,-,-,-,-,-,-,-,-,-,29.26,0.79%,"62,051"
MMFSX,-,-,-,-,-,-,-,-,-,-,-,-,-,25.01,0.08%,"9,212"
MMFUL,-,2.41%,-,-,-,-,-,-,-,-,-,-,-,22.38,0.18%,791
MMFUS,-,1.36%,-,-,-,-,-,-,-,-,-,-,-,66.17,0.87%,"42,616"
MMFUT,-,-,-,-,-,-,-,-,-,-,-,-,-,20.09,-0.25%,"50,329"
MMFVL,-,-,-,-,-,-,-,-,-,-,-,-,-,22.20,0.90%,"1,916"
MMG,630.95M,-,4.67%,11.84%,6.43%,1.71,1.58,0.75,0.88,27.12%,7.71%,3.65%,Aug 10/a,19.81,2.38%,"231,157"
MMGA,17.55B,2.99%,2.36%,6.28%,4.25%,1.22,0.88,0.52,0.55,10.78%,5.48%,1.78%,Jul 31/b,66.13,1.52%,"849,479"
MMGC,-,0.89%,-,-,-,-,-,-,-,-,-,-,-,281.25,0.82%,"58,800"
MMGEE,2.89B,2.55%,4.86%,11.04%,6.45%,1.14,0.79,0.61,0.65,25.20%,21.99%,19.45%,Aug 05/b,76.48,0.05%,"123,993"
MMGF,90.27M,8.27%,-,-,-,-,-,-,-,-,-,-,-,2.77,-0.36%,"32,848"
MMGIH,17.21M,-,-18.20%,-26.27%,-29.33%,1.61,1.44,0.02,0.25,13.57%,-30.40%,-29.72%,-,1.53,-0.65%,"8,456"
MMGK,-,0.33%,-,-,-,-,-,-,-,-,-,-,-,89.90,0.91%,"1,038,388"
MMGLD,41.95M,-,-6.95%,-9.08%,-9.48%,4.21,3.94,0.01,0.03,54.75%,-11.10%,-7.54%,-,0.98,-3.92%,"3,489"
MMGM,10.04B,-,1.04%,15.44%,1.30%,1.33,1.30,11.93,12.00,38.05%,6.49%,2.38%,Jul 29/a,39.89,-2.06%,"2,244,136"
MMGMT,-,0.30%,-,-,-,-,-,-,-,-,-,-,-,50.37,0.76%,"2,086"
MMGN,5.44M,-,0.43%,0.89%,1.60%,2.05,2.05,0.01,0.01,1.63%,0.61%,0.96%,-,0.17,-12.86%,"5,656,810"
MMGNI,3.41B,-,5.60%,19.58%,12.59%,1.03,1.03,0.42,0.45,64.64%,15.65%,22.49%,Aug 05/a,23.77,0.93%,"1,231,480"
MMGNR,-,0.76%,-,-,-,-,-,-,-,-,-,-,-,54.27,-0.22%,"46,379"
MMGNX,254.80M,-,-35.12%,-231.86%,-6.18%,2.96,2.96,4.51,4.62,77.86%,-24.30%,-8.70%,Aug 13/a,4.00,0.76%,"381,932"
MMGOV,-,4.93%,-,-,-,-,-,-,-,-,-,-,-,19.61,-0.11%,"3,020"
MMGPI,316.07M,3.25%,-19.70%,-33.61%,-25.02%,6.99,1.65,0.63,0.64,35.55%,13.19%,-48.15%,Jul 29/b,14.76,-2.32%,"301,136"
MMGRC,2.70B,1.79%,6.33%,12.69%,8.33%,1.27,1.19,0.47,0.47,46.31%,25.32%,16.38%,Jul 29/a,110.40,0.49%,"93,881"
MMGRT,1.66B,-,16.30%,21.09%,11.19%,4.88,4.88,0.03,0.04,50.62%,20.29%,16.13%,-,120.43,-0.23%,"3,897"
MMGRX,8.69M,-,-85.72%,-94.42%,-118.21%,0.18,0.18,0.02,0.03,-384.90%,-4272.95%,-5071.14%,-,0.40,4.62%,"288,104"
MMGTX,1.23B,-,26.54%,72.28%,24.26%,3.76,3.76,0.51,0.52,94.90%,45.94%,19.87%,Aug 13/b,12.79,-0.47%,"459,550"
MMGV,-,1.83%,-,-,-,-,-,-,-,-,-,-,-,166.30,0.73%,"260,042"
MMGX,43.82M,-,-41.91%,-60.61%,-64.88%,4.50,4.50,0.28,0.34,61.92%,-741.58%,-689.20%,Aug 10/a,1.16,0.00%,"54,298"
MMGY,6.58B,2.36%,13.99%,20.54%,16.53%,1.58,1.58,0.18,0.19,50.85%,38.25%,28.37%,Aug 05/a,27.75,0.18%,"3,681,777"
MMGYR,125.56M,1.95%,1.16%,9.70%,6.63%,0.03,-,0.40,0.40,-,26.56%,18.89%,-,19.45,-1.92%,"1,154"
MMH,2.36B,-,1.68%,17.30%,2.71%,0.71,0.55,3.33,3.37,64.76%,16.38%,4.38%,Aug 13/b,12.32,1.73%,"480,524"
MMHD,1.93B,6.50%,-,-,-,-,-,-,-,-,-,-,-,11.07,0.27%,"489,821"
MMHF,145.12M,6.25%,-,-,-,-,-,-,-,-,-,-,-,6.53,-0.61%,"101,908"
MMHH,89.73M,-,1.89%,2.31%,2.24%,4.10,4.10,0.01,0.02,26.58%,0.88%,1.18%,Aug 06/b,7.47,0.13%,"5,963"
MMHIG,-,-,-,-,-,-,-,-,-,-,-,-,-,19.98,0.11%,16
MMHIP,-,-,-,-,-,-,-,-,-,-,-,-,-,20.52,0.20%,14
MMHK,7.66B,-,3.36%,5.51%,4.63%,1.92,1.13,0.17,0.28,25.60%,6.50%,4.15%,Jul 30/a,126.79,2.05%,"1,027,846"
MMHO,3.54B,-,6.61%,10.06%,7.94%,7.71,1.71,0.24,0.32,21.64%,9.29%,7.45%,Jul 29/b,139.89,0.57%,"191,026"
MMHX,-,-,-,-,-,-,-,-,-,-,-,-,-,20.18,8.53%,230
MMHY,-,5.16%,-,-,-,-,-,-,-,-,-,-,-,26.01,-0.11%,99
MMI,0.47M,-,-1.42%,-1.51%,-1.37%,17.13,17.13,0.00,0.00,73.54%,-148.09%,-187.70%,-,2.05,-2.38%,"7,900"
MMIAC,247.29M,-,-,-,-,0.00,0.00,-,-,-,-,-,-,9.83,0.00%,"154,423"
MMIAX,4.12B,-,10.85%,18.14%,12.21%,2.61,2.61,0.01,0.02,32.09%,9.19%,9.70%,Aug 05/a,41.47,-2.52%,"1,421,558"
MMIC,-,-,-,-,-,-,-,-,-,-,-,-,-,13.61,-0.29%,"5,304"
MMICC,12.03B,2.51%,2.28%,9.25%,4.06%,1.01,0.78,3.21,3.56,-,7.62%,2.24%,Jul 30/b,19.65,0.77%,"902,751"
MMID,-,0.15%,-,-,-,-,-,-,-,-,-,-,-,68.85,0.18%,660
MMIDD,4.90B,-,-4.53%,-9.85%,-9.08%,1.99,1.10,0.88,0.91,36.48%,17.10%,-10.56%,Aug 11/b,108.31,2.45%,"878,153"
MMIDE,-,1.28%,-,-,-,-,-,-,-,-,-,-,-,37.35,0.83%,136
MMIDU,-,0.55%,-,-,-,-,-,-,-,-,-,-,-,65.33,2.22%,"18,279"
MMIG,-,4.81%,-,-,-,-,-,-,-,-,-,-,-,20.58,-0.10%,"4,498"
MMIGO,-,-,-,-,-,-,-,-,-,-,-,-,-,29.25,0.77%,15
MMILK,-,7.11%,-,-,-,-,-,-,-,-,-,-,-,23.85,-0.06%,"1,353"
MMILN,-,0.31%,-,-,-,-,-,-,-,-,-,-,-,44.13,0.89%,"3,901"
MMIMI,14.33M,-,-159.20%,-226.86%,-249.94%,1.78,1.78,0.26,0.33,10.92%,-450.34%,-449.90%,-,0.97,-7.75%,"1,145,470"
MMIN,265.15M,9.96%,3.52%,3.54%,3.63%,10.13,10.13,0.00,0.00,81.98%,93.12%,93.12%,-,2.33,-1.27%,"482,004"
MMIND,35.63M,-,-5.71%,-6.81%,-5.81%,6.92,5.22,0.00,0.02,39.70%,-2.67%,-6.77%,Sep 08/a,3.92,0.26%,"74,268"
MMINE,204.78M,-,-66.42%,-70.32%,-53.92%,8.90,8.90,0.00,0.00,-,-,-,-,3.05,0.99%,"168,824"
MMINN,-,3.22%,-,-,-,-,-,-,-,-,-,-,-,21.24,-0.33%,"8,235"
MMINO,-,4.03%,-,-,-,-,-,-,-,-,-,-,-,43.71,0.30%,"292,100"
MMINT,-,4.14%,-,-,-,-,-,-,-,-,-,-,-,100.58,0.05%,"1,090,594"
MMINV,-,1.10%,-,-,-,-,-,-,-,-,-,-,-,48.66,1.13%,"1,886"
MMINY,-,17.49%,-,-,-,-,-,-,-,-,-,-,-,38.15,-0.46%,"4,211"
MMIR,3.98B,-,0.78%,1.49%,0.80%,3.20,2.63,0.67,0.68,38.52%,6.82%,2.39%,Jul 28/a,15.98,0.88%,"2,604,821"
MMIRA,32.52M,-,-684.27%,-710.85%,-380.24%,200.08,200.08,0.00,0.00,-,-,-,-,0.77,-1.95%,"105,675"
MMIRM,6.38B,-,-97.15%,-702.97%,-114.68%,2.86,2.74,-,-,81.65%,-14.76%,-139.18%,Aug 05/a,98.22,-2.38%,"441,100"
MMISL,-,0.32%,-,-,-,-,-,-,-,-,-,-,-,42.58,0.69%,"138,386"
MMIST,122.02M,-,-73.36%,-35522.62%,-52.71%,8.13,7.92,7.75,7.78,90.70%,-3360.86%,-3585.62%,Aug 12/b,0.98,-6.66%,"3,323,791"
MMITK,777.01M,-,5.53%,9.23%,7.55%,2.74,2.74,0.19,0.21,75.56%,18.06%,11.39%,Aug 06/a,17.22,0.70%,"537,463"
MMITQ,5.96M,-,-1.57%,-3.18%,-2.80%,2.33,1.35,0.15,0.20,27.63%,-2.03%,-0.84%,May 14/b,0.60,1.73%,"26,001"
MMITT,208.63M,14.63%,0.57%,8.12%,0.63%,0.15,0.13,11.82,13.45,94.75%,94.37%,4.53%,Aug 10/b,6.56,-0.61%,"357,465"
MMIVL,-,-,-,-,-,-,-,-,-,-,-,-,-,26.30,0.93%,9
MMIY,354.72M,5.29%,-,-,-,-,-,-,-,-,-,-,-,12.24,0.16%,"68,477"
MMJ,-,2.33%,-,-,-,-,-,-,-,-,-,-,-,25.37,-1.26%,"22,887"
MMJSC,-,0.53%,-,-,-,-,-,-,-,-,-,-,-,61.83,1.91%,352
MMJUN,-,-,-,-,-,-,-,-,-,-,-,-,-,32.90,0.47%,14
MMKAM,-,1.68%,-,-,-,-,-,-,-,-,-,-,-,32.30,0.46%,14
MMKC,13.87B,3.76%,10.91%,25.70%,15.28%,0.78,0.39,0.51,0.71,38.92%,16.72%,21.91%,Oct 01/b,51.32,0.43%,"3,128,579"
MMKDW,265.04M,-,-50.64%,-387.85%,-1093.94%,0.47,0.45,-,-,8.77%,-233.33%,-231.71%,-,7.75,51.96%,"1,455,575"
MMKL,22.11B,-,4.52%,12.57%,9.76%,0.71,-,0.23,0.23,-,18.63%,13.75%,Jul 29/a,1784.18,0.14%,"47,047"
MMKLY,249.53M,-,4.75%,4.90%,2.45%,3.62,3.62,0.00,0.00,-,-,-,-,10.25,-0.10%,"2,137"
MMKOR,-,-,-,-,-,-,-,-,-,-,-,-,-,63.71,3.03%,"3,994"
MMKSI,18.07B,0.37%,4.96%,15.92%,7.64%,1.14,0.72,0.93,1.40,41.25%,16.72%,10.14%,Aug 05/a,267.31,2.09%,"1,247,889"
MMKTN,-,0.24%,-,-,-,-,-,-,-,-,-,-,-,27.91,0.39%,"3,277"
MMKTW,290.09M,6.53%,1.12%,-,-,0.18,0.18,-,-,85.53%,9.00%,0.70%,Aug 06/b,18.39,2.17%,"23,767"
MMKTX,5.74B,1.92%,13.94%,23.34%,22.62%,1.71,1.71,0.09,0.14,79.67%,40.28%,35.15%,Jul 30/b,163.00,-0.06%,"892,282"
MMKZR,3.25M,-,-7.18%,-29.13%,-8.69%,0.73,0.73,2.88,2.88,-17.62%,-28.51%,-96.94%,-,1.44,-1.37%,"5,348"
MMLAA,490.29M,-,-,-,-,34.71,34.71,0.00,0.00,-,-,-,-,10.01,0.00%,"16,759"
MMLAB,676.37M,0.53%,1.12%,2.66%,1.40%,1.79,1.32,0.81,0.85,57.35%,9.00%,1.92%,Aug 10/a,120.87,-0.03%,"129,178"
MMLCC,-,-,-,-,-,-,-,-,-,-,-,-,-,51.01,-,"1,305"
MMLCI,35.81M,3.75%,-3.86%,-118.90%,-37.09%,0.14,0.14,1.81,1.81,457.13%,1202.75%,830.89%,Aug 11/a,3.20,-0.47%,"26,364"
MMLCO,1.92B,0.41%,3.10%,-,4.20%,1.01,0.98,-,-,26.49%,12.23%,4.50%,Aug 13/b,5.05,0.80%,"1,358,880"
MMLDR,-,3.96%,-,-,-,-,-,-,-,-,-,-,-,47.27,-0.14%,13
MMLEC,5.10M,-,-,-,-,0.15,0.08,1.30,7.21,-,-,-,-,7.03,-4.87%,"102,015"
MMLGO,39.93M,-,-6.71%,-7.12%,-7.33%,16.79,16.79,0.00,0.02,25.92%,0.85%,-40.82%,-,3.65,-0.54%,"29,982"
MMLI,13.38B,1.07%,21.96%,26.31%,23.86%,4.78,3.76,0.00,0.01,26.75%,21.33%,18.25%,Jul 21/b,60.48,0.53%,"1,499,188"
MMLKN,1.46B,3.54%,2.30%,6.99%,3.01%,1.58,0.90,1.26,1.34,38.78%,5.50%,2.38%,Sep 22/b,21.19,1.88%,"613,027"
MMLM,36.22B,0.67%,4.72%,8.89%,14.49%,1.41,0.73,0.47,0.55,28.17%,21.30%,36.73%,Jul 30/b,509.96,1.49%,"711,447"
MMLN,-,4.03%,-,-,-,-,-,-,-,-,-,-,-,16.73,0.30%,"1,231,854"
MMLP,323.51M,-,-9.70%,-16.14%,-11.53%,1.17,1.17,0.29,0.30,19.80%,-36.33%,-28.64%,Aug 14/a,16.29,1.31%,"9,951"
MMLPA,-,7.01%,-,-,-,-,-,-,-,-,-,-,-,57.32,-0.31%,"105,141"
MMLPB,-,5.50%,-,-,-,-,-,-,-,-,-,-,-,31.70,0.21%,121
MMLPD,-,11.16%,-,-,-,-,-,-,-,-,-,-,-,25.21,-0.44%,"4,272"
MMLPI,-,11.15%,-,-,-,-,-,-,-,-,-,-,-,53.99,-0.30%,"337,570"
MMLPR,-,8.42%,-,-,-,-,-,-,-,-,-,-,-,79.28,0.17%,69
MMLPX,-,4.08%,-,-,-,-,-,-,-,-,-,-,-,75.14,-0.16%,"209,735"
MMLR,621.19M,1.52%,2.32%,3.41%,3.38%,2.46,1.61,0.01,0.01,14.71%,2.86%,1.86%,Aug 05/a,54.72,0.39%,"93,722"
MMLSS,40.25M,-,-50.54%,-121.67%,-104.89%,1.85,1.14,0.14,0.18,69.40%,-43.56%,-43.98%,Aug 14/b,0.44,2.28%,"38,793"
MMLTX,1.06B,-,-51.00%,-67.44%,-49.89%,12.56,12.56,0.23,0.24,-,-,-,Aug 10/b,12.51,-5.08%,"2,387,189"
MMLYS,2.49B,-,-69.67%,-80.88%,-53.90%,34.46,34.46,0.18,0.18,-,-,-,Aug 11/a,28.20,-3.75%,"1,729,438"
MMMA,11.12M,-,-,-,-,0.78,0.34,0.00,0.01,-,-,-,-,0.42,4.06%,"370,633"
MMMAR,-,-,-,-,-,-,-,-,-,-,-,-,-,32.88,0.45%,6
MMMAX,-,0.76%,-,-,-,-,-,-,-,-,-,-,-,27.40,0.09%,"2,553"
MMMAY,-,-,-,-,-,-,-,-,-,-,-,-,-,33.32,0.42%,6
MMMCA,-,3.63%,-,-,-,-,-,-,-,-,-,-,-,21.03,0.28%,"24,307"
MMMD,272.68M,5.34%,-,-,-,-,-,-,-,-,-,-,-,14.52,0.28%,"51,016"
MMMED,6.33B,-,-,-,-,1.81,1.36,0.01,0.02,-,-,-,Sep 01/b,22.50,0.27%,"1,423,592"
MMMI,1.18B,1.60%,1.84%,2.42%,2.26%,2.92,2.92,0.10,0.13,36.39%,1.34%,1.77%,Aug 06/b,31.27,0.64%,"106,269"
MMMID,-,0.69%,-,-,-,-,-,-,-,-,-,-,-,26.62,0.98%,306
MMMIN,-,4.53%,-,-,-,-,-,-,-,-,-,-,-,23.00,0.04%,"81,673"
MMMIT,-,4.05%,-,-,-,-,-,-,-,-,-,-,-,23.49,0.34%,"535,994"
MMMK,-,1.99%,-,-,-,-,-,-,-,-,-,-,-,100.12,0.01%,"1,898"
MMMKT,-,3.36%,-,-,-,-,-,-,-,-,-,-,-,100.18,-0.06%,"3,393"
MMMLP,85.29M,0.92%,-2.83%,-,-3.73%,1.21,0.76,-,-,29.06%,5.50%,-2.02%,Jul 22/a,2.18,-0.46%,"17,045"
MMMM,85.08B,1.90%,8.22%,82.77%,20.95%,1.24,0.91,3.85,4.46,39.44%,20.87%,11.90%,Jul 21/b,164.97,1.30%,"3,286,007"
MMMMA,-,3.13%,-,-,-,-,-,-,-,-,-,-,-,24.53,0.59%,"14,391"
MMMS,2.98B,2.27%,8.40%,21.11%,11.03%,2.42,2.42,0.93,0.99,24.00%,10.85%,7.07%,Aug 06/b,56.92,0.69%,"453,667"
MMMSC,-,-,-,-,-,-,-,-,-,-,-,-,-,27.06,0.63%,"3,326"
MMMSD,-,3.78%,-,-,-,-,-,-,-,-,-,-,-,25.02,0.10%,"37,998"
MMMSI,5.16B,-,5.34%,9.19%,5.85%,4.20,2.79,0.48,0.49,49.43%,12.69%,9.21%,Jul 30/a,86.36,-0.13%,"443,185"
MMMT,501.09M,9.65%,-,-,-,-,-,-,-,-,-,-,-,4.32,-1.37%,"145,909"
MMMTM,-,0.89%,-,-,-,-,-,-,-,-,-,-,-,304.99,1.00%,658
MMMTX,90.00M,-,2.56%,2.60%,1.30%,0.24,0.24,0.00,0.00,-,-,-,-,10.21,-0.39%,29
MMMU,525.98M,6.73%,-,-,-,-,-,-,-,-,-,-,-,9.63,0.10%,"182,360"
MMMYT,4.71B,-,1.03%,12.46%,2.52%,3.13,3.13,-,-,56.04%,14.95%,3.23%,Aug 03/b,50.09,2.06%,"628,233"
MMNA,-,-,-,-,-,-,-,-,-,-,-,-,-,36.73,0.01%,"9,612"
MMNBD,-,3.37%,-,-,-,-,-,-,-,-,-,-,-,25.25,0.24%,"9,349"
MMNDO,20.88M,-,11.07%,14.38%,13.31%,4.66,4.66,0.02,0.03,54.40%,15.77%,16.87%,May 11/b,1.02,3.00%,"20,101"
MMNDR,1.64M,-,-36.36%,-47.26%,-30.34%,4.22,4.15,0.00,0.02,-1.47%,-36.32%,-35.14%,-,1.37,-7.58%,"75,523"
MMNDY,3.67B,-,6.77%,13.39%,14.64%,1.46,1.46,0.34,0.38,88.74%,2.90%,8.87%,Aug 10/b,86.84,1.96%,"1,202,046"
MMNGU,-,-,-,-,-,-,-,-,-,-,-,-,-,26.95,2.57%,"1,017"
MMNKD,1.21B,-,-7.62%,-,-12.25%,1.72,1.41,-,-,72.16%,3.37%,-11.08%,Aug 05/a,3.75,-1.06%,"2,469,876"
MMNOV,89.09M,-,-23.83%,-25.56%,-28.85%,8.75,8.75,0.00,0.00,31.14%,-1287.41%,-1168.20%,Aug 13/a,1.81,4.02%,"45,965"
MMNPR,740.08M,-,-18.90%,-19.50%,-13.63%,33.56,33.56,0.00,0.00,-,-,-,Aug 12/b,110.26,0.27%,"90,261"
MMNR,2.10B,15.88%,3.35%,6.25%,3.32%,0.88,0.76,0.64,0.65,25.65%,21.50%,7.40%,Aug 06/a,12.57,0.00%,"307,508"
MMNRO,399.87M,8.76%,0.51%,1.36%,0.78%,0.49,0.16,0.78,0.91,34.88%,2.29%,0.59%,Jul 29/b,12.79,1.75%,"586,636"
MMNRS,-,0.46%,-,-,-,-,-,-,-,-,-,-,-,35.72,3.25%,"2,967"
MMNSB,179.88M,1.58%,0.80%,8.10%,6.09%,0.12,-,0.33,0.33,-,16.50%,11.63%,Jul 20/b,25.26,-0.51%,"16,301"
MMNSO,2.67B,5.04%,4.39%,11.85%,6.08%,1.57,1.18,0.95,1.28,44.94%,13.19%,5.34%,Aug 28/b,9.07,0.11%,"695,172"
MMNST,85.02B,-,21.16%,25.70%,22.72%,3.73,3.22,0.00,0.00,55.55%,29.16%,23.08%,Aug 06/a,43.40,0.72%,"7,023,242"
MMNSX,-,-,-,-,-,-,-,-,-,-,-,-,-,20.63,1.37%,12
MMNTK,375.78M,-,1.86%,3.05%,1.89%,0.62,0.62,0.58,0.59,34.75%,1.60%,4.19%,Aug 05/a,2.64,3.53%,"461,424"
MMNTN,884.92M,-,15.25%,19.68%,16.87%,4.86,4.86,0.00,0.00,79.91%,15.05%,18.00%,Aug 04/a,11.83,1.37%,"1,110,916"
MMNTS,88.73M,-,-51.32%,-68.26%,-29.38%,13.70,13.70,0.06,0.07,16.21%,-831.98%,-927.68%,Aug 18,4.04,0.50%,"331,401"
MMNVR,-,-,-,-,-,-,-,-,-,-,-,-,-,33.28,0.31%,6
MMNVT,-,-,-,-,-,-,-,-,-,-,-,-,-,29.19,0.83%,"27,813"
MMNY,33.31M,-,-14.98%,-28.15%,-31.46%,1.98,1.98,0.00,0.02,1.86%,-11.83%,-14.85%,Sep 11/b,0.76,-9.52%,"123,046"
MMNZL,-,0.03%,-,-,-,-,-,-,-,-,-,-,-,60.09,0.91%,"2,889"
MMO,115.18B,6.28%,24.21%,-,39.32%,0.52,0.38,-,-,83.00%,71.58%,38.87%,Jul 30/b,68.98,0.28%,"6,363,270"
MMOAT,-,1.29%,-,-,-,-,-,-,-,-,-,-,-,108.54,0.30%,"456,113"
MMOB,61.64M,-,-218.67%,-374.88%,-261.43%,10.77,10.15,0.02,0.04,51.70%,-442.66%,-834.08%,Aug 13/a,4.79,-2.64%,"134,219"
MMOBI,333.24M,-,-,-,-,13.28,12.80,0.05,0.05,-,-,-,Aug 11/a,10.01,-2.34%,"132,552"
MMOBX,18.92M,-,-139.60%,-1453.68%,-589.62%,0.27,0.21,0.32,1.26,32.96%,-688.36%,-879.30%,-,1.11,-0.45%,"1,152,400"
MMOD,10.05B,-,5.74%,13.03%,8.04%,2.04,1.22,0.49,0.56,22.38%,10.95%,4.28%,Jul 29/a,189.30,5.60%,"1,046,433"
MMODD,20.70M,-,-212.13%,-247.94%,-260.37%,3.25,3.25,0.00,0.03,-,-,-,-,2.54,-3.79%,"241,310"
MMODL,-,0.71%,-,-,-,-,-,-,-,-,-,-,-,52.31,0.62%,"15,101"
MMOG-A,11.62B,0.32%,8.23%,18.11%,11.33%,2.09,1.34,0.50,0.52,28.24%,12.11%,8.73%,Jul 31/b,367.02,0.08%,"275,215"
MMOGU,13.46M,-,0.06%,0.11%,0.10%,1.07,1.07,0.00,0.00,28.33%,-63.97%,0.43%,-,1.88,1.62%,633
MMOH,10.66B,-,-0.04%,-0.16%,-0.09%,1.68,-,0.95,0.95,-,0.66%,-0.02%,Jul 22/a,204.23,1.97%,"502,989"
MMOLN,159.01M,-,-51.65%,-62.49%,-86.24%,7.27,7.27,0.03,0.05,-,-,-,Aug 25/b,4.15,-0.71%,67
MMOMO,512.08M,2.85%,7.45%,10.15%,9.91%,5.13,5.13,0.00,0.01,37.21%,11.47%,11.03%,Sep 03/b,4.95,-1.79%,"911,672"
MMOO,-,2.08%,-,-,-,-,-,-,-,-,-,-,-,86.48,-0.36%,"399,876"
MMOOD,-,0.35%,-,-,-,-,-,-,-,-,-,-,-,44.42,0.35%,750
MMORN,7.17B,1.05%,11.13%,31.96%,14.70%,1.02,1.02,1.80,1.86,54.47%,23.29%,16.43%,Jul 29/a,191.02,-1.10%,"247,351"
MMORT,-,15.87%,-,-,-,-,-,-,-,-,-,-,-,9.35,-0.53%,"961,379"
MMOS,8.01B,3.48%,-2.61%,-5.34%,-3.90%,1.34,0.43,0.43,0.53,10.97%,6.79%,-5.21%,Aug 04/a,25.19,-0.83%,"6,513,588"
MMOTG,-,2.40%,-,-,-,-,-,-,-,-,-,-,-,39.09,0.50%,52
MMOTI,-,3.37%,-,-,-,-,-,-,-,-,-,-,-,35.05,-0.19%,"2,588"
MMOTO,-,0.90%,-,-,-,-,-,-,-,-,-,-,-,62.37,2.32%,27
MMOV,522.58M,4.58%,5.55%,8.31%,7.45%,4.26,2.67,0.10,0.13,56.16%,7.07%,5.99%,Aug 26/b,32.75,0.65%,"134,440"
MMOVE,351.18M,-,-9.14%,-9.62%,-4.75%,1.80,1.80,0.01,0.03,-55.60%,-594.11%,-626.99%,Aug 14/a,11.13,-3.89%,"261,106"
MMP,9.00B,-,-2.00%,-3.59%,-1.83%,9.51,8.56,0.40,0.40,14.51%,-16.71%,-14.56%,Aug 06/a,50.51,-1.58%,"4,878,135"
MMPA,134.68M,6.06%,-,-,-,-,-,-,-,-,-,-,-,10.40,-0.10%,"21,482"
MMPAA,204.67M,-,-0.41%,-1.59%,-1.14%,1.44,0.39,0.41,0.92,19.90%,6.12%,-0.53%,Aug 10/b,10.81,-1.41%,"84,311"
MMPB,939.18M,2.51%,1.02%,8.12%,7.40%,0.03,-,0.02,0.17,-,25.38%,17.61%,Jul 22/a,37.07,0.16%,"77,795"
MMPC,111.19B,1.03%,9.89%,47.88%,16.84%,1.25,0.89,1.66,1.80,10.70%,8.44%,5.58%,Aug 04/b,395.93,0.89%,"2,359,196"
MMPDB,-,-,-,-,-,-,-,-,-,-,-,-,-,24.83,-0.10%,"2,389"
MMPDY,-,-,-,-,-,-,-,-,-,-,-,-,-,24.09,2.34%,"12,641"
MMPG,-,-,-,-,-,-,-,-,-,-,-,-,-,4.28,-3.31%,"102,969"
MMPIA,-,-,-,-,-,-,-,-,-,-,-,-,-,25.20,0.77%,"6,324"
MMPIM,-,-,-,-,-,-,-,-,-,-,-,-,-,24.26,0.52%,"39,727"
MMPLT,687.03M,-,-101.59%,-111.55%,-65.84%,16.52,16.52,0.00,0.01,-,-,-,Aug 13/a,13.00,-5.69%,"340,177"
MMPLX,60.67B,7.62%,11.69%,33.93%,12.16%,0.89,0.83,1.77,1.86,43.71%,38.80%,39.25%,Aug 04/b,59.84,0.35%,"667,471"
MMPLY,-,-,-,-,-,-,-,-,-,-,-,-,-,32.42,1.02%,674
MMPRO,-,1.98%,-,-,-,-,-,-,-,-,-,-,-,32.06,0.28%,"25,870"
MMPT,2.17B,9.89%,-0.21%,-0.68%,-0.24%,0.78,0.78,1.87,2.16,69.30%,57.35%,-3.10%,Aug 10/b,3.64,-0.82%,"12,020,044"
MMPTI,345.50M,-,11.49%,12.40%,8.01%,16.63,15.09,0.00,0.00,44.28%,18.49%,16.35%,Aug 12/a,79.49,3.19%,"68,737"
MMPU,13.48M,-,-163.75%,-213.15%,-189.78%,4.06,4.06,0.00,0.00,55.14%,-110.82%,-131.38%,-,0.20,3.44%,"169,228"
MMPV,185.63M,8.60%,-,-,-,-,-,-,-,-,-,-,-,17.20,4.05%,"32,810"
MMPWC,-,-,-,-,-,-,-,-,-,-,-,-,-,19.54,7.67%,361
MMPWR,60.67B,0.61%,18.45%,21.90%,20.41%,4.98,3.62,0.00,0.00,55.20%,28.72%,24.41%,Jul 30/a,1234.46,4.08%,"555,184"
MMPWX,-,-,-,-,-,-,-,-,-,-,-,-,-,12.49,7.71%,"17,598"
MMQ,1.70B,-,0.80%,1.33%,1.44%,1.66,1.66,0.01,0.02,16.39%,-0.42%,1.53%,Aug 04/a,16.33,1.08%,"571,715"
MMQQQ,-,-,-,-,-,-,-,-,-,-,-,-,-,226.10,1.62%,"79,896"
MMQY,1.59B,6.57%,-,-,-,-,-,-,-,-,-,-,-,10.60,0.66%,"637,187"
MMRA,-,15.33%,-,-,-,-,-,-,-,-,-,-,-,22.34,2.96%,224
MMRAL,-,-,-,-,-,-,-,-,-,-,-,-,-,42.21,9.70%,"114,674"
MMRAM,394.96M,-,-3.13%,-3.84%,-3.53%,4.74,3.84,0.02,0.05,52.28%,-7.42%,-4.22%,Aug 05/a,16.22,1.82%,"667,002"
MMRAX,-,-,-,-,-,-,-,-,-,-,-,-,-,24.27,2.97%,"4,219"
MMRBK,233.93M,2.68%,0.85%,11.31%,8.51%,0.10,-,0.24,0.77,-,13.70%,10.58%,Jul 30/a,19.61,-0.15%,"125,033"
MMRCO,227.47M,-,-,-,-,0.01,0.01,-,-,-,-,-,-,9.89,0.20%,208
MMRCP,-,-,-,-,-,-,-,-,-,-,-,-,-,35.15,0.41%,"3,754"
MMRCY,4.85B,-,-1.15%,-2.00%,-1.50%,2.96,1.85,0.33,0.33,24.63%,2.13%,-3.02%,Aug 18/a,80.61,0.22%,"474,856"
MMRDN,173.70M,-,-50.18%,-95.47%,-153.13%,0.59,0.51,0.07,0.33,55.72%,-44.73%,-41.41%,Sep 02,13.71,0.00%,"79,178"
MMREO,44.69M,-,-57.62%,-67.72%,-97.88%,5.88,5.88,0.00,0.04,-,-,-,Aug 11/b,0.28,14.47%,"5,109,940"
MMRGR,-,2.95%,-,-,-,-,-,-,-,-,-,-,-,45.57,-0.01%,917
MMRK,355.10B,2.37%,2.57%,6.98%,3.41%,1.32,1.10,1.22,1.29,72.43%,18.81%,4.79%,Aug 04/b,143.93,-0.54%,"8,679,445"
MMRKR,19.17M,-,-59.33%,-76.87%,-71.57%,6.03,6.03,0.00,0.00,-,-458.56%,-372.69%,Aug 19,1.15,-4.17%,"59,368"
MMRLN,301.19M,-,-63.32%,-94.69%,-231.23%,14.67,14.67,0.02,0.04,-16.71%,-2017.50%,-6822.66%,Aug 13/a,2.98,-1.32%,"754,738"
MMRM,6.56M,-,0.43%,48.22%,1.22%,0.24,0.21,4.22,8.83,24.96%,-2.59%,0.36%,-,0.83,-5.68%,"11,700"
MMRNA,57.48B,-,-27.43%,-39.00%,-39.41%,2.29,2.18,0.18,0.19,12.57%,-149.01%,-141.43%,Jul 31/b,143.97,5.38%,"15,409,297"
MMRNO,15.70M,-,-,-,-,-,-,-,-,-,-,-,-,0.20,-4.04%,"53,269"
MMRNX,-,-,-,-,-,-,-,-,-,-,-,-,-,81.41,10.25%,"259,736"
MMRNY,-,48.25%,-,-,-,-,-,-,-,-,-,-,-,32.65,4.71%,"250,627"
MMRP,4.58B,10.59%,5.39%,8.12%,5.71%,0.09,0.09,0.42,0.43,-,85.11%,62.60%,Aug 04/b,29.69,0.34%,"833,562"
MMRSH,84.42B,2.14%,6.73%,25.72%,11.19%,1.14,1.14,1.34,1.47,-,24.29%,14.23%,Jul 21/b,176.91,-0.21%,"1,727,755"
MMRSK,-,0.35%,-,-,-,-,-,-,-,-,-,-,-,39.30,0.46%,"22,397"
MMRT,178.11M,-,-165.19%,-,-221.29%,1.26,1.12,-,-,59.85%,-50.57%,-105.62%,Aug 19/b,2.07,0.98%,"23,597"
MMRTN,1.13B,1.74%,1.30%,1.65%,1.65%,2.50,2.50,0.00,0.00,5.18%,0.88%,1.47%,Jul 23/a,13.80,-0.86%,"480,381"
MMRVI,1.70B,-,-10.31%,-32.90%,-20.35%,4.05,2.98,0.86,0.86,34.32%,-13.40%,-37.07%,Aug 06/a,6.53,-2.97%,"3,263,993"
MMRVL,207.04B,0.10%,10.97%,16.52%,11.05%,3.17,2.62,0.29,0.30,51.42%,16.81%,27.93%,Aug 27/a,236.10,4.03%,"17,310,207"
MMRVU,-,0.33%,-,-,-,-,-,-,-,-,-,-,-,119.90,8.02%,"174,762"
MMRVX,-,-,-,-,-,-,-,-,-,-,-,-,-,25.28,6.48%,"12,365"
MMRX,5.25B,0.86%,1.07%,26.20%,9.02%,1.13,1.11,1.52,6.12,75.28%,32.19%,9.40%,Aug 12/b,73.00,-1.47%,"639,623"
MMS,336.70B,2.01%,1.33%,17.95%,3.97%,1.40,-,3.37,4.69,-,20.10%,15.17%,Jul 15/b,214.38,0.81%,"3,928,495"
MMSA,7.03B,1.18%,12.19%,23.66%,15.41%,3.24,2.02,0.45,0.46,48.33%,22.30%,16.13%,Jul 30/a,182.18,0.50%,"151,152"
MMSAI,10.61M,-,-37.04%,-46.47%,-31.19%,7.19,6.37,0.00,0.00,26.50%,-148.27%,-141.70%,Aug 13/a,4.81,3.22%,"10,203"
MMSB,298.22M,3.92%,29.07%,32.13%,36.87%,8.81,8.81,0.00,0.00,54.47%,54.47%,54.47%,-,22.73,1.11%,"27,274"
MMSBI,694.16M,3.84%,0.61%,7.33%,4.58%,0.07,-,0.61,0.62,-,13.50%,7.59%,Jul 23/a,33.45,0.42%,"107,910"
MMSBT,-,-,-,-,-,-,-,-,-,-,-,-,-,22.16,0.25%,"502,600"
MMSC,340.88M,-,-1.84%,-10.18%,-2.11%,0.76,0.72,4.07,4.10,38.45%,10.93%,-7.57%,Aug 13/b,1.77,7.60%,"1,443"
MMSCI,40.32B,1.48%,24.75%,-,35.46%,0.89,0.89,-,-,77.19%,55.66%,40.74%,Jul 21/b,554.61,1.28%,"425,428"
MMSD,145.06M,8.51%,-,-,-,-,-,-,-,-,-,-,-,7.17,0.00%,"31,265"
MMSDL,1.24B,12.29%,1.57%,3.48%,1.65%,1.69,1.69,1.20,1.20,80.41%,55.50%,17.48%,Aug 06/a,14.71,0.48%,"283,287"
MMSEP,-,-,-,-,-,-,-,-,-,-,-,-,-,32.78,0.48%,"1,854"
MMSEX,1.07B,2.54%,3.50%,9.77%,5.21%,0.50,0.41,0.76,0.84,40.23%,29.22%,23.22%,Jul 30/a,56.69,-0.86%,"78,832"
MMSFC,-,-,-,-,-,-,-,-,-,-,-,-,-,46.91,1.37%,21
MMSFD,-,4.31%,-,-,-,-,-,-,-,-,-,-,-,10.38,-0.72%,"1,584,303"
MMSFL,-,-,-,-,-,-,-,-,-,-,-,-,-,24.81,1.32%,"96,873"
MMSFO,-,38.11%,-,-,-,-,-,-,-,-,-,-,-,12.13,0.92%,"103,766"
MMSFT,3680.32B,0.79%,19.42%,34.04%,24.22%,1.23,1.22,0.25,0.29,67.94%,46.78%,40.31%,Jul 29/a,495.63,0.65%,"14,518,435"
MMSFU,-,1.94%,-,-,-,-,-,-,-,-,-,-,-,37.26,1.14%,"1,844,801"
MMSFW,-,30.79%,-,-,-,-,-,-,-,-,-,-,-,32.01,0.88%,"5,195"
MMSFX,-,-,-,-,-,-,-,-,-,-,-,-,-,24.67,1.33%,"25,650"
MMSFY,-,22.39%,-,-,-,-,-,-,-,-,-,-,-,20.10,0.87%,"10,629"
MMSGE,3.75B,-,3.50%,407.54%,5.77%,0.70,0.69,24.04,25.67,39.82%,15.96%,6.24%,Aug 12/b,79.19,4.54%,"579,613"
MMSGM,22.81M,-,24.09%,53.91%,46.14%,1.85,1.85,0.31,0.37,83.71%,21.30%,16.16%,Aug 14/a,4.97,7.34%,"184,205"
MMSGS,9.44B,-,0.48%,-,0.94%,0.50,0.50,-,-,27.47%,2.68%,0.67%,Aug 13/b,392.07,-0.01%,"332,145"
MMSGY,4.41M,-,-,-,-96.27%,3.13,3.13,0.00,0.00,4.41%,-33.20%,-34.01%,-,2.08,11.23%,"55,941"
MMSI,77.15B,0.99%,11.97%,91.98%,18.51%,1.08,0.84,3.32,3.60,49.31%,25.29%,17.44%,Aug 05/a,466.16,0.49%,"690,834"
MMSIF,566.36M,11.49%,7.24%,13.46%,7.03%,1.66,1.66,0.88,0.88,75.77%,90.91%,63.31%,Aug 06/a,12.49,0.73%,"250,480"
MMSIX,-,-,-,-,-,-,-,-,-,-,-,-,-,34.43,1.39%,55
MMSLC,-,0.80%,-,-,-,-,-,-,-,-,-,-,-,60.26,0.81%,"65,831"
MMSLE,206.89M,-,-64.76%,-70.45%,-57.77%,11.22,11.22,0.00,0.00,-,-,-,Aug 13/a,9.75,-2.99%,"33,718"
MMSM,6.73B,2.90%,9.30%,16.59%,15.06%,1.55,0.72,0.08,0.39,40.81%,8.80%,5.91%,Jul 01/b,120.51,0.69%,"610,932"
MMSMR,-,1.88%,-,-,-,-,-,-,-,-,-,-,-,34.09,0.44%,"4,001"
MMSN,10.94M,-,-17.95%,-20.15%,-22.25%,12.13,8.79,0.01,0.02,10.60%,-74.65%,-65.49%,-,0.52,0.00%,"430,380"
MMSOL,-,0.21%,-,-,-,-,-,-,-,-,-,-,-,27.72,2.34%,"3,407"
MMSOS,-,-,-,-,-,-,-,-,-,-,-,-,-,4.75,-1.66%,"4,607,624"
MMSOX,-,-,-,-,-,-,-,-,-,-,-,-,-,2.80,-4.76%,"2,040,394"
MMSR,-,8.61%,-,-,-,-,-,-,-,-,-,-,-,14.73,0.24%,660
MMSS,1.54M,-,-14.76%,-116.25%,-23.57%,0.67,0.37,5.35,6.17,19.65%,-7.63%,-10.13%,Jul 01,1.80,6.51%,"152,712"
MMSSE,-,-,-,-,-,-,-,-,-,-,-,-,-,27.31,3.16%,"28,338"
MMSSM,-,0.55%,-,-,-,-,-,-,-,-,-,-,-,58.61,0.73%,"12,908"
MMSSS,-,0.29%,-,-,-,-,-,-,-,-,-,-,-,35.07,0.62%,"5,521"
MMSST,-,24.28%,-,-,-,-,-,-,-,-,-,-,-,27.91,0.98%,"1,306"
MMST,-,365.42%,-,-,-,-,-,-,-,-,-,-,-,11.86,3.42%,"107,682"
MMSTB,-,0.37%,-,-,-,-,-,-,-,-,-,-,-,43.94,1.15%,"6,240"
MMSTC,-,-,-,-,-,-,-,-,-,-,-,-,-,49.59,3.12%,422
MMSTI,-,5.45%,-,-,-,-,-,-,-,-,-,-,-,19.98,-0.05%,"25,046"
MMSTP,-,-,-,-,-,-,-,-,-,-,-,-,-,21.56,3.63%,"46,360"
MMSTQ,-,12.47%,-,-,-,-,-,-,-,-,-,-,-,38.67,0.98%,"4,478"
MMSTR,50.32B,-,-51.84%,-63.56%,-58.42%,5.39,5.39,0.15,0.15,67.60%,-8.13%,-6294.26%,Jul 30/a,130.97,1.87%,"19,472,980"
MMSTU,-,-,-,-,-,-,-,-,-,-,-,-,-,30.41,3.58%,"5,199,928"
MMSTW,-,174.76%,-,-,-,-,-,-,-,-,-,-,-,4.30,2.26%,"1,918,664"
MMSTX,-,-,-,-,-,-,-,-,-,-,-,-,-,14.01,3.39%,"9,030,667"
MMSTY,-,149.68%,-,-,-,-,-,-,-,-,-,-,-,14.68,1.87%,"2,439,781"
MMSTZ,-,-,-,-,-,-,-,-,-,-,-,-,-,4.36,-3.75%,"39,865,033"
MMT,56.18B,0.82%,1.83%,3.32%,2.72%,1.43,0.57,0.21,0.26,8.68%,4.27%,2.89%,Jul 30/b,74.51,-0.73%,"898,465"
MMTA,953.70M,-,-0.16%,-0.17%,-0.16%,4.50,4.50,0.05,0.06,87.07%,16.80%,-2.82%,Aug 13/a,10.20,1.69%,"206,825"
MMTAKU,211.38M,-,-,-,-,0.10,0.10,-,-,-,-,-,-,9.94,0.00%,0
MMTAL,312.03M,-,-,-,-,7.89,7.89,0.00,0.00,-,-,-,-,10.20,0.00%,0
MMTAW,-,-,-,-,-,-,-,-,-,-,-,-,-,25.29,0.42%,426
MMTB,34.64B,2.57%,1.40%,10.72%,7.29%,0.33,-,0.49,0.65,-,28.81%,21.69%,Jul 15/b,239.83,0.34%,"802,148"
MMTBA,-,5.07%,-,-,-,-,-,-,-,-,-,-,-,47.74,-0.22%,"187,201"
MMTC,472.05M,-,-60.75%,-272.72%,-69.94%,11.27,11.27,0.24,0.26,-,-,-,-,4.74,0.42%,"5,398"
MMTCH,9.73B,1.55%,17.91%,-,21.35%,1.72,1.72,-,-,71.47%,28.15%,20.17%,Aug 04/a,42.39,1.36%,"2,558,041"
MMTD,25.92B,-,25.61%,-,44.02%,1.12,0.78,159.49,164.74,58.35%,28.41%,21.91%,Jul 30/a,1293.52,1.01%,"96,703"
MMTDR,7.56B,2.50%,5.84%,12.81%,7.13%,0.65,0.62,0.71,0.71,45.69%,35.62%,18.85%,Aug 05/a,61.05,-0.93%,"1,526,590"
MMTEK,10.88M,-,-73.53%,-174.40%,-179.32%,1.69,1.00,0.02,0.73,15.82%,-185.76%,-215.27%,May 15/a,1.03,0.98%,"33,501"
MMTEN,7.80M,-,-3.70%,-5.32%,-2.71%,1.18,0.99,0.03,0.13,12.56%,-5.95%,-8.66%,-,1.02,2.49%,"147,085"
MMTEX,15.84M,-,-24.58%,-1490.14%,-,1.09,0.52,-,-,75.10%,2.49%,-6.90%,Aug 12/a,8.21,-3.52%,"75,975"
MMTG,6.31B,2.24%,10.95%,13.92%,12.51%,3.02,-,0.13,0.13,-,76.96%,59.20%,Jul 29/a,30.74,-0.32%,"1,665,924"
MMTGP,-,4.49%,-,-,-,-,-,-,-,-,-,-,-,42.96,-0.15%,"11,013"
MMTH,4.19B,2.99%,4.30%,6.38%,4.77%,11.04,1.71,0.37,0.38,18.03%,7.14%,6.11%,Jul 29/a,64.22,3.66%,"833,302"
MMTLS,447.40M,-,3.23%,5.25%,4.39%,2.41,2.22,0.20,0.23,57.23%,2.45%,4.84%,Aug 27/b,7.64,2.83%,"369,184"
MMTN,4.99B,6.34%,2.66%,21.04%,4.11%,0.91,0.79,5.71,5.90,30.98%,16.14%,5.38%,Sep 28/a,140.09,5.07%,"1,630,646"
MMTNB,2.72M,-,-98.53%,-154.28%,-404.93%,0.85,0.85,0.01,0.01,-,-,-,-,0.19,-9.76%,"800,496"
MMTNE,292.35M,-,-,-,-,0.68,0.68,0.00,0.00,-,-,-,-,9.90,0.00%,20
MMTR,4.57M,5.80%,10.02%,10.49%,10.49%,17.12,17.12,0.00,0.00,85.35%,66.04%,59.69%,-,2.45,-0.81%,"8,575"
MMTRA,-,0.09%,-,-,-,-,-,-,-,-,-,-,-,26.54,1.01%,"4,060"
MMTRN,5.36B,0.22%,4.99%,9.46%,6.05%,2.94,1.29,0.50,0.51,15.50%,6.19%,4.30%,Aug 05/b,257.51,2.32%,"273,259"
MMTRX,300.18M,-,-0.43%,-1.81%,-1.64%,0.98,0.97,0.11,0.14,7.32%,0.04%,-0.30%,Sep 02/a,10.61,2.41%,"347,254"
MMTSG,-,-,-,-,-,-,-,-,-,-,-,-,-,6.07,1.35%,"10,971"
MMTSI,20.99B,-,11.61%,17.18%,14.99%,2.34,1.78,0.04,0.27,55.02%,18.11%,20.70%,Aug 06/b,274.90,0.91%,"890,477"
MMTUM,-,0.60%,-,-,-,-,-,-,-,-,-,-,-,307.04,1.28%,"542,368"
MMTUS,797.48M,-,0.72%,1.17%,1.15%,1.75,0.88,0.01,0.02,8.20%,0.61%,0.66%,Aug 03/a,19.24,0.26%,"268,856"
MMTVA,10.94M,-,-91.06%,-175.68%,-208.61%,2.06,2.73,0.01,0.03,-,-,-,Aug 06/a,1.66,-5.14%,"57,120"
MMTW,749.37M,-,1.06%,2.92%,1.67%,2.11,0.75,0.73,0.74,18.71%,3.47%,0.87%,Aug 06/a,20.78,1.07%,"508,610"
MMTX,2.14B,0.77%,-1.94%,-4.21%,-2.69%,1.43,1.00,0.62,0.62,24.52%,13.37%,-3.13%,Jul 30/a,68.81,-0.88%,"160,059"
MMTYY,-,238.76%,-,-,-,-,-,-,-,-,-,-,-,17.83,-0.55%,369
MMTZ,19.31B,-,4.93%,15.39%,7.77%,1.40,1.37,0.83,0.93,10.05%,5.21%,3.07%,Jul 30/a,240.41,3.54%,"723,165"
MMU,1101.45B,0.06%,47.50%,66.64%,47.38%,3.42,2.98,0.06,0.06,72.60%,65.75%,55.91%,Sep 30/a,975.26,-0.22%,"21,740,290"
MMUA,493.98M,6.74%,-,-,-,-,-,-,-,-,-,-,-,9.81,0.41%,"308,248"
MMUB,-,3.32%,-,-,-,-,-,-,-,-,-,-,-,103.17,0.44%,"17,694,463"
MMUC,1.29B,6.28%,-,-,-,-,-,-,-,-,-,-,-,10.32,0.29%,"634,487"
MMUD,-,13.85%,-,-,-,-,-,-,-,-,-,-,-,10.19,0.59%,"4,849,000"
MMUFG,268.90B,2.61%,0.64%,12.53%,5.74%,1.79,-,1.18,3.16,-,20.86%,20.15%,Aug 03/a,23.89,2.58%,"3,410,570"
MMUG,-,-,-,-,-,-,-,-,-,-,-,-,-,15.76,-0.58%,"3,991"
MMUIB,-,1.59%,-,-,-,-,-,-,-,-,-,-,-,29.96,-0.29%,"3,885"
MMUJ,632.37M,5.45%,-,-,-,-,-,-,-,-,-,-,-,11.89,0.08%,"168,706"
MMULL,-,-,-,-,-,-,-,-,-,-,-,-,-,21.85,-1.18%,"4,689,860"
MMULT,-,4.78%,-,-,-,-,-,-,-,-,-,-,-,24.67,0.15%,412
MMUNA,-,2.22%,-,-,-,-,-,-,-,-,-,-,-,99.57,0.04%,13
MMUNB,-,2.39%,-,-,-,-,-,-,-,-,-,-,-,98.70,0.12%,13
MMUNC,-,3.33%,-,-,-,-,-,-,-,-,-,-,-,98.56,0.14%,8
MMUND,-,3.86%,-,-,-,-,-,-,-,-,-,-,-,98.95,0.76%,"4,712"
MMUNF,-,-,-,-,-,-,-,-,-,-,-,-,-,98.62,0.27%,408
MMUNG,-,-,-,-,-,-,-,-,-,-,-,-,-,98.19,0.29%,408
MMUNH,-,-,-,-,-,-,-,-,-,-,-,-,-,97.88,0.36%,408
MMUNI,-,3.39%,-,-,-,-,-,-,-,-,-,-,-,50.67,0.29%,"704,139"
MMUNJ,-,-,-,-,-,-,-,-,-,-,-,-,-,99.21,0.14%,6
MMUNX,-,2.99%,-,-,-,-,-,-,-,-,-,-,-,24.13,0.73%,"1,058"
MMUNY,-,3.34%,-,-,-,-,-,-,-,-,-,-,-,99.36,0.26%,"220,436"
MMUR,5.52B,3.62%,2.94%,5.65%,4.06%,0.85,0.80,0.38,0.43,28.87%,21.61%,9.82%,Aug 05/a,38.50,-0.85%,"1,471,983"
MMUSA,9.62B,0.48%,12.72%,86.39%,17.64%,0.92,0.54,3.47,3.53,5.49%,4.39%,2.87%,Aug 05/a,523.58,-0.42%,"168,177"
MMUSE,-,7.85%,-,-,-,-,-,-,-,-,-,-,-,49.55,-0.10%,"1,466"
MMUSI,-,5.50%,-,-,-,-,-,-,-,-,-,-,-,42.47,-0.11%,"4,027"
MMUSQ,-,0.70%,-,-,-,-,-,-,-,-,-,-,-,25.43,2.49%,82
MMUST,-,3.48%,-,-,-,-,-,-,-,-,-,-,-,19.69,0.27%,"169,185"
MMUU,-,0.50%,-,-,-,-,-,-,-,-,-,-,-,31.43,-1.10%,"16,096,105"
MMUX,1.20B,-,9.34%,13.54%,9.74%,2.04,1.61,0.17,0.18,17.06%,-2.74%,32.46%,Aug 06/b,19.53,-0.10%,"1,407,589"
MMUYY,-,44.80%,-,-,-,-,-,-,-,-,-,-,-,19.19,-1.38%,"37,700"
MMUZ,-,-,-,-,-,-,-,-,-,-,-,-,-,8.52,0.83%,"8,483,746"
MMUZE,273.20M,-,-,-,-,6.40,6.40,0.00,0.00,-,-,-,-,10.00,0.00%,"174,723"
MMVAL,-,1.69%,-,-,-,-,-,-,-,-,-,-,-,37.46,0.18%,61
MMVBF,406.27M,2.17%,1.15%,12.00%,9.73%,0.15,-,0.16,0.17,-,4.23%,19.59%,Jul 28/a,31.33,0.03%,"26,706"
MMVFD,-,1.46%,-,-,-,-,-,-,-,-,-,-,-,31.90,0.73%,"1,986"
MMVFG,-,1.52%,-,-,-,-,-,-,-,-,-,-,-,34.85,0.75%,"3,794"
MMVIS,50.17M,-,-99.65%,-233.74%,-313.94%,0.68,0.61,0.76,2.20,-785.24%,-3083.32%,-3976.67%,Aug 06/a,1.64,3.14%,"1,036,571"
MMVLL,-,-,-,-,-,-,-,-,-,-,-,-,-,29.32,8.19%,"2,768,935"
MMVPA,-,0.51%,-,-,-,-,-,-,-,-,-,-,-,36.56,0.33%,23
MMVPL,-,0.66%,-,-,-,-,-,-,-,-,-,-,-,43.81,1.73%,714
MMVRL,-,22.67%,-,-,-,-,-,-,-,-,-,-,-,12.11,-0.48%,"7,599"
MMVST,229.76M,-,5.24%,11.40%,8.97%,1.09,0.82,0.05,0.36,33.00%,-1.84%,13.95%,Aug 10/a,0.60,-4.14%,"3,681,245"
MMVV,-,0.71%,-,-,-,-,-,-,-,-,-,-,-,84.53,1.57%,848
MMWA,3.74B,1.17%,12.06%,21.68%,14.14%,4.64,3.08,0.40,0.40,37.86%,20.95%,15.02%,Aug 05/a,23.94,1.06%,"1,249,441"
MMWC,84.38M,-,6.23%,21.87%,11.95%,1.66,1.65,0.66,1.15,36.00%,10.74%,7.31%,Jul 01/b,1.42,-0.70%,"111,136"
MMWG,6.79M,-,-0.71%,-2.19%,-1.77%,1.57,0.32,0.13,0.66,23.18%,1.65%,-1.03%,-,1.32,4.76%,"3,033"
MMWH,5.26B,-,-,-,-,1.09,1.00,0.12,0.17,-,-,-,Aug 13/b,26.00,6.12%,"2,518,541"
MMWHS,-,-,-,-,-,-,-,-,-,-,-,-,-,18.47,0.00%,62
MMWYN,18.79M,-,-37.29%,-88.81%,-151.80%,6.73,6.73,0.00,0.00,18.52%,-51.35%,-59.89%,-,0.93,0.09%,"111,739"
MMX,107.70M,-,-9.12%,-12.76%,-12.63%,2.43,1.92,0.07,0.19,16.26%,-20.37%,-17.18%,Jul 29/a,2.95,-0.67%,"367,329"
MMXC,22.22M,0.92%,7.32%,8.00%,7.70%,6.16,6.16,0.00,0.00,41.72%,25.23%,23.25%,-,10.86,-3.47%,"19,558"
MMXCT,119.72M,-,-17.62%,-20.39%,-20.42%,12.26,11.47,0.10,0.11,66.17%,-103.98%,-114.77%,Aug 12/a,1.16,-2.52%,"332,529"
MMXE,58.62M,1.76%,-,-,-,-,-,-,-,-,-,-,-,13.32,0.00%,84
MMXF,307.44M,6.10%,-,-,-,-,-,-,-,-,-,-,-,21.32,-1.07%,"33,722"
MMXI,-,1.64%,-,-,-,-,-,-,-,-,-,-,-,112.05,0.49%,"11,409"
MMXL,6.76B,-,-12.31%,-21.32%,-16.62%,1.78,1.15,0.29,0.31,55.74%,-11.60%,-18.24%,Jul 23/a,74.57,7.54%,"2,641,964"
MMXLL,-,-,-,-,-,-,-,-,-,-,-,-,-,16.22,15.50%,"42,860"
MMYCF,-,4.32%,-,-,-,-,-,-,-,-,-,-,-,25.03,0.08%,"5,262"
MMYCG,-,4.29%,-,-,-,-,-,-,-,-,-,-,-,24.90,0.02%,"2,730"
MMYCH,-,4.34%,-,-,-,-,-,-,-,-,-,-,-,24.68,-0.06%,"112,905"
MMYCI,-,4.58%,-,-,-,-,-,-,-,-,-,-,-,24.40,-0.09%,"2,107"
MMYCJ,-,4.67%,-,-,-,-,-,-,-,-,-,-,-,24.11,-0.14%,"1,427"
MMYCK,-,4.64%,-,-,-,-,-,-,-,-,-,-,-,24.12,-0.13%,"1,587"
MMYCL,-,4.78%,-,-,-,-,-,-,-,-,-,-,-,23.88,-0.16%,532
MMYCM,-,4.86%,-,-,-,-,-,-,-,-,-,-,-,23.83,-0.09%,79
MMYCN,-,5.17%,-,-,-,-,-,-,-,-,-,-,-,23.59,-0.11%,6
MMYCO,-,4.74%,-,-,-,-,-,-,-,-,-,-,-,23.49,-0.11%,490
MMYE,1.13B,1.80%,5.97%,17.25%,6.11%,1.61,1.21,0.96,1.11,31.87%,13.06%,4.86%,Jul 30/b,30.01,-0.60%,"208,002"
MMYFW,302.62M,-,0.59%,6.84%,5.32%,0.07,-,0.24,0.37,-,12.31%,9.49%,Jul 23/a,30.99,-0.03%,"62,749"
MMYGN,327.12M,-,-17.11%,-32.54%,-22.20%,2.21,1.98,0.67,0.69,65.10%,-11.22%,-13.96%,Jul 30/a,3.42,1.79%,"2,552,959"
MMYHA,-,3.00%,-,-,-,-,-,-,-,-,-,-,-,24.82,0.04%,12
MMYHB,-,3.26%,-,-,-,-,-,-,-,-,-,-,-,24.88,0.00%,8
MMYHC,-,3.64%,-,-,-,-,-,-,-,-,-,-,-,24.87,-0.04%,12
MMYHD,-,3.67%,-,-,-,-,-,-,-,-,-,-,-,24.77,0.18%,116
MMYHE,-,3.60%,-,-,-,-,-,-,-,-,-,-,-,24.50,0.20%,97
MMYI,1.26B,6.51%,-,-,-,-,-,-,-,-,-,-,-,10.33,0.10%,"395,211"
MMYLD,-,2.10%,-,-,-,-,-,-,-,-,-,-,-,33.20,0.79%,446
MMYMF,-,2.48%,-,-,-,-,-,-,-,-,-,-,-,24.88,0.00%,9
MMYMG,-,2.75%,-,-,-,-,-,-,-,-,-,-,-,24.74,0.08%,"1,804"
MMYMH,-,2.79%,-,-,-,-,-,-,-,-,-,-,-,24.52,0.16%,"1,786"
MMYMI,-,2.84%,-,-,-,-,-,-,-,-,-,-,-,24.18,0.10%,54
MMYMJ,-,2.94%,-,-,-,-,-,-,-,-,-,-,-,24.43,0.12%,"3,530"
MMYMK,-,2.51%,-,-,-,-,-,-,-,-,-,-,-,24.49,0.12%,166
MMYN,869.70M,6.62%,-,-,-,-,-,-,-,-,-,-,-,9.24,0.65%,"555,189"
MMYND,17.91M,-,-24.29%,-998.16%,-155.48%,0.63,0.42,-,-,21.99%,-20.53%,-29.82%,Aug 27/b,0.38,2.70%,"24,951"
MMYO,51.49M,-,-39.20%,-123.76%,-58.66%,2.31,2.01,3.24,3.44,68.35%,-27.05%,-33.53%,Aug 05/a,1.30,0.00%,"324,947"
MMYPS,58.96M,-,-15.92%,-20.65%,-22.27%,2.99,2.99,0.01,0.03,60.82%,-12.82%,-20.65%,Aug 11/b,0.49,0.41%,"311,188"
MMYRG,4.53B,-,10.14%,24.71%,20.58%,1.40,1.40,0.06,0.09,12.37%,5.52%,4.13%,Jul 29/a,291.26,2.39%,"167,272"
MMYSE,13.70M,-,-126.28%,-118.38%,-178.26%,5.34,5.34,0.03,0.04,-14974.55%,-,-,-,2.67,0.00%,"18,907"
MMYSZ,1.26M,-,-92.63%,-155.11%,-238.20%,1.29,0.70,0.35,0.46,29.71%,-63.62%,-66.75%,-,1.73,-10.82%,"40,610"
MMYX,145.67M,-,1.45%,1.45%,0.73%,2.62,2.62,0.00,0.00,-,-,-,-,10.02,0.00%,12
MMYY,-,4.21%,-,-,-,-,-,-,-,-,-,-,-,15.63,-0.82%,"3,134"
MMZTI,2.84B,3.99%,12.93%,18.64%,14.87%,1.56,0.67,0.22,0.24,24.65%,11.54%,9.91%,Aug 25/b,104.05,2.54%,"454,690"
MMZYX,375.38M,-,-,-,-,7.42,7.42,0.00,0.00,-,-,-,-,10.01,0.20%,802
MMZZ,-,5.42%,-,-,-,-,-,-,-,-,-,-,-,6.22,-1.82%,"11,911"
NNA,57.56M,-,-15.94%,-34.43%,-29.42%,1.20,1.17,0.45,0.57,-135.28%,-518.04%,-827.21%,Aug 28/b,2.48,4.64%,"97,423"
NNAAS,78.49M,-,-,-,-,0.35,0.35,-,-,-,-,-,-,3.25,-0.91%,"17,228"
NNABL,729.18M,-,-0.38%,-0.66%,-0.43%,1.28,1.28,0.53,0.54,76.28%,2.57%,-1.00%,Aug 10/b,3.86,0.00%,"2,819,008"
NNAC,1.73B,7.91%,-,-,-,-,-,-,-,-,-,-,-,11.07,1.84%,"1,137,665"
NNACP,-,0.55%,-,-,-,-,-,-,-,-,-,-,-,60.33,0.93%,"1,282"
NNAD,2.58B,7.62%,-,-,-,-,-,-,-,-,-,-,-,11.02,0.73%,"1,872,173"
NNAGE,240.54M,-,16.14%,21.80%,19.05%,6.50,5.13,0.02,0.03,64.24%,6.67%,12.39%,Aug 04/a,3.04,0.16%,"322,139"
NNAII,12.30M,-,-9.28%,-20.57%,-12.43%,1.64,0.87,0.83,1.03,6.95%,-4.79%,-10.20%,-,1.96,-2.97%,"8,386"
NNAIL,-,1.01%,-,-,-,-,-,-,-,-,-,-,-,30.41,4.54%,"2,015,384"
NNAK,792.59M,-,-55.19%,-257.92%,-582.01%,0.50,0.50,0.02,8.90,-,-,-,Aug 11/b,1.41,-3.42%,"2,870,338"
NNAKA,146.56M,-,-193.69%,-341.31%,-177.89%,0.15,0.15,0.00,0.70,-7.62%,-74.84%,-1067.92%,Aug 13/b,8.19,5.54%,"306,801"
NNAMI,5.78M,-,-43.36%,-87.69%,-107.54%,1.53,1.47,0.02,0.24,10.88%,-25.37%,-22.96%,-,1.83,-4.69%,"5,545"
NNAMM,74.84M,-,-,-,-,-,-,-,-,-,-,-,Apr 02/b,1.34,0.37%,"252,588"
NNAMS,2.73B,-,-34.16%,-36.81%,-41.09%,9.03,9.03,0.00,0.00,96.57%,-3432.20%,-3644.21%,Aug 05/b,22.80,4.30%,"1,596,533"
NNAN,351.47M,8.14%,-,-,-,-,-,-,-,-,-,-,-,10.47,-0.19%,"147,828"
NNANC,-,0.19%,-,-,-,-,-,-,-,-,-,-,-,51.32,0.90%,"14,033"
NNANR,-,1.57%,-,-,-,-,-,-,-,-,-,-,-,89.84,0.12%,"11,047"
NNAPR,-,-,-,-,-,-,-,-,-,-,-,-,-,60.33,0.34%,487
NNASA,-,-,-,-,-,-,-,-,-,-,-,-,-,23.44,1.74%,"947,167"
NNAT,1.58B,10.79%,13.17%,25.66%,14.55%,3.27,2.78,0.78,0.85,37.96%,28.69%,33.20%,Aug 31,7.46,3.47%,"5,673,555"
NNATH,401.45M,1.53%,31.07%,-,50.42%,2.45,2.39,-,-,28.53%,17.73%,11.78%,Aug 07/b,97.97,0.16%,"18,272"
NNATL,3.45B,-,3.42%,48.16%,5.91%,1.03,0.83,6.15,6.33,25.46%,12.45%,4.44%,Aug 05/b,46.62,0.80%,"835,144"
NNATO,-,0.45%,-,-,-,-,-,-,-,-,-,-,-,38.33,0.67%,"8,672"
NNATR,238.42M,-,7.03%,11.07%,9.71%,2.60,1.55,0.10,0.13,70.45%,5.96%,3.68%,Aug 06/a,13.55,-0.44%,"123,022"
NNAUG,-,-,-,-,-,-,-,-,-,-,-,-,-,32.80,0.54%,"12,116"
NNAUT,129.80M,-,-30.00%,-36.21%,-36.48%,10.14,10.14,0.18,0.21,-3048.42%,-33043.68%,-29747.89%,Jul 28/b,1.02,3.07%,"826,871"
NNAVI,883.44M,6.79%,-0.10%,-1.98%,-0.12%,0.90,0.90,16.73,18.49,92.41%,78.94%,-1.64%,Aug 06/a,9.42,2.95%,"763,318"
NNAVN,5.48B,-,-23.61%,-49.39%,-23.63%,4.33,4.33,0.12,0.13,68.54%,-24.79%,-42.11%,Sep 09/a,21.02,3.75%,"6,288,403"
NNAZ,152.54M,6.56%,-,-,-,-,-,-,-,-,-,-,-,11.89,-0.34%,"17,568"
NNB,553.96M,-,-19.96%,-21.97%,-11.17%,31.08,31.08,0.00,0.00,-,-,-,Sep 09,3.81,-0.13%,"2,397,565"
NNBB,445.62M,7.60%,-,-,-,-,-,-,-,-,-,-,-,15.16,-0.07%,"35,029"
NNBBK,930.48M,0.92%,0.93%,7.49%,5.78%,19.89,-,0.22,0.22,-,24.11%,14.27%,Jul 22/a,22.79,-0.33%,"178,665"
NNBCE,-,1.16%,-,-,-,-,-,-,-,-,-,-,-,38.35,-0.13%,14
NNBCM,-,6.04%,-,-,-,-,-,-,-,-,-,-,-,31.65,-1.06%,"75,192"
NNBCR,-,0.42%,-,-,-,-,-,-,-,-,-,-,-,34.22,0.77%,"6,734"
NNBDS,-,-,-,-,-,-,-,-,-,-,-,-,-,40.00,0.90%,"50,498"
NNBET,-,2.29%,-,-,-,-,-,-,-,-,-,-,-,42.39,-0.16%,"7,738"
NNBFC,-,6.56%,-,-,-,-,-,-,-,-,-,-,-,50.17,0.01%,"1,132"
NNBFR,-,0.02%,-,-,-,-,-,-,-,-,-,-,-,26.60,0.80%,"2,017"
NNBGX,-,0.26%,-,-,-,-,-,-,-,-,-,-,-,29.64,0.77%,8
NNBH,288.78M,6.65%,-,-,-,-,-,-,-,-,-,-,-,9.75,0.31%,"78,437"
NNBHC,1.86B,3.07%,0.86%,6.45%,4.88%,0.04,-,0.20,0.21,-,18.73%,15.10%,Jul 21/a,41.76,0.46%,"353,614"
NNBIC,-,-,-,-,-,-,-,-,-,-,-,-,-,19.26,-3.38%,"1,787"
NNBIE,-,-,-,-,-,-,-,-,-,-,-,-,-,27.15,1.00%,"87,218"
NNBIG,-,-,-,-,-,-,-,-,-,-,-,-,-,16.90,-3.21%,"1,961,966"
NNBIL,-,-,-,-,-,-,-,-,-,-,-,-,-,24.52,-2.93%,"2,549,169"
NNBIS,61.05B,-,0.37%,0.87%,0.30%,4.03,8.33,0.97,0.97,18.81%,-49.34%,4.55%,Aug 12/b,224.55,-1.56%,"11,228,340"
NNBIX,15.88B,-,15.26%,22.09%,17.23%,1.87,1.75,0.11,0.11,97.48%,23.90%,20.91%,Jul 30/a,156.22,-0.22%,"890,877"
NNBIZ,-,-,-,-,-,-,-,-,-,-,-,-,-,6.00,3.27%,"7,291,786"
NNBJP,-,1.96%,-,-,-,-,-,-,-,-,-,-,-,36.01,2.44%,"3,265"
NNBN,1.13B,0.03%,2.26%,19.57%,8.61%,0.14,-,1.07,1.42,-,38.39%,28.03%,Jul 27/b,132.64,1.08%,"119,402"
NNBOS,-,7.81%,-,-,-,-,-,-,-,-,-,-,-,28.45,0.32%,"475,715"
NNBP,184.44M,-,-,-,-22.73%,7.64,7.64,0.02,0.02,-,-,-,Aug 20/b,1.59,-5.92%,"252,833"
NNBR,1.38B,-,4.44%,49.24%,7.87%,1.89,1.75,3.90,3.91,18.62%,7.90%,6.50%,Jul 28/a,90.60,0.00%,"162,526"
NNBRG,76.14M,-,-,-,0.44%,0.70,0.70,0.00,0.04,-,-,-,-,10.09,0.00%,131
NNBSD,-,4.76%,-,-,-,-,-,-,-,-,-,-,-,50.21,-0.24%,"280,181"
NNBSM,-,0.36%,-,-,-,-,-,-,-,-,-,-,-,28.23,0.71%,"8,026"
NNBTB,2.69B,2.97%,1.33%,11.42%,10.20%,0.08,-,0.08,0.24,-,29.36%,22.59%,Jul 27/a,51.73,0.21%,"232,328"
NNBTR,-,5.22%,-,-,-,-,-,-,-,-,-,-,-,48.39,-0.42%,"2,126"
NNBTX,1.87B,-,-,-,-359.34%,1.09,1.09,-,-,-,-49.09%,-84.17%,Mar 31/a,37.01,-1.57%,"93,824"
NNBXG,1.21B,9.21%,-,-,-,-,-,-,-,-,-,-,-,15.42,0.92%,"81,807"
NNC,299.60M,3.22%,2.64%,4.07%,3.12%,3.30,2.33,0.27,0.29,18.24%,-10.18%,6.21%,Aug 05/a,39.70,-0.35%,"8,586"
NNCA,293.96M,3.99%,-,-,-,-,-,-,-,-,-,-,-,8.88,0.51%,"55,925"
NNCDL,600.05M,12.59%,2.31%,5.40%,2.42%,1.19,1.19,1.28,1.28,82.92%,65.48%,25.92%,Aug 06/b,12.15,0.66%,"105,033"
NNCEL,17.66M,-,-78.31%,-,-75.13%,2.77,2.77,0.00,0.00,-,-,-,Sep 02,3.30,-2.23%,"3,750"
NNCEW,57.57M,-,-70.04%,-143.48%,-174.72%,1.56,1.56,0.06,0.70,0.29%,-18.62%,-17.79%,-,18.83,-0.53%,33
NNCI,30.66M,-,0.26%,0.59%,0.36%,2.61,2.01,0.65,0.82,33.85%,1.32%,0.24%,-,12.97,2.21%,"512,696"
NNCIQ,-,-,-,-,-,-,-,-,-,-,-,-,-,19.61,0.36%,"78,758"
NNCLD,-,-,-,-,-,-,-,-,-,-,-,-,-,24.07,0.98%,"482,242"
NNCLH,6.81B,-,3.34%,36.73%,4.38%,0.20,0.17,5.75,6.21,31.82%,15.81%,7.49%,Jul 30/b,14.82,1.72%,"15,582,998"
NNCLO,-,5.53%,-,-,-,-,-,-,-,-,-,-,-,25.14,0.38%,"33,933"
NNCMI,227.65M,2.48%,-1.67%,-2.22%,-2.14%,1.84,1.84,0.06,0.07,27.83%,-7.11%,-3.05%,Aug 11/a,2.42,-1.63%,"527,467"
NNCNA,5.69M,-,-46.15%,-70.39%,-46.96%,4.73,4.73,0.03,0.03,-,-,-,Aug 13/a,1.32,-1.49%,"25,116"
NNCNO,2.25B,-,2.11%,3.38%,2.68%,0.79,0.79,0.35,0.36,59.21%,8.77%,5.40%,Aug 25/a,21.25,-0.84%,"2,467,767"
NNCO,146.11M,-,-,-,-,0.42,0.42,-,-,-,-,-,-,9.92,0.10%,82
NNCPB,-,5.37%,-,-,-,-,-,-,-,-,-,-,-,24.25,-0.06%,"3,873"
NNCPL,3.53M,-,-85.30%,-99.45%,-127.32%,0.26,0.26,0.02,0.11,87.13%,-1294.15%,-3804.10%,Mar 19/a,0.45,-3.56%,"463,260"
NNCRA,5.30M,-,-71.98%,-99.06%,-62.28%,9.42,9.42,0.40,0.41,1.99%,-53.57%,-71.31%,-,2.23,19.89%,"610,780"
NNCT,2.89M,-,-0.75%,-2.51%,-1.38%,0.44,0.44,0.40,0.59,28.84%,5.40%,-1.95%,-,0.30,2.46%,"27,016,251"
NNCTY,62.95M,-,-65.41%,-114.73%,-56.03%,2.57,2.57,0.01,0.31,1.72%,-230.86%,-375.73%,Aug 24/b,4.18,11.76%,"382,376"
NNCV,365.34M,10.09%,-,-,-,-,-,-,-,-,-,-,-,16.17,0.06%,"120,513"
NNCZ,290.38M,9.44%,-,-,-,-,-,-,-,-,-,-,-,15.26,0.07%,"50,981"
NNDAA,-,2.43%,-,-,-,-,-,-,-,-,-,-,-,24.20,0.60%,375
NNDAQ,50.97B,1.31%,6.82%,16.54%,9.39%,1.01,1.01,0.75,0.78,57.02%,30.78%,22.60%,Jul 23/b,91.19,-0.89%,"3,381,221"
NNDEC,-,-,-,-,-,-,-,-,-,-,-,-,-,30.58,0.54%,"4,997"
NNDIA,-,0.37%,-,-,-,-,-,-,-,-,-,-,-,26.81,0.68%,"8,008"
NNDIV,-,7.98%,-,-,-,-,-,-,-,-,-,-,-,35.66,-0.13%,"14,189"
NNDLS,81.98M,-,-8.80%,-,-13.79%,0.29,0.15,-,-,11.52%,1.37%,-4.71%,Jul 24/b,13.74,-1.86%,"29,338"
NNDMO,570.93M,7.75%,3.92%,5.85%,4.11%,0.99,0.99,0.42,0.42,82.00%,105.81%,84.81%,-,9.44,0.11%,"285,626"
NNDOW,-,1.18%,-,-,-,-,-,-,-,-,-,-,-,28.90,0.43%,"7,657"
NNDRA,8.43M,-,-110.08%,-152.04%,-89.64%,7.10,7.10,0.05,0.07,-,-,-,Aug 17/b,5.62,-2.85%,"5,785"
NNDSN,17.52B,1.07%,9.29%,17.76%,11.42%,1.82,1.18,0.49,0.56,55.29%,26.93%,18.63%,Aug 19/a,314.47,2.28%,"267,053"
NNE,7.23B,4.42%,2.01%,3.28%,2.35%,1.91,1.91,0.42,0.42,16.55%,12.64%,4.88%,Jul 27/a,45.28,-1.01%,"1,284,977"
NNEA,3.28B,7.52%,-,-,-,-,-,-,-,-,-,-,-,10.85,0.46%,"1,670,427"
NNEAR,-,4.46%,-,-,-,-,-,-,-,-,-,-,-,50.12,-0.10%,"414,815"
NNEBX,-,-,-,-,-,-,-,-,-,-,-,-,-,25.02,-3.43%,"1,118,295"
NNECB,368.93M,3.36%,2.07%,12.13%,7.61%,0.26,-,0.54,0.54,-,39.31%,27.76%,Jul 24/b,26.80,-0.56%,"23,861"
NNEE,171.70B,3.00%,4.31%,17.23%,5.96%,0.53,0.44,1.73,1.93,35.80%,26.76%,33.12%,Jul 24/b,82.31,-0.16%,"9,882,960"
NNEGG,307.69M,-,-,-,-,1.55,0.64,0.20,0.28,-,-,-,Aug 27/a,14.67,1.59%,"30,599"
NNEHI,-,26.79%,-,-,-,-,-,-,-,-,-,-,-,32.92,2.97%,"73,880"
NNELS,-,-,-,-,-,-,-,-,-,-,-,-,-,29.03,0.78%,"1,824"
NNEM,133.62B,0.82%,15.24%,25.53%,21.12%,2.55,2.01,0.16,0.16,56.40%,53.98%,33.98%,Jul 23/a,126.81,0.53%,"5,554,322"
NNEMD,-,5.87%,-,-,-,-,-,-,-,-,-,-,-,51.92,-0.05%,"1,682"
NNEMG,-,-,-,-,-,-,-,-,-,-,-,-,-,23.64,1.08%,"2,161"
NNEN,155.68M,2.86%,-1.41%,-,-1.60%,1.12,1.12,-,-,31.34%,14.60%,-7.28%,-,56.00,2.75%,821
NNEO,2.23B,-,-3.78%,-6.33%,-4.22%,3.60,3.34,0.56,0.57,41.74%,-7.03%,-6.77%,Jul 28/a,17.32,-1.65%,"1,072,053"
NNEOG,2.57B,-,-0.23%,-0.38%,-0.27%,3.82,2.91,0.39,0.39,36.38%,-1.73%,-0.91%,Jul 30/b,11.78,0.08%,"1,666,257"
NNEON,13.93M,-,40.42%,46.80%,37.64%,10.86,10.86,0.04,0.05,80.45%,-408.57%,397.84%,Aug 12/b,0.83,1.01%,"63,487"
NNEOV,216.62M,-,-73.05%,-88.13%,-50.00%,8.10,7.30,0.03,0.07,20.01%,-51.96%,-63.42%,Sep 23/a,3.68,0.27%,"593,844"
NNEPH,48.54M,-,12.39%,16.10%,13.97%,4.07,2.71,0.04,0.07,60.66%,7.92%,8.38%,Aug 06/a,4.47,-1.11%,"41,789"
NNERD,-,0.67%,-,-,-,-,-,-,-,-,-,-,-,22.55,2.31%,740
NNERV,198.15M,-,-628.40%,-,-,20.14,20.14,-,-,-,-,-,Aug 07/b,4.15,-0.24%,"135,947"
NNESR,3.38B,0.24%,4.76%,9.44%,7.62%,1.02,0.86,0.18,0.29,12.23%,9.34%,5.77%,Aug 10/b,33.54,-0.83%,"1,319,004"
NNET,109.15B,-,-3.43%,-14.43%,-5.46%,1.82,1.82,1.33,2.18,72.55%,-7.88%,-8.21%,Aug 06/a,306.53,-1.49%,"2,436,103"
NNETG,-,-,-,-,-,-,-,-,-,-,-,-,-,18.99,-3.48%,"25,797"
NNETL,-,4.91%,-,-,-,-,-,-,-,-,-,-,-,25.56,-0.23%,"17,369"
NNEU,8.16B,1.32%,12.67%,25.02%,15.64%,2.25,1.23,0.50,0.51,31.49%,20.04%,15.74%,Jul 29/a,887.08,0.73%,"96,954"
NNEUP,20.14M,-,-,-,-,14.31,14.31,0.00,0.00,-,-,-,Sep 02,3.73,0.00%,"23,039"
NNEWP,1.09B,-,-2.83%,-2.85%,-2.63%,34.54,34.54,0.00,0.00,-,-,-,Sep 03/a,5.88,0.51%,"484,155"
NNEWT,352.97M,6.22%,2.46%,18.04%,2.10%,6.14,6.14,6.55,6.55,73.78%,37.23%,16.23%,Aug 06/a,12.22,0.41%,"180,425"
NNEWZ,-,0.04%,-,-,-,-,-,-,-,-,-,-,-,29.66,0.45%,"1,107"
NNEXA,1.76B,2.57%,5.41%,26.52%,9.52%,0.80,0.46,1.42,1.54,25.59%,20.75%,8.08%,Aug 05/a,13.31,1.29%,"518,448"
NNEXM,82.35M,-,-87.96%,-105.51%,-83.54%,5.16,5.16,0.02,0.03,-,-,-,-,2.31,-2.53%,"63,706"
NNEXN,521.66M,-,1.71%,2.73%,2.63%,1.26,1.26,0.05,0.08,65.17%,5.12%,3.41%,Aug 12/b,9.16,-0.43%,"303,399"
NNEXR,0.86M,-,-35.04%,-75.88%,-151.80%,2.41,0.63,0.16,0.18,7.07%,-42.83%,-43.84%,Apr 01/b,1.55,-0.64%,"31,231"
NNEXT,2.03B,-,-3.11%,-352.95%,-3.42%,0.37,0.37,-,-,-,-,-,Jul 30/b,7.64,-0.39%,"2,094,959"
NNFE,94.15M,-,-17.01%,-538.09%,-110.28%,0.16,0.14,-,-,3.77%,-22.48%,-152.97%,Mar 03,0.33,0.00%,0
NNFEB,-,-,-,-,-,-,-,-,-,-,-,-,-,30.83,0.56%,"8,842"
NNFG,7.70B,2.69%,7.15%,19.58%,9.01%,3.20,3.07,0.91,0.91,40.86%,36.82%,28.60%,Jul 29/a,81.00,-1.62%,"527,096"
NNFGC,650.97M,-,-14.54%,-19.82%,-10.53%,5.36,5.01,0.12,0.13,-121.92%,-232.93%,-185.58%,Aug 13/b,1.69,0.00%,"655,516"
NNFJ,1.46B,7.77%,-,-,-,-,-,-,-,-,-,-,-,15.70,1.36%,"171,895"
NNFLP,-,24.74%,-,-,-,-,-,-,-,-,-,-,-,18.59,2.39%,"5,887"
NNFLT,-,5.45%,-,-,-,-,-,-,-,-,-,-,-,22.56,-0.10%,"80,710"
NNFLU,-,-,-,-,-,-,-,-,-,-,-,-,-,18.32,3.27%,"70,631"
NNFLW,-,55.46%,-,-,-,-,-,-,-,-,-,-,-,16.48,2.36%,"6,675"
NNFLX,322.29B,-,24.47%,49.54%,31.11%,1.14,1.14,0.46,0.55,49.53%,30.25%,27.99%,Jul 16/a,77.40,1.83%,"22,237,769"
NNFLY,-,56.55%,-,-,-,-,-,-,-,-,-,-,-,7.50,1.76%,"53,285"
NNFRA,-,5.61%,-,-,-,-,-,-,-,-,-,-,-,65.97,0.56%,"21,804"
NNFRX,-,1.03%,-,-,-,-,-,-,-,-,-,-,-,25.76,-0.05%,642
NNFTY,-,1.94%,-,-,-,-,-,-,-,-,-,-,-,53.01,0.52%,"11,261"
NNFX,-,-,-,-,-,-,-,-,-,-,-,-,-,24.85,4.08%,13
NNFXL,-,4.50%,-,-,-,-,-,-,-,-,-,-,-,17.46,3.56%,"919,153"
NNFXS,-,3.08%,-,-,-,-,-,-,-,-,-,-,-,19.66,-1.82%,"5,767"
NNG,3.29B,-,-15.56%,-24.63%,-12.13%,112.82,112.82,0.41,0.41,-,-,-,Jun 24/b,7.50,-1.45%,"7,225,764"
NNGEN,234.94M,-,-117.52%,-776.07%,-366.59%,1.23,1.23,0.00,0.00,-,-,-,Aug 13/b,2.18,1.16%,"559,123"
NNGG,77.27B,4.32%,3.09%,8.63%,4.01%,0.76,0.71,1.09,1.19,31.27%,28.51%,18.31%,May 14/b,76.86,0.63%,"841,897"
NNGHT,-,-,-,-,-,-,-,-,-,-,-,-,-,22.03,0.46%,"1,407"
NNGL,2.19B,-,-3.16%,-35.32%,-3.84%,1.14,1.04,38.98,39.57,22.58%,11.97%,-9.96%,Aug 04/a,17.58,-0.51%,"67,607"
NNGNE,710.00M,-,-41.02%,-45.32%,-49.95%,10.63,10.63,0.02,0.04,-,-,-,Aug 11/b,35.48,-1.77%,"181,388"
NNGS,488.46M,1.48%,3.29%,7.30%,3.29%,2.01,1.12,1.11,1.12,38.41%,23.08%,10.81%,Aug 10/a,37.87,2.80%,"132,876"
NNGVC,658.19M,2.52%,7.08%,21.56%,9.16%,1.10,0.25,1.17,1.35,27.29%,4.70%,3.55%,Aug 06/a,28.56,1.96%,"222,486"
NNGVT,2.39B,-,1.48%,30.07%,4.92%,1.61,1.15,23.03,26.36,39.04%,24.59%,4.77%,Jul 29/a,69.41,3.40%,"246,750"
NNHC,3.52B,1.15%,9.05%,13.08%,12.35%,1.86,1.83,0.01,0.03,53.41%,-7.51%,9.04%,May 08/b,224.47,-0.20%,"51,959"
NNHI,3.45B,5.28%,5.89%,10.92%,5.85%,3.93,3.93,0.81,0.81,52.55%,45.30%,38.27%,Aug 10/a,70.32,0.16%,"334,253"
NNHIC,293.80M,-,-0.00%,-0.00%,-0.00%,0.08,0.08,0.00,0.00,-,-,-,-,10.64,0.19%,"7,781,823"
NNHIV,277.49M,-,-,-,-,4.07,4.07,0.00,0.00,-,-,-,-,10.14,0.89%,11
NNHP,310.63M,0.95%,-2.41%,-5.28%,-2.84%,0.86,0.86,0.50,0.82,17.10%,9.48%,-16.74%,Aug 05/a,15.74,-1.87%,"296,384"
NNHS,244.86M,18.46%,-,-,-,-,-,-,-,-,-,-,-,5.85,-0.51%,"114,920"
NNHTC,13.47M,25.48%,-4.37%,-7.37%,-9.50%,1.99,1.81,0.12,0.18,73.91%,-6.24%,-4.51%,Jul 29/b,1.57,-1.26%,"13,801"
NNHYB,-,6.08%,-,-,-,-,-,-,-,-,-,-,-,24.40,0.00%,"115,035"
NNHYM,-,4.71%,-,-,-,-,-,-,-,-,-,-,-,23.97,0.55%,"10,091"
NNI,19.86B,2.90%,2.52%,9.78%,3.58%,0.50,0.41,1.63,1.82,59.16%,27.02%,13.17%,Aug 05/b,41.41,-0.02%,"3,626,540"
NNIC,3.57B,0.83%,1.27%,8.91%,6.52%,0.11,-,0.04,0.04,-,34.41%,21.77%,Jul 21/a,170.37,0.07%,"135,877"
NNICE,5.74B,-,8.21%,11.41%,11.12%,1.33,1.33,0.02,0.02,65.12%,18.91%,13.87%,Aug 05/b,98.18,0.14%,"542,856"
NNICM,117.46M,-,-58.16%,-,-149.49%,8.34,8.34,0.04,0.06,-144.37%,-321.73%,-252.38%,Aug 14/b,6.14,-4.81%,"1,997"
NNICO,-,-,-,-,-,-,-,-,-,-,-,-,-,25.13,0.91%,84
NNIE,720.43M,7.92%,-,-,-,-,-,-,-,-,-,-,-,26.00,0.54%,"70,319"
NNIHI,-,9.76%,-,-,-,-,-,-,-,-,-,-,-,52.48,0.90%,"54,258"
NNIKI,16.57M,-,-11.54%,-9.02%,-8.94%,0.78,0.78,0.00,0.15,-,-,-,-,5.71,-8.35%,"37,082"
NNIKL,-,2.69%,-,-,-,-,-,-,-,-,-,-,-,14.79,-0.07%,"19,190"
NNIM,112.27M,3.86%,-,-,-,-,-,-,-,-,-,-,-,9.02,0.33%,"17,231"
NNINE,146.61M,-,20.00%,283.76%,27.80%,2.34,1.68,0.88,0.99,7.82%,-1.51%,12.66%,Aug 05/a,10.51,2.54%,"75,815"
NNIO,8.70B,-,-3.95%,-311.99%,-20.69%,1.02,0.89,4.42,7.13,17.43%,-3.65%,-4.11%,Sep 01/b,3.69,3.07%,"36,645,892"
NNIOG,-,-,-,-,-,-,-,-,-,-,-,-,-,6.46,5.88%,"91,735"
NNIPG,47.07M,-,-92.24%,-147.13%,-250.28%,0.87,0.79,0.07,0.62,-1.17%,-46.48%,-187.72%,-,14.35,5.44%,"38,110"
NNIQ,5.26B,-,-5.17%,-65.35%,-7.73%,1.09,1.09,4.01,4.19,40.86%,7.77%,-8.01%,Aug 10/a,17.84,1.08%,"914,459"
NNISM,-,0.24%,-,-,-,-,-,-,-,-,-,-,-,25.13,0.96%,6
NNITE,-,-,-,-,-,-,-,-,-,-,-,-,-,39.65,0.69%,126
NNIU,143.78M,-,-6.26%,-25.52%,-27.86%,1.03,0.77,0.00,0.93,18.22%,-5.29%,-4.38%,Aug 10/b,2.03,-1.93%,"127,111"
NNIVF,2.39M,-,-,-,31.87%,3.07,2.90,0.16,0.18,24.20%,-226.95%,209.02%,Sep 02,1.06,-4.50%,"153,862"
NNIXT,-,1.29%,-,-,-,-,-,-,-,-,-,-,-,33.41,0.98%,771
NNIXX,15.50M,-,-42.55%,-81.34%,-72.93%,0.78,0.78,0.00,0.13,-2.07%,-4.45%,-4.70%,-,0.54,-0.46%,"206,545"
NNJAN,-,-,-,-,-,-,-,-,-,-,-,-,-,60.01,0.43%,"3,796"
NNJNK,-,6.45%,-,-,-,-,-,-,-,-,-,-,-,19.73,-0.05%,"1,721"
NNJR,5.39B,3.62%,4.79%,14.45%,6.09%,0.66,0.45,1.28,1.47,24.49%,24.49%,16.37%,Aug 03/a,53.16,-0.34%,"658,434"
NNJUL,-,-,-,-,-,-,-,-,-,-,-,-,-,77.03,0.51%,"5,302"
NNJUN,-,-,-,-,-,-,-,-,-,-,-,-,-,32.74,0.48%,"6,844"
NNKE,54.59B,4.44%,8.29%,22.14%,13.27%,1.96,1.36,0.58,0.74,43.14%,8.77%,6.70%,Oct 01/a,36.80,0.49%,"19,974,901"
NNKLR,564.66M,-,307.94%,925.89%,-,14.85,14.85,-,-,-,-,-,Aug 17/a,5.11,-2.67%,"132,461"
NNKSH,272.92M,3.52%,1.12%,11.25%,10.50%,0.05,-,0.01,0.01,-,28.34%,23.22%,Jul 22,42.84,0.85%,"46,306"
NNKTR,2.38B,-,-24.12%,-35.75%,-15.46%,10.42,10.42,0.13,0.15,98.73%,-239.32%,-287.84%,Aug 13/a,69.76,-1.26%,"784,205"
NNKTX,208.43M,-,-29.86%,-38.76%,-37.36%,7.98,7.98,0.27,0.30,-,-,-,Aug 10/a,2.91,3.56%,"487,412"
NNKX,626.36M,7.68%,-,-,-,-,-,-,-,-,-,-,-,11.72,0.43%,"167,690"
NNL,342.78M,5.56%,-5.14%,-6.72%,-7.01%,9.02,7.27,0.00,0.00,32.08%,11.10%,-15.79%,Aug 05/a,7.01,-0.14%,"25,987"
NNLOP,161.03M,-,-10.44%,-13.68%,-27.72%,1.25,1.25,0.00,0.13,46.62%,37.26%,-59.16%,-,10.87,-0.64%,"170,073"
NNLR,-,2.80%,-,-,-,-,-,-,-,-,-,-,-,113.22,-3.91%,"304,465"
NNLSI,-,3.45%,-,-,-,-,-,-,-,-,-,-,-,58.20,1.65%,"2,668"
NNLY,16.51B,13.45%,2.31%,19.48%,5.43%,0.04,0.04,2.21,7.38,99.87%,105.32%,36.02%,Jul 21/a,21.90,-0.45%,"8,360,091"
NNMAD,57.00M,-,-62.04%,-70.31%,-35.87%,12.87,12.87,0.01,0.05,-,-,-,-,3.54,-4.58%,"276,640"
NNMAI,483.06M,9.84%,12.99%,19.02%,13.34%,0.37,0.37,0.36,0.42,92.29%,121.52%,110.55%,-,14.45,-0.07%,"41,205"
NNMAR,-,-,-,-,-,-,-,-,-,-,-,-,-,32.72,0.40%,789
NNMAX,1.47B,-,-2.62%,-5.82%,-5.32%,2.37,2.35,0.06,0.10,38.45%,-7.40%,-3.15%,Aug 13/a,11.39,3.73%,"2,381,856"
NNMAY,-,-,-,-,-,-,-,-,-,-,-,-,-,29.81,0.47%,"3,135"
NNMB,-,6.03%,-,-,-,-,-,-,-,-,-,-,-,23.72,0.89%,"8,145"
NNMBL,-,0.87%,-,-,-,-,-,-,-,-,-,-,-,21.14,0.35%,814
NNMCO,554.17M,8.44%,-,-,-,-,-,-,-,-,-,-,-,9.67,0.31%,"304,507"
NNMFC,683.84M,14.80%,-1.74%,-4.14%,-2.13%,0.78,0.78,1.21,1.31,76.21%,31.52%,-23.81%,Aug 03/a,7.24,0.14%,"362,411"
NNMG,444.37M,-,-17.45%,-22.25%,-14.02%,4.10,4.10,0.00,0.04,-,-,-,Aug 12/a,1.35,0.00%,"390,810"
NNMI,120.54M,4.57%,-,-,-,-,-,-,-,-,-,-,-,9.98,-1.72%,"70,268"
NNMIH,3.30B,-,10.52%,15.43%,12.66%,3.39,-,0.15,0.15,-,73.24%,54.10%,Jul 30/a,43.89,-0.68%,"378,910"
NNML,602.85M,7.11%,-,-,-,-,-,-,-,-,-,-,-,10.64,-1.94%,"114,463"
NNMM,2.61B,0.26%,7.22%,13.16%,7.63%,1.53,1.53,0.63,0.70,66.97%,34.70%,29.64%,Aug 20/b,92.35,0.90%,"235,606"
NNMP,165.46M,-,5.41%,5.51%,2.75%,0.59,0.59,0.00,0.00,-,-,-,-,10.36,0.00%,182
NNMR,31.74B,3.58%,0.63%,10.93%,1.73%,1.41,1.41,5.38,10.19,40.28%,11.86%,8.09%,Jul 29/a,10.86,3.04%,"884,029"
NNMRA,195.41M,-,-121.89%,-187.11%,-218.26%,4.50,4.50,1.19,1.20,-,-,-,Aug 14/b,1.04,-8.77%,"1,880,837"
NNMRK,2.61B,1.35%,2.80%,10.83%,5.47%,1.09,1.09,0.87,1.57,-,7.59%,4.07%,Jul 29/b,14.42,1.76%,"1,424,016"
NNMS,67.27M,7.46%,-,-,-,-,-,-,-,-,-,-,-,10.49,0.82%,"83,683"
NNMT,118.22M,6.56%,-,-,-,-,-,-,-,-,-,-,-,11.53,-1.03%,"39,929"
NNMTC,14.20M,-,-87.56%,-124.66%,-193.85%,2.82,1.70,0.02,0.05,55.65%,-83.43%,-78.63%,Aug 19,1.56,-1.27%,"64,239"
NNMZ,2.07B,8.25%,-,-,-,-,-,-,-,-,-,-,-,9.60,0.63%,"986,734"
NNN,2.56B,-,-34.64%,-77.87%,-32.40%,25.63,25.63,0.03,0.04,-301.08%,-1900.43%,-2812.55%,Aug 11/a,15.18,2.36%,"1,479,198"
NNNBR,295.64M,-,-6.23%,-18.54%,-8.22%,1.79,1.08,1.40,1.50,6.93%,-3.01%,-10.51%,Aug 05/a,3.58,0.56%,"910,332"
NNNDM,322.20M,-,-19.40%,-24.57%,-32.67%,10.66,10.06,0.04,0.06,47.24%,-72.06%,-134.65%,Aug 06/a,1.53,0.66%,"1,898,336"
NNNE,881.19M,-,-7.88%,-8.04%,-5.48%,79.18,79.18,0.00,0.00,-590.38%,-24545.37%,-15815.12%,Aug 12/a,16.41,-5.47%,"2,259,122"
NNNI,4.53B,1.04%,2.12%,8.08%,2.74%,1.96,1.96,1.87,1.87,88.45%,42.87%,14.14%,Aug 06/a,126.69,0.72%,"174,795"
NNNN,8.42B,5.56%,4.10%,8.72%,4.22%,0.11,0.11,1.04,1.12,67.00%,61.44%,40.28%,Aug 05/b,43.87,0.05%,"1,514,642"
NNNNN,912.27M,-,26.08%,27.01%,20.29%,344.31,344.31,0.00,0.00,87.06%,66.47%,73.75%,-,6.34,-2.61%,"268,767"
NNNOV,-,-,-,-,-,-,-,-,-,-,-,-,-,31.97,0.66%,"1,543"
NNNOX,56.88M,-,-84.82%,-98.98%,-153.10%,2.84,2.59,0.05,0.11,-79.87%,-387.33%,-747.20%,Sep 09/b,0.72,-0.86%,"847,214"
NNNVC,26.04M,-,-79.91%,-89.97%,-88.39%,3.17,3.17,0.00,0.00,-,-,-,Sep 02,1.02,0.00%,"286,645"
NNNY,149.96M,4.53%,-,-,-,-,-,-,-,-,-,-,-,7.94,0.13%,"81,132"
NNOA,363.02M,2.56%,1.61%,6.95%,2.18%,1.07,0.90,2.18,2.47,12.82%,7.55%,2.42%,Aug 12/a,13.49,-0.07%,"100,642"
NNOAH,547.74M,16.69%,5.04%,6.21%,6.11%,3.53,3.53,0.01,0.01,97.09%,33.06%,22.11%,Aug 25/a,8.14,-0.37%,"125,505"
NNOBL,-,2.07%,-,-,-,-,-,-,-,-,-,-,-,56.23,0.27%,"951,763"
NNOC,73.73B,1.87%,8.97%,26.96%,13.16%,1.15,1.05,0.91,0.95,20.06%,10.72%,10.48%,Jul 21/b,518.97,0.00%,"588,212"
NNOCT,-,-,-,-,-,-,-,-,-,-,-,-,-,64.02,0.37%,"2,671"
NNODE,-,0.73%,-,-,-,-,-,-,-,-,-,-,-,40.49,2.28%,"3,916"
NNODK,307.09M,-,1.42%,3.18%,3.13%,1.19,-,0.00,0.00,-,4.18%,2.93%,-,15.05,-0.13%,"32,461"
NNOEM,39.54M,-,2.03%,2.11%,2.08%,0.21,0.21,0.00,0.00,-,-,-,-,10.64,-0.47%,8
NNOEQ,-,0.16%,-,-,-,-,-,-,-,-,-,-,-,29.56,0.93%,7
NNOG,2.83B,7.46%,-8.43%,-22.05%,-10.30%,0.80,0.80,1.37,1.37,33.57%,29.64%,-22.54%,Aug 06/a,26.58,1.03%,"1,627,019"
NNOK,62.31B,1.55%,1.98%,3.54%,2.98%,1.51,1.22,0.13,0.16,44.14%,11.13%,3.44%,Jul 23/b,11.13,4.80%,"86,733,833"
NNOMA,25.79M,-,-27.91%,-39.56%,-28.30%,1.13,1.13,0.00,0.13,80.47%,-202.36%,-259.41%,-,1.45,-14.20%,"14,297"
NNOMD,1.53B,7.03%,1.96%,4.93%,2.65%,1.10,0.66,0.90,0.92,26.91%,12.77%,4.20%,Aug 13/b,10.98,-0.99%,"986,251"
NNORW,-,6.73%,-,-,-,-,-,-,-,-,-,-,-,37.69,-0.11%,"11,802"
NNOV,7.52B,2.10%,0.84%,1.50%,1.13%,2.42,1.61,0.36,0.37,21.42%,6.91%,1.10%,Jul 28/a,21.10,-1.03%,"3,385,562"
NNOVM,-,-,-,-,-,-,-,-,-,-,-,-,-,34.18,0.12%,"1,198"
NNOVP,-,-,-,-,-,-,-,-,-,-,-,-,-,33.38,0.68%,"3,636"
NNOVT,5.54B,-,3.38%,5.11%,3.34%,4.57,3.79,0.14,0.18,41.90%,11.65%,6.00%,Aug 05/a,146.56,1.84%,"257,245"
NNOVZ,-,3.30%,-,-,-,-,-,-,-,-,-,-,-,47.65,0.66%,183
NNOW,137.04B,-,6.22%,14.24%,8.90%,0.65,0.65,0.50,0.68,74.77%,13.58%,11.34%,Jul 22/a,132.53,1.04%,"10,729,982"
NNOWL,-,-,-,-,-,-,-,-,-,-,-,-,-,7.02,1.89%,"3,921,310"
NNOWX,-,-,-,-,-,-,-,-,-,-,-,-,-,32.60,1.82%,211
NNP,4.34B,-,42.58%,-,219.60%,1.05,1.05,-,-,67.43%,43.71%,18.12%,Jul 21/a,31.60,1.48%,"379,979"
NNPAC,402.34M,-,2.99%,3.13%,3.08%,0.16,0.16,0.00,0.00,-,-,-,-,10.48,0.14%,374
NNPB,595.50M,2.61%,1.28%,14.76%,4.94%,0.11,-,1.97,2.67,-,23.52%,16.05%,Jul 21/a,17.22,1.29%,"174,173"
NNPCE,481.91M,-,-18.82%,-122.05%,-24.03%,4.94,3.91,5.70,5.89,79.63%,-15.26%,-19.34%,Aug 11/a,14.04,1.23%,"107,481"
NNPCT,279.50M,12.22%,-,-,-,-,-,-,-,-,-,-,-,9.72,0.00%,"64,777"
NNPFD,440.75M,10.46%,-,-,-,-,-,-,-,-,-,-,-,18.24,0.00%,"45,602"
NNPFE,-,-,-,-,-,-,-,-,-,-,-,-,-,27.97,0.81%,"3,942"
NNPFI,-,6.52%,-,-,-,-,-,-,-,-,-,-,-,25.61,0.05%,"90,885"
NNPK,1.10B,0.65%,8.82%,10.90%,10.19%,5.22,0.97,0.02,0.02,16.17%,9.33%,7.86%,-,154.28,4.26%,"90,880"
NNPKI,1.13B,-,9.28%,11.18%,10.05%,1.61,1.40,0.04,0.05,35.13%,17.42%,12.88%,Jul 29/a,13.26,0.53%,"606,672"
NNPO,6.36B,0.43%,1.75%,2.86%,2.04%,2.28,1.43,0.36,0.37,42.78%,15.47%,3.60%,Aug 04/b,300.49,2.25%,"152,506"
NNPT,65.00M,-,-2.12%,-212.81%,-7.41%,0.33,0.24,7.41,14.38,0.45%,-0.30%,-0.46%,-,2.93,1.03%,"7,531"
NNPV,195.04M,7.73%,-,-,-,-,-,-,-,-,-,-,-,9.97,-0.40%,"78,529"
NNPWR,429.48M,-,-49.00%,-149.00%,-608.22%,17.80,17.80,0.03,0.04,-,-,-,Aug 13/a,1.91,4.95%,"724,002"
NNQLT,-,-,-,-,-,-,-,-,-,-,-,-,-,25.25,0.95%,657
NNRAM,-,-,-,-,-,-,-,-,-,-,-,-,-,23.84,-0.88%,"36,532"
NNRC,467.17M,2.84%,3.93%,39.17%,5.90%,0.65,0.65,13.13,13.75,55.58%,10.53%,3.90%,Jul 28/a,21.12,-0.66%,"94,307"
NNRDS,602.80M,-,14.54%,18.16%,19.64%,2.62,2.62,0.02,0.04,93.50%,10.56%,7.56%,Aug 06/a,9.43,1.18%,"685,350"
NNRDY,120.84M,-,-43.76%,-123.23%,-82.09%,2.70,2.70,1.13,1.13,60.32%,-5.41%,-16.99%,Aug 06/a,9.46,3.96%,"28,209"
NNREF,325.88M,11.57%,1.87%,27.82%,2.14%,1.07,1.07,11.39,11.79,89.64%,112.91%,46.43%,Aug 06/b,17.29,-0.17%,"103,042"
NNRES,-,2.30%,-,-,-,-,-,-,-,-,-,-,-,35.72,0.05%,24
NNRG,23.85B,1.70%,2.65%,23.77%,3.17%,0.97,0.89,4.51,4.83,12.97%,5.47%,2.36%,Aug 04/b,113.46,1.62%,"1,557,776"
NNRGD,-,-,-,-,-,-,-,-,-,-,-,-,-,12.91,-0.82%,"61,217"
NNRGU,-,-,-,-,-,-,-,-,-,-,-,-,-,60.95,0.96%,"62,650"
NNRGV,783.73M,-,-36.49%,-232.49%,-65.20%,1.19,0.99,24.16,35.55,19.45%,-32.84%,-50.03%,Aug 11/a,4.31,2.38%,"2,210,135"
NNRIM,581.92M,2.45%,2.06%,21.49%,15.59%,0.13,-,0.26,0.27,-,34.76%,26.04%,Jul 22/a,26.16,0.42%,"99,895"
NNRIX,2.60B,-,-60.57%,-80.30%,-74.60%,6.34,6.34,0.14,0.14,53.06%,-982.37%,-928.44%,Jul 09/a,25.10,-2.75%,"1,321,662"
NNRK,867.12M,8.24%,-,-,-,-,-,-,-,-,-,-,-,9.94,1.22%,"281,333"
NNRO,178.05M,13.24%,-,-,-,-,-,-,-,-,-,-,-,2.81,1.08%,"104,390"
NNRP,1.47B,2.70%,13.76%,17.17%,16.06%,2.12,2.12,0.02,0.04,75.50%,63.77%,52.29%,Aug 05/b,111.10,0.83%,"10,287"
NNRSH,-,0.32%,-,-,-,-,-,-,-,-,-,-,-,30.38,2.06%,28
NNRSN,13.11M,-,-,-,-,-,-,-,-,-,-,-,Sep 02,0.35,4.58%,"233,415"
NNRT,83.63M,11.10%,218.59%,491.65%,476.46%,1.83,1.83,0.00,0.00,90.78%,90.70%,90.70%,-,9.10,-0.44%,"7,509"
NNRXP,147.21M,-,-120.42%,-,-8209.79%,0.86,0.86,-,-,32.68%,-588.13%,-691.81%,Aug 17/b,3.40,0.00%,"356,231"
NNRXS,72.08M,-,-89.89%,-139.76%,-111.29%,3.04,2.95,0.02,0.04,85.55%,-144.51%,-159.01%,Aug 11/b,5.74,0.88%,"46,318"
NNSAI,189.92M,-,-,-,-,0.43,0.43,0.00,2.00,-,-,-,-,9.86,0.00%,"128,497"
NNSC,71.94B,1.69%,5.90%,16.97%,8.17%,0.83,0.73,0.98,1.02,32.11%,32.11%,21.00%,Jul 23/b,320.27,-0.94%,"846,240"
NNSCI,-,4.30%,-,-,-,-,-,-,-,-,-,-,-,25.01,-0.12%,"65,499"
NNSEP,-,-,-,-,-,-,-,-,-,-,-,-,-,31.78,0.63%,"56,219"
NNSI,-,1.19%,-,-,-,-,-,-,-,-,-,-,-,38.55,0.93%,386
NNSIG,-,-,-,-,-,-,-,-,-,-,-,-,-,24.92,0.78%,223
NNSIT,4.85B,-,2.09%,13.11%,6.83%,1.18,1.15,0.92,1.09,22.10%,5.74%,2.45%,Aug 06/b,165.37,6.09%,"268,686"
NNSIV,-,-,-,-,-,-,-,-,-,-,-,-,-,26.21,1.00%,214
NNSLR,254.41M,8.32%,34.74%,43.19%,29.70%,6.91,6.91,0.18,0.18,100.00%,645.44%,620.63%,Aug 05/a,9.61,-1.33%,"241,007"
NNSP,1.90B,4.83%,-0.75%,-18.50%,-2.97%,1.11,1.11,7.84,7.84,12.25%,-0.04%,-0.23%,Jul 29/a,49.69,-0.26%,"298,446"
NNSPR,36.72M,-,-134.60%,-202.81%,-156.76%,3.80,3.52,0.06,0.10,18.05%,-494.03%,-484.11%,Aug 17/b,0.79,1.28%,"31,982"
NNSRX,39.87M,-,-153.55%,-278.36%,-90.35%,8.77,8.77,0.01,0.01,-,-,-,Aug 17/b,3.40,1.64%,"4,215"
NNSSC,1.30B,1.68%,19.49%,23.93%,21.93%,4.90,4.19,0.03,0.03,59.21%,30.47%,21.27%,Aug 24/b,36.26,2.11%,"407,493"
NNSTS,74.12M,-,-0.02%,-0.05%,-0.05%,0.40,-,0.00,0.00,-,-0.31%,-0.31%,-,14.11,-0.07%,"52,189"
NNSYS,31.93M,-,1.33%,3.00%,2.37%,1.78,1.10,0.23,0.50,16.44%,2.02%,0.83%,Aug 12/a,11.19,-2.10%,"21,787"
NNTAL,-,-,-,-,-,-,-,-,-,-,-,-,-,34.95,16.73%,"6,499"
NNTAP,39.14B,1.07%,13.74%,114.82%,41.30%,1.24,1.16,1.30,1.69,70.54%,26.04%,19.18%,Sep 02/a,199.28,8.54%,"2,609,990"
NNTB,2.37B,3.32%,1.64%,21.14%,19.82%,0.41,-,0.03,0.03,-,30.13%,29.31%,Jul 27/a,60.24,0.32%,"119,312"
NNTCL,4.09M,-,-86.46%,-211.30%,-213.74%,0.92,0.85,0.20,0.67,15.48%,-79.66%,-94.56%,-,1.93,-2.53%,"15,172"
NNTCT,2.77B,-,5.42%,7.54%,7.15%,1.81,1.76,0.02,0.02,74.01%,14.88%,13.71%,Aug 06/b,38.05,1.63%,"499,385"
NNTES,73.63B,2.73%,14.69%,20.44%,18.89%,3.45,3.44,0.00,0.08,67.21%,35.34%,27.87%,Aug 20/b,115.61,-0.02%,"515,039"
NNTGR,604.19M,-,-3.23%,-5.26%,-5.24%,2.48,1.80,0.08,0.10,40.06%,-3.52%,-3.71%,Aug 06/a,22.23,5.96%,"328,472"
NNTHI,95.45M,-,-1148.42%,-,-,0.14,0.14,-,-,-,-,-,Aug 10/b,3.68,0.55%,"188,718"
NNTIC,77.11M,0.25%,-1.12%,-1.60%,-1.58%,1.72,1.15,0.01,0.22,35.76%,-6.83%,-1.26%,Jul 09/b,8.12,2.78%,"112,710"
NNTIP,37.27M,6.13%,-6.79%,-6.92%,-7.36%,46.95,46.95,0.00,0.00,-,-,-,-,1.63,1.24%,"59,484"
NNTLA,1.65B,-,-45.55%,-55.44%,-51.43%,6.65,6.65,0.07,0.10,74.37%,-711.66%,-672.16%,Aug 06/b,11.74,-1.59%,"2,713,508"
NNTNX,17.82B,-,36.06%,37460.21%,68.94%,1.71,1.68,2.11,2.16,88.67%,10.82%,52.81%,Aug 26/a,65.92,0.76%,"1,525,590"
NNTR,37.44B,2.80%,4.46%,9.33%,6.56%,1.39,0.86,0.40,0.49,31.02%,13.83%,8.44%,Aug 05/a,78.45,-0.37%,"2,443,980"
NNTRA,47.41B,-,-8.71%,-12.54%,-9.79%,3.00,2.85,0.08,0.13,64.74%,-10.56%,-7.11%,Aug 06/a,328.93,0.86%,"798,060"
NNTRB,84.60M,-,-84.55%,-100.75%,-129.28%,4.21,4.02,0.01,0.04,31.06%,-435.58%,-430.43%,May 01,6.96,14.47%,"99,826"
NNTRL,-,2.87%,-,-,-,-,-,-,-,-,-,-,-,21.64,0.45%,27
NNTRP,21.42M,-,-125.29%,-271.03%,-177.22%,0.61,0.61,1.01,1.28,-68.85%,-281.90%,-295.74%,Jul 14,1.42,-2.74%,"33,774"
NNTRS,34.61B,1.78%,1.27%,16.93%,11.82%,1.55,-,0.40,1.18,-,13.39%,14.34%,Jul 22/b,189.19,1.07%,"700,770"
NNTSD,-,0.14%,-,-,-,-,-,-,-,-,-,-,-,47.52,1.40%,"22,959"
NNTSE,-,2.61%,-,-,-,-,-,-,-,-,-,-,-,47.16,1.09%,"5,283"
NNTSI,-,3.47%,-,-,-,-,-,-,-,-,-,-,-,47.51,0.79%,"16,394"
NNTSK,6.01B,-,-58.05%,-,-83.88%,1.93,1.92,4.60,4.67,69.90%,-94.66%,-91.84%,Sep 02/a,14.70,-2.65%,"6,179,432"
NNTST,2.00B,4.53%,0.52%,0.96%,0.47%,236.55,236.55,0.90,0.90,47.22%,36.89%,6.32%,Jul 22/a,19.64,-0.46%,"1,000,886"
NNTSX,-,1.08%,-,-,-,-,-,-,-,-,-,-,-,59.44,1.09%,"56,221"
NNTWK,47.51M,-,2.72%,4.86%,4.67%,1.94,1.94,0.02,0.25,50.40%,7.86%,2.45%,May 14/b,4.00,0.00%,"11,122"
NNTWO,262.87M,-,2.71%,2.81%,2.78%,0.40,0.40,0.00,0.00,-,-,-,-,10.90,0.00%,"81,203"
NNU,70.62B,-,4.96%,31.61%,22.88%,0.66,-,0.19,3.17,-,24.54%,20.16%,Aug 13/a,14.62,-2.66%,"65,672,455"
NNUAG,-,4.63%,-,-,-,-,-,-,-,-,-,-,-,20.40,0.15%,803
NNUAI,632.96M,-,-57.21%,-77.90%,-35.07%,14.21,14.21,0.11,0.11,-165.01%,-3824.76%,-5985.71%,Aug 14/a,5.94,0.17%,"3,513,951"
NNUBD,-,4.14%,-,-,-,-,-,-,-,-,-,-,-,21.47,-0.05%,"120,509"
NNUCL,185.17M,-,-3.09%,-3.26%,-15.46%,15.88,15.88,0.03,0.04,-,-,-,-,6.26,-2.49%,"241,774"
NNUDM,-,4.93%,-,-,-,-,-,-,-,-,-,-,-,40.51,0.82%,"34,882"
NNUDV,-,2.10%,-,-,-,-,-,-,-,-,-,-,-,33.65,0.87%,"1,032"
NNUE,58.86B,0.86%,8.07%,13.52%,10.08%,2.51,1.36,0.29,0.32,15.44%,11.52%,7.96%,Jul 27/a,259.43,1.55%,"844,775"
NNUEM,-,2.95%,-,-,-,-,-,-,-,-,-,-,-,43.14,1.34%,"17,914"
NNUG,-,-,-,-,-,-,-,-,-,-,-,-,-,10.04,-5.78%,"8,341"
NNUGO,-,-,-,-,-,-,-,-,-,-,-,-,-,42.96,0.87%,"17,088"
NNUGT,-,0.39%,-,-,-,-,-,-,-,-,-,-,-,182.76,2.08%,"568,161"
NNUGY,-,106.91%,-,-,-,-,-,-,-,-,-,-,-,12.35,-1.04%,"4,971"
NNUHY,-,6.84%,-,-,-,-,-,-,-,-,-,-,-,20.93,-0.05%,"4,846"
NNUIF,-,-,-,-,-,-,-,-,-,-,-,-,-,24.66,-0.16%,248
NNUKX,-,8.29%,-,-,-,-,-,-,-,-,-,-,-,34.89,-3.38%,"7,871"
NNUKZ,-,0.90%,-,-,-,-,-,-,-,-,-,-,-,64.46,-0.40%,"91,986"
NNULC,-,0.89%,-,-,-,-,-,-,-,-,-,-,-,55.16,0.78%,526
NNULG,-,0.10%,-,-,-,-,-,-,-,-,-,-,-,111.10,0.51%,"60,754"
NNULV,-,1.38%,-,-,-,-,-,-,-,-,-,-,-,53.60,1.03%,"81,355"
NNUMG,-,0.01%,-,-,-,-,-,-,-,-,-,-,-,45.76,1.13%,"16,856"
NNUMI,-,3.63%,-,-,-,-,-,-,-,-,-,-,-,24.17,0.46%,"5,856"
NNUMV,-,1.36%,-,-,-,-,-,-,-,-,-,-,-,44.10,0.82%,"16,863"
NNUR,19.40M,-,-79.75%,-,-3123.98%,0.59,0.34,2.20,69.13,22.27%,-295.11%,-695.13%,-,1.47,4.26%,"753,667"
NNURE,-,4.32%,-,-,-,-,-,-,-,-,-,-,-,30.41,0.28%,"3,666"
NNUS,236.08M,4.95%,-16.87%,-32.53%,-27.51%,1.98,1.24,0.45,0.49,69.19%,5.11%,-15.73%,Aug 10/a,4.85,-0.61%,"421,621"
NNUSA,-,3.92%,-,-,-,-,-,-,-,-,-,-,-,22.81,-0.07%,"3,311"
NNUSB,-,4.19%,-,-,-,-,-,-,-,-,-,-,-,25.18,-0.02%,202
NNUSC,-,0.93%,-,-,-,-,-,-,-,-,-,-,-,50.19,0.78%,"33,304"
NNUTX,1.37B,-,19.93%,57.16%,24.87%,5.00,4.96,0.83,0.88,51.26%,43.02%,21.25%,Aug 06/a,200.24,2.58%,"137,035"
NNUV,1.83B,4.40%,-,-,-,-,-,-,-,-,-,-,-,8.72,0.46%,"579,048"
NNUVB,2.14B,-,-21.53%,-47.81%,-23.07%,8.37,8.14,1.56,1.64,86.91%,-81.00%,-88.19%,Aug 06/b,6.07,-3.34%,"4,318,598"
NNUW,242.16M,4.27%,-,-,-,-,-,-,-,-,-,-,-,13.49,-0.15%,"122,956"
NNUWE,2.82M,-,-123.57%,-609.44%,-,1.97,1.54,-,-,69.69%,-142.87%,-125.57%,Aug 13/b,0.77,0.74%,"141,464"
NNVA,234.43M,-,-13.22%,-16.42%,-12.89%,3.63,3.63,0.03,0.04,-,-,-,Mar 13/b,6.14,0.66%,"386,844"
NNVAX,1.55B,-,-21.62%,-,-241.68%,2.33,2.30,-,-,78.65%,-28.82%,-59.87%,Aug 06/b,9.42,1.29%,"6,121,466"
NNVBT,-,-,-,-,-,-,-,-,-,-,-,-,-,40.60,0.79%,"4,076"
NNVBU,-,-,-,-,-,-,-,-,-,-,-,-,-,31.21,0.77%,"4,432"
NNVBW,-,-,-,-,-,-,-,-,-,-,-,-,-,36.41,0.44%,"2,795"
NNVC,-,-,-,-,-,-,-,-,-,-,-,-,-,29.52,0.03%,94
NNVCR,1.81B,-,-14.56%,-43.22%,-26.00%,2.89,2.70,0.69,0.69,76.13%,-22.08%,-21.25%,Jul 23/b,15.51,1.04%,"1,127,182"
NNVCT,783.13M,-,-122.61%,-233.30%,-333.35%,1.68,1.68,0.00,0.00,-,-,-,Aug 04/b,23.99,6.67%,"221,084"
NNVD,-,21.20%,-,-,-,-,-,-,-,-,-,-,-,3.99,0.25%,"74,580,383"
NNVDA,5260.79B,0.34%,83.68%,117.21%,72.42%,4.59,3.85,0.16,0.17,74.67%,65.21%,63.66%,Aug 26/a,218.29,-0.03%,"89,060,140"
NNVDB,-,1.42%,-,-,-,-,-,-,-,-,-,-,-,31.61,-0.19%,"20,406"
NNVDD,-,4.03%,-,-,-,-,-,-,-,-,-,-,-,30.62,0.23%,"131,288"
NNVDG,-,10.32%,-,-,-,-,-,-,-,-,-,-,-,19.29,-0.19%,"206,452"
NNVDL,-,-,-,-,-,-,-,-,-,-,-,-,-,33.80,-0.18%,"8,853,956"
NNVDQ,-,0.49%,-,-,-,-,-,-,-,-,-,-,-,9.01,0.22%,"3,851,017"
NNVDS,-,20.93%,-,-,-,-,-,-,-,-,-,-,-,18.99,0.16%,"130,505"
NNVDU,-,1.80%,-,-,-,-,-,-,-,-,-,-,-,134.68,-0.07%,"239,866"
NNVDW,-,50.43%,-,-,-,-,-,-,-,-,-,-,-,36.21,0.06%,"50,876"
NNVDX,-,3.01%,-,-,-,-,-,-,-,-,-,-,-,19.08,-0.31%,"3,337,472"
NNVDY,-,54.77%,-,-,-,-,-,-,-,-,-,-,-,12.37,0.16%,"2,265,246"
NNVEC,486.18M,3.98%,28.67%,29.81%,29.79%,23.72,19.28,0.01,0.02,79.26%,62.07%,57.64%,Jul 22/a,100.51,2.96%,"108,869"
NNVG,2.51B,8.16%,-,-,-,-,-,-,-,-,-,-,-,11.62,0.35%,"945,101"
NNVGS,1.42B,1.80%,5.96%,11.42%,6.92%,1.71,1.62,0.63,0.75,32.39%,25.96%,22.80%,Aug 04/a,23.13,0.61%,"246,864"
NNVIB,-,1.65%,-,-,-,-,-,-,-,-,-,-,-,27.37,0.05%,"1,193"
NNVII,-,52.12%,-,-,-,-,-,-,-,-,-,-,-,23.93,0.21%,"96,687"
NNVIR,-,0.74%,-,-,-,-,-,-,-,-,-,-,-,40.61,-0.00%,"2,003"
NNVIT,-,19.49%,-,-,-,-,-,-,-,-,-,-,-,49.97,0.19%,"9,916"
NNVMI,11.82B,-,13.44%,21.11%,17.73%,1.55,1.35,0.04,0.55,57.12%,28.97%,28.84%,Aug 06/b,371.81,1.58%,"353,790"
NNVNI,10.53M,-,-31.62%,-,-,0.15,0.15,-,-,65.03%,7.37%,-56.48%,-,0.90,1.80%,"8,737"
NNVNO,7.29M,-,-53.09%,-58.53%,-75.69%,11.70,11.70,0.00,0.02,-,-,-,Jul 31/b,10.49,-5.67%,"55,590"
NNVO,144.11B,4.22%,21.81%,60.35%,34.67%,0.87,0.66,0.55,0.63,80.65%,45.38%,35.36%,Aug 04/a,43.07,-2.14%,"11,029,070"
NNVOC,-,-,-,-,-,-,-,-,-,-,-,-,-,18.62,-4.79%,11
NNVOH,-,7.24%,-,-,-,-,-,-,-,-,-,-,-,23.43,-2.20%,285
NNVOX,-,-,-,-,-,-,-,-,-,-,-,-,-,12.39,-4.55%,"372,661"
NNVPS,-,-,-,-,-,-,-,-,-,-,-,-,-,23.07,2.08%,59
NNVR,16.42B,-,20.01%,31.54%,25.69%,3.38,1.21,0.31,0.31,20.40%,13.01%,12.22%,Jul 23/b,6160.76,1.19%,"37,222"
NNVRI,628.92M,-,-,-,-,1.43,1.19,0.63,0.66,-,-,-,Aug 11/b,22.31,0.45%,"199,257"
NNVS,251.08B,3.23%,11.27%,30.56%,15.82%,0.86,0.67,0.94,1.18,74.08%,29.58%,23.29%,Jul 21/b,137.16,-0.23%,"2,353,808"
NNVST,4.10B,-,1.69%,3.06%,2.05%,2.43,2.07,0.50,0.52,55.86%,10.61%,3.33%,Aug 05/a,25.55,-1.24%,"3,987,691"
NNVT,26.28B,0.42%,8.51%,15.75%,10.65%,1.80,1.33,0.40,0.41,36.97%,17.40%,12.28%,Jul 31/b,162.38,4.65%,"1,723,286"
NNVTC,-,-,-,-,-,-,-,-,-,-,-,-,-,11.98,7.73%,"1,837"
NNVTS,3.04B,-,-48.84%,-52.60%,-38.92%,21.79,21.09,0.00,0.01,-13.71%,-269.30%,-856.86%,Jul 27/a,11.63,4.30%,"6,988,085"
NNVTX,-,21.87%,-,-,-,-,-,-,-,-,-,-,-,16.08,7.34%,"168,255"
NNVX,74.32M,-,-38.24%,-65.99%,-51.70%,0.97,0.97,0.23,0.63,-434.25%,-1740.00%,-3478.95%,Aug 31/b,2.98,2.41%,"14,698"
NNVYY,-,111.57%,-,-,-,-,-,-,-,-,-,-,-,11.58,-0.90%,"28,891"
NNWAX,504.22M,-,-,-,1.26%,0.39,0.39,0.00,0.00,-,-,-,-,10.12,-0.13%,"105,993"
NNWBI,2.27B,5.16%,0.97%,8.57%,6.21%,0.03,-,0.28,0.44,-,25.03%,16.25%,Jul 27/a,15.49,0.00%,"870,760"
NNWE,4.26B,3.87%,2.04%,5.94%,2.70%,0.83,0.58,1.19,1.24,59.19%,18.84%,10.13%,Jul 29/a,69.24,-1.10%,"291,094"
NNWFL,376.34M,3.68%,1.09%,11.20%,8.15%,0.06,-,0.22,0.23,-,26.80%,18.69%,Jul 22/b,34.52,0.29%,"35,376"
NNWG,74.99B,5.32%,0.81%,16.07%,3.53%,1.62,-,3.45,4.29,-,27.46%,19.60%,Jul 31/b,18.89,2.55%,"2,469,640"
NNWGL,21.55M,-,-23.32%,-99.93%,-153.56%,1.31,1.08,0.01,1.61,9.60%,-19.89%,-40.16%,-,1.25,-6.02%,"117,094"
NNWL,2.49B,4.95%,-1.96%,-8.59%,-2.98%,1.11,0.59,2.02,2.26,35.47%,8.36%,-3.05%,Jul 31/b,5.85,-0.34%,"5,528,172"
NNWN,2.04B,4.07%,2.06%,8.35%,3.14%,0.77,0.55,1.57,1.73,43.75%,35.65%,9.75%,Aug 05/b,48.44,-1.26%,"224,210"
NNWPX,1.01B,-,7.83%,12.22%,9.54%,2.71,1.94,0.22,0.24,20.88%,11.47%,8.49%,Jul 29/a,104.64,0.97%,"95,363"
NNWS,16.52B,0.62%,3.69%,6.62%,5.05%,1.62,1.51,0.33,0.34,51.50%,12.64%,6.35%,Aug 05/a,32.71,-0.21%,"987,633"
NNWSA,16.52B,0.68%,3.69%,6.62%,5.05%,1.62,1.51,0.33,0.34,51.50%,12.64%,6.35%,Aug 05/a,29.44,0.20%,"3,480,178"
NNWTG,6.89M,-,-197.78%,-2023.16%,-,0.35,0.25,-,-,50.22%,-114.81%,-124.40%,Aug 14/a,1.27,-1.55%,"9,024"
NNX,988.47M,1.48%,2.30%,6.20%,2.94%,2.23,1.21,1.07,1.13,21.29%,5.96%,2.43%,Sep 03/a,21.57,2.28%,"597,775"
NNXAT,3.70M,-,-,-,-,-,-,-,-,-,-,-,-,1.37,4.20%,"79,821"
NNXB,57.07M,-,-11.98%,-127.29%,-25.00%,1.04,0.16,1.63,6.63,3.05%,-3.55%,-5.36%,Aug 13/a,2.27,-2.16%,"14,198"
NNXDR,878.15M,-,-6.39%,-7.24%,-7.09%,13.27,13.27,0.05,0.07,83.62%,-16.62%,-11.08%,Aug 04/a,2.27,1.79%,"1,568,977"
NNXDT,282.52M,8.46%,-6.24%,-9.12%,-7.90%,0.30,0.30,0.19,0.39,23.61%,-52.40%,-96.24%,-,5.32,0.00%,"105,300"
NNXE,6.60B,-,-12.65%,-17.98%,-14.19%,1.46,1.46,0.00,0.33,-,-,-,Aug 05/b,9.85,-3.53%,"4,570,396"
NNXG,411.99M,11.85%,-,-,-,-,-,-,-,-,-,-,-,56.19,0.57%,"41,644"
NNXGL,3.59M,-,-34.21%,-128.59%,-53.83%,0.43,0.27,1.32,1.51,34.73%,-44.77%,-51.26%,Aug 14/b,0.29,0.34%,"90,051"
NNXH,341.88M,-,-16.39%,-47.04%,-26.11%,0.76,0.59,0.45,0.71,23.71%,-7.34%,-7.13%,Aug 04/a,3.58,0.85%,"2,197,587"
NNXL,4.00M,-,-187.89%,-240.25%,-591.60%,1.25,1.10,0.00,0.00,-931.75%,-4202.54%,-4139.38%,Jun 03,4.82,-1.03%,"14,614"
NNXP,866.47M,4.71%,-,-,-,-,-,-,-,-,-,-,-,13.75,-0.58%,"322,120"
NNXPG,-,-,-,-,-,-,-,-,-,-,-,-,-,7.78,8.72%,"8,823"
NNXPI,59.67B,1.77%,11.46%,28.38%,13.92%,2.04,1.36,0.88,0.96,55.15%,28.70%,22.56%,Jul 28/a,236.62,4.48%,"3,124,891"
NNXPL,24.42M,-,-28.78%,-43.10%,-48.85%,2.29,1.92,0.07,0.10,4.28%,-13.80%,-20.38%,Aug 13/b,9.00,-0.88%,"3,095"
NNXPX,-,-,-,-,-,-,-,-,-,-,-,-,-,11.76,8.66%,439
NNXRT,584.62M,9.30%,-1.70%,-9.78%,-1.73%,2.60,2.60,5.83,5.83,56.06%,11.11%,-12.60%,Aug 04/b,22.79,0.84%,"548,464"
NNXST,5.21B,4.38%,1.14%,7.34%,1.19%,1.56,1.56,5.17,5.34,40.64%,18.01%,2.83%,Aug 06/b,169.09,-0.52%,"332,278"
NNXT,12.58B,-,15.53%,27.22%,22.89%,2.69,2.43,0.02,0.02,32.99%,19.70%,16.36%,Jul 30/a,82.89,1.89%,"2,078,689"
NNXTC,32.04M,-,-121.60%,-195.22%,-271.38%,3.47,3.47,0.30,0.35,-,-,-,Aug 06/a,7.00,-4.24%,"115,759"
NNXTE,-,0.53%,-,-,-,-,-,-,-,-,-,-,-,47.87,1.67%,740
NNXTG,-,1.18%,-,-,-,-,-,-,-,-,-,-,-,156.05,2.38%,"11,078"
NNXTI,-,0.54%,-,-,-,-,-,-,-,-,-,-,-,35.93,1.20%,656
NNXTS,2.35M,-,-79.42%,-93.11%,-316.15%,3.72,3.72,0.11,0.23,63.56%,-2641.93%,-3208.23%,-,1.62,-4.14%,"7,292"
NNXTT,7.85M,-,-53.14%,-59.40%,-62.72%,175.57,175.57,0.00,0.00,16.94%,-703.80%,-2355.98%,-,5.33,10.35%,"85,519"
NNXUS,-,2.57%,-,-,-,-,-,-,-,-,-,-,-,24.33,0.16%,"76,802"
NNXXT,24.54M,-,-307.26%,-,-,0.18,0.16,-,-,5.09%,-41.89%,-62.16%,Aug 13/a,0.15,-4.89%,"3,525,677"
NNYAX,1.76B,-,1.01%,3.52%,1.32%,2.12,2.03,1.43,1.46,44.37%,4.32%,1.74%,Aug 10/b,47.20,-0.43%,"17,545"
NNYC,19.61M,-,2.86%,29.37%,3.67%,9.60,9.60,5.68,6.62,-13.74%,-39.15%,35.78%,Aug 12/b,6.20,-1.74%,"4,283"
NNYF,-,3.25%,-,-,-,-,-,-,-,-,-,-,-,51.58,0.30%,"2,097,827"
NNYM,-,2.51%,-,-,-,-,-,-,-,-,-,-,-,24.46,0.25%,"99,666"
NNYNY,-,-,-,-,-,-,-,-,-,-,-,-,-,27.29,0.52%,133
NNYSX,-,0.05%,-,-,-,-,-,-,-,-,-,-,-,127.52,1.12%,"2,156"
NNYT,10.79B,1.35%,13.57%,19.72%,19.19%,1.58,1.58,0.00,0.00,48.59%,16.82%,13.19%,Aug 05/b,66.88,0.47%,"1,402,213"
NNYXH,156.83M,37.40%,-67.96%,-123.53%,-81.97%,2.37,2.29,0.44,0.72,30.34%,-393.88%,-443.15%,Aug 05/a,1.54,2.67%,"179,477"
NNYYY,-,6.10%,-,-,-,-,-,-,-,-,-,-,-,43.78,0.09%,"2,359"
NNZAC,-,2.02%,-,-,-,-,-,-,-,-,-,-,-,46.66,0.89%,"74,682"
NNZF,2.26B,8.33%,-,-,-,-,-,-,-,-,-,-,-,11.52,0.17%,"914,946"
OO,56.30B,5.48%,1.71%,3.22%,1.82%,0.50,0.50,0.76,0.83,50.82%,45.61%,20.88%,Aug 05/a,59.50,-0.12%,"6,398,124"
OOABI,591.74M,-,-15.11%,-16.95%,-16.09%,4.80,4.72,0.06,0.07,36.40%,-125.96%,-115.12%,Aug 06/a,4.07,3.04%,"1,315,827"
OOACC,265.00M,-,3.33%,3.47%,3.41%,0.73,0.73,0.00,0.00,-,-,-,-,10.75,-0.14%,44
OOACP,-,4.43%,-,-,-,-,-,-,-,-,-,-,-,22.10,-0.07%,"33,519"
OOAEM,-,0.57%,-,-,-,-,-,-,-,-,-,-,-,49.75,0.88%,"30,252"
OOAIM,-,0.84%,-,-,-,-,-,-,-,-,-,-,-,48.70,1.53%,"16,035"
OOAIW,-,-,-,-,-,-,-,-,-,-,-,-,-,24.87,1.51%,"8,093"
OOAKG,-,0.04%,-,-,-,-,-,-,-,-,-,-,-,27.07,0.58%,"1,230"
OOAKI,-,0.04%,-,-,-,-,-,-,-,-,-,-,-,26.59,0.34%,"2,895"
OOAKM,-,0.61%,-,-,-,-,-,-,-,-,-,-,-,31.07,0.83%,"118,066"
OOALC,-,0.52%,-,-,-,-,-,-,-,-,-,-,-,41.30,0.96%,"13,353"
OOARK,-,57.79%,-,-,-,-,-,-,-,-,-,-,-,28.96,0.75%,"7,468"
OOASC,-,0.46%,-,-,-,-,-,-,-,-,-,-,-,34.15,0.80%,"11,590"
OOBA,326.84M,-,3.52%,3.69%,3.70%,5.25,5.25,0.00,0.00,-,-,-,-,10.33,0.10%,32
OOBAI,9.87M,-,-,-,-,0.88,0.88,-,-,0.30%,-151.52%,-169.59%,Aug 14/b,0.33,4.34%,"818,170"
OOBDC,5.46B,11.89%,1.76%,3.92%,1.93%,1.42,1.42,1.12,1.12,75.01%,54.12%,18.52%,Aug 05/a,11.08,0.18%,"2,117,203"
OOBE,865.49M,-,1.43%,2.00%,1.61%,0.78,0.78,0.27,0.27,29.10%,21.99%,5.10%,Jul 30/b,12.97,1.81%,"1,389,184"
OOBIL,-,3.93%,-,-,-,-,-,-,-,-,-,-,-,49.94,-0.02%,"35,209"
OOBIO,367.84M,-,-74.47%,-397.30%,-59.40%,8.26,8.24,2.38,2.41,98.64%,-181.36%,-186.30%,Aug 10/a,6.12,5.34%,"464,460"
OOBK,1.68B,1.70%,1.00%,8.02%,7.65%,0.07,-,0.02,0.12,-,19.81%,16.44%,Jul 22/a,54.43,0.31%,"139,938"
OOBND,-,6.49%,-,-,-,-,-,-,-,-,-,-,-,25.17,-0.11%,"14,577"
OOBOR,-,1.81%,-,-,-,-,-,-,-,-,-,-,-,28.39,0.37%,"2,080"
OOBT,513.26M,1.78%,1.75%,16.95%,13.89%,0.22,-,0.11,0.11,-,33.30%,29.88%,Jul 28/a,38.28,0.00%,"54,327"
OOBTC,-,-,-,-,-,-,-,-,-,-,-,-,-,24.83,0.31%,662
OOBX,1.10B,-,432.24%,-,397.65%,2.30,2.30,0.03,0.10,-,-,-,Aug 12,17.80,3.73%,"392,799"
OOC,10.43B,2.35%,-3.15%,-9.60%,-7.97%,1.16,0.67,1.23,1.52,26.51%,14.92%,-6.81%,Aug 05/b,131.90,3.46%,"1,582,967"
OOCAC,131.24M,-,-,-,-,0.01,0.01,-,-,-,-,-,-,9.98,0.10%,"1,634"
OOCC,129.27M,-,6.03%,11.22%,9.02%,2.17,0.77,0.17,0.46,34.22%,4.23%,3.10%,Sep 09/b,14.62,2.38%,"226,263"
OOCCI,76.96M,37.79%,-,-,-,-,-,-,-,-,-,-,-,2.62,0.00%,"72,020"
OOCDB,-,-,-,-,-,-,-,-,-,-,-,-,-,26.41,0.78%,6
OOCFC,1.85B,4.28%,0.26%,2.36%,1.02%,0.03,-,0.95,0.98,-,16.87%,6.38%,Jul 30/a,18.78,0.21%,"964,681"
OOCG,2.97M,-,-6.45%,-6.74%,-5.97%,30.14,29.84,0.00,0.00,85.66%,-203.48%,-204.25%,-,1.53,1.32%,"32,566"
OOCGN,345.89M,-,-92.03%,-660.00%,-,0.80,0.80,-,-,43.36%,-1504.43%,-1786.27%,Aug 06/b,1.02,-0.49%,"6,471,092"
OOCIO,-,2.01%,-,-,-,-,-,-,-,-,-,-,-,37.88,0.67%,610
OOCLT,-,-,-,-,-,-,-,-,-,-,-,-,-,9.90,-,"86,360"
OOCNL,-,-,-,-,-,-,-,-,-,-,-,-,-,22.13,-13.63%,"2,242"
OOCS,650.37M,-,-37.11%,-44.24%,-36.45%,8.35,8.35,0.01,0.01,-,-,-,Aug 06/a,10.56,-6.63%,"226,616"
OOCSL,1.12B,11.19%,1.45%,2.95%,1.76%,0.22,0.22,0.73,1.04,83.05%,61.45%,17.79%,Aug 05/b,12.67,0.72%,"360,608"
OOCTB,-,-,-,-,-,-,-,-,-,-,-,-,-,27.95,0.45%,853
OOCTH,-,6.35%,-,-,-,-,-,-,-,-,-,-,-,24.24,0.06%,"1,222"
OOCTJ,-,5.24%,-,-,-,-,-,-,-,-,-,-,-,24.16,0.02%,"1,063"
OOCTM,-,-,-,-,-,-,-,-,-,-,-,-,-,34.10,0.14%,"7,469"
OOCTP,-,-,-,-,-,-,-,-,-,-,-,-,-,33.23,0.55%,"4,821"
OOCTT,-,-,-,-,-,-,-,-,-,-,-,-,-,48.00,0.65%,523
OOCTU,-,-,-,-,-,-,-,-,-,-,-,-,-,30.84,0.90%,574
OOCTV,4.76B,-,-,-,-,1.03,1.03,0.13,0.14,-,-,-,Aug 12/b,17.73,2.78%,"2,629,660"
OOCTW,-,-,-,-,-,-,-,-,-,-,-,-,-,41.82,0.29%,"11,204"
OOCTZ,-,2.01%,-,-,-,-,-,-,-,-,-,-,-,46.34,0.78%,357
OOCUL,2.30B,-,-53.70%,-72.99%,-50.55%,13.11,13.03,0.15,0.15,87.11%,-603.04%,-579.10%,Aug 03/b,10.49,-1.22%,"2,638,751"
OODC,1.16B,0.94%,13.66%,19.98%,15.88%,3.28,2.40,0.17,0.19,26.68%,13.35%,10.85%,Oct 08/a,86.54,0.39%,"116,276"
OODD,843.16M,-,1.49%,5.10%,1.90%,3.45,2.11,2.28,2.30,70.01%,-1.14%,2.23%,Sep 09/b,18.28,14.18%,"3,668,365"
OODDS,-,0.72%,-,-,-,-,-,-,-,-,-,-,-,25.65,2.10%,348
OODDZ,-,-,-,-,-,-,-,-,-,-,-,-,-,24.19,1.10%,241
OODFL,37.28B,0.65%,19.30%,24.82%,23.95%,1.89,1.89,0.00,0.00,32.30%,25.99%,19.44%,Jul 29/b,179.79,-0.42%,"1,288,408"
OODHY,-,5.26%,-,-,-,-,-,-,-,-,-,-,-,9.86,0.00%,12
OODTE,-,6.35%,-,-,-,-,-,-,-,-,-,-,-,25.18,0.80%,"4,140"
OODTX,1.18B,-,-,-,-,11.36,11.36,0.05,0.06,-,-,-,Sep 02,24.63,4.19%,"198,242"
OODYS,69.84M,-,-62.83%,-72.81%,-103.19%,5.82,5.75,0.01,0.05,34.86%,-1743.67%,-1669.72%,Aug 13/b,3.45,-0.29%,"5,358"
OOEC,327.83M,1.39%,-4.80%,-22.74%,-9.32%,1.03,0.64,1.72,2.66,18.40%,3.85%,-5.28%,Aug 05/a,5.80,0.17%,"354,464"
OOEF,-,0.85%,-,-,-,-,-,-,-,-,-,-,-,380.35,0.84%,"202,795"
OOEFA,-,1.49%,-,-,-,-,-,-,-,-,-,-,-,35.09,1.06%,"16,505"
OOEI,-,7.27%,-,-,-,-,-,-,-,-,-,-,-,26.60,0.88%,"62,097"
OOESX,111.43M,-,0.08%,0.27%,0.15%,1.54,1.13,0.45,0.51,33.63%,1.60%,0.04%,Aug 05/b,27.25,-4.02%,"124,456"
OOFAL,14.03M,-,-,-,-,0.25,0.25,0.24,0.27,-,-,-,-,0.59,-8.22%,"476,287"
OOFG,2.23B,2.66%,1.81%,16.08%,15.47%,0.11,-,0.01,0.41,-,27.43%,23.99%,Jul 21/b,52.66,0.19%,"256,466"
OOFIX,363.74M,-,-7.22%,-13.91%,-8.97%,2.84,1.67,0.60,0.61,69.84%,-4.34%,-7.41%,Aug 05/b,8.93,2.76%,"436,086"
OOFLX,258.21M,5.32%,11.65%,14.27%,13.80%,5.63,4.58,0.05,0.06,52.23%,14.00%,12.27%,Aug 12/a,25.58,0.27%,"24,750"
OOFRM,679.41M,-,-6.51%,-16.01%,-6.12%,4.01,2.90,0.00,0.00,41.18%,-6.36%,-3.30%,Aug 06/a,16.18,1.83%,"377,523"
OOFS,51.72M,17.62%,-6.34%,-17.15%,-7.50%,0.74,0.74,1.63,1.63,41.51%,-34.73%,-171.24%,Jul 30/a,3.86,-0.77%,"30,973"
OOGC,6.72B,0.99%,27.12%,37.90%,33.66%,1.63,1.24,0.01,0.02,51.61%,44.31%,35.14%,Aug 05/a,30.19,0.60%,"263,620"
OOGE,9.62B,3.67%,3.25%,9.70%,4.41%,0.77,0.47,1.12,1.17,44.81%,24.24%,14.43%,Jul 29/b,46.55,-0.09%,"1,610,145"
OOGEN,2.16M,-,-264.23%,-1307.06%,-274.70%,3.01,3.01,0.00,0.00,-,-,-,-,0.48,-5.03%,"67,022"
OOGG,865.53M,-,4.58%,7.79%,6.20%,3.58,3.53,0.40,0.41,21.45%,-51.88%,148.73%,-,2.83,0.35%,"619,045"
OOGI,148.06M,-,12.56%,19.95%,17.27%,2.61,1.07,0.05,0.06,4.11%,-30.10%,27.86%,Aug 11/b,1.05,-1.87%,"463,877"
OOGIG,-,0.08%,-,-,-,-,-,-,-,-,-,-,-,48.64,0.41%,"12,310"
OOGN,3.58B,0.59%,1.57%,24.04%,2.20%,1.95,1.44,8.43,8.50,53.09%,19.41%,3.41%,Aug 11,13.64,0.07%,"1,728,349"
OOGS,4.86B,3.52%,3.36%,8.58%,4.90%,0.48,0.30,0.66,0.96,24.72%,20.65%,12.47%,Aug 04/a,77.34,-1.05%,"551,025"
OOGSP,-,5.89%,-,-,-,-,-,-,-,-,-,-,-,9.94,-0.05%,212
OOHAC,250.10M,-,-,-,-,0.63,0.63,0.00,0.00,-,-,-,-,9.98,-0.30%,123
OOHI,14.24B,5.74%,8.20%,16.24%,8.95%,2.46,2.46,0.75,0.75,72.24%,63.30%,65.26%,Jul 29/a,46.99,0.09%,"3,068,045"
OOI,1.00B,-,-13.35%,-142.43%,-22.28%,1.26,0.77,12.51,13.02,14.37%,9.79%,-18.13%,Jul 28/a,6.53,-1.51%,"3,014,606"
OOIA,280.40M,5.95%,-,-,-,-,-,-,-,-,-,-,-,5.85,-0.68%,"129,282"
OOIH,-,1.16%,-,-,-,-,-,-,-,-,-,-,-,420.67,0.11%,"234,408"
OOII,5.08B,-,13.96%,34.90%,18.70%,2.18,1.90,0.61,0.71,19.82%,10.37%,12.19%,Jul 22/a,51.09,1.03%,"1,142,474"
OOILD,-,-,-,-,-,-,-,-,-,-,-,-,-,26.83,-0.74%,"147,974"
OOILK,-,12.44%,-,-,-,-,-,-,-,-,-,-,-,56.88,-0.72%,"199,294"
OOILT,-,2.34%,-,-,-,-,-,-,-,-,-,-,-,33.24,0.11%,967
OOILU,-,-,-,-,-,-,-,-,-,-,-,-,-,56.13,-0.27%,"99,104"
OOIM,366.07M,-,-,-,1.52%,4.55,4.55,0.00,0.00,-,-,-,-,10.13,-0.10%,162
OOIO,692.56M,-,-18.40%,-33.54%,-30.70%,0.19,0.15,0.13,0.41,-24.76%,-84.68%,-81.64%,-,1.99,18.45%,"154,517"
OOIS,524.20M,-,-11.82%,-17.04%,-17.73%,2.35,1.29,0.05,0.06,13.73%,0.35%,-16.78%,Jul 30/b,8.69,1.16%,"401,619"
OOKE,60.91B,4.46%,5.49%,16.33%,6.81%,0.74,0.59,1.34,1.44,17.16%,16.12%,9.22%,Aug 03/a,96.62,0.94%,"2,810,912"
OOKLC,-,-,-,-,-,-,-,-,-,-,-,-,-,10.38,-18.43%,"45,999"
OOKLL,-,-,-,-,-,-,-,-,-,-,-,-,-,9.50,-18.38%,"5,885,518"
OOKLO,6.74B,-,-7.47%,-7.70%,-4.66%,48.46,48.46,0.00,0.00,-23.47%,-17969.75%,-12625.54%,Aug 07/b,36.22,-9.18%,"22,594,918"
OOKTA,29.11B,-,3.17%,4.31%,4.21%,1.44,1.44,0.01,0.01,78.13%,7.68%,9.63%,Aug 26/a,166.50,-2.69%,"2,744,788"
OOKTG,-,-,-,-,-,-,-,-,-,-,-,-,-,37.47,-5.58%,"18,218"
OOKUR,125.54M,-,-44.24%,-46.91%,-33.99%,26.75,26.75,0.00,0.01,-,-,-,Aug 04/a,3.10,-5.20%,"253,653"
OOKYO,73.47M,-,-72.60%,-263.78%,-72.55%,2.43,2.43,0.00,0.00,-,-,-,Jun 03,1.40,-2.10%,"53,744"
OOLB,6.78M,-,-36.42%,-70.79%,-67.11%,0.40,0.40,0.00,0.03,-32.73%,-73.32%,-68.24%,Aug 14/b,0.28,-4.31%,"2,968,647"
OOLED,3.84B,2.43%,10.24%,11.51%,11.50%,8.50,6.25,0.01,0.01,71.89%,34.40%,32.24%,Jul 30/a,83.56,2.96%,"987,637"
OOLLI,4.37B,-,9.39%,14.86%,10.85%,2.23,0.52,0.33,0.38,40.04%,13.03%,9.79%,Sep 02/b,73.56,2.28%,"1,325,237"
OOLMA,894.23M,-,-47.10%,-52.74%,-47.18%,8.86,8.86,0.01,0.01,-,-,-,Aug 10/a,10.22,-4.40%,"1,013,488"
OOLN,1.96B,4.65%,-1.84%,-7.59%,-2.76%,1.42,0.87,1.95,1.99,7.02%,0.62%,-2.08%,Jul 30/a,17.20,-0.64%,"2,378,834"
OOLOX,1.44M,-,-29.53%,-80.78%,-48.32%,0.13,0.12,0.86,1.36,-148.99%,-353.18%,-437.62%,-,0.87,-0.58%,"226,813"
OOLP,506.34M,7.76%,4.17%,11.45%,4.17%,1.24,1.24,1.74,1.79,50.44%,34.29%,32.01%,Aug 05/a,23.20,-0.13%,"67,690"
OOM,60.27M,-,-27.97%,-59.17%,-37.48%,5.19,4.11,1.06,1.08,41.76%,-55.82%,-63.06%,Aug 06/a,3.21,-1.83%,"89,070"
OOMAB,4.15B,5.74%,17.57%,61.97%,27.32%,0.66,0.66,1.12,1.57,60.63%,55.09%,33.17%,Jul 27/a,98.73,0.61%,"92,435"
OOMAH,-,15.34%,-,-,-,-,-,-,-,-,-,-,-,18.31,0.94%,"680,475"
OOMC,21.68B,4.41%,0.99%,5.52%,1.86%,0.92,0.92,1.18,1.18,17.00%,14.30%,1.74%,Jul 28/a,79.01,-0.55%,"1,952,330"
OOMCL,1.50B,-,1.89%,3.06%,2.64%,1.61,1.40,0.15,0.15,44.77%,4.73%,3.13%,Jul 30/b,32.79,1.67%,"483,646"
OOMDA,1.20B,-,1.36%,1.84%,1.70%,3.85,3.80,0.00,0.00,68.08%,-0.15%,1.39%,Aug 06/a,19.66,-8.56%,"1,647,695"
OOMER,1.32B,-,47.82%,-,67.05%,1.95,1.94,-,-,94.02%,-189.53%,324.88%,Aug 12/a,18.28,-1.67%,"1,014,308"
OOMEX,43.73M,-,-264.64%,-,-,0.12,0.12,-,-,-1501.88%,-11369.99%,-21426.84%,-,0.75,0.42%,"145,221"
OOMF,7.22B,6.70%,2.89%,23.28%,2.99%,53.78,53.78,6.73,6.73,84.18%,44.06%,12.17%,Jul 29/b,62.75,1.11%,"716,972"
OOMFL,-,0.80%,-,-,-,-,-,-,-,-,-,-,-,69.80,0.85%,"105,182"
OOMFS,-,1.11%,-,-,-,-,-,-,-,-,-,-,-,51.55,0.29%,"5,849"
OOMH,4.13M,-,-90.74%,-126.37%,-250.77%,4.84,4.84,0.00,0.00,25.15%,-42.82%,-101.52%,-,2.16,-4.00%,"70,209"
OOMSE,191.02M,-,-,-,16.54%,6.65,6.08,0.03,0.03,30.29%,22.36%,20.66%,Jun 25/a,4.50,1.58%,"46,044"
OON,29.64B,-,4.74%,8.31%,5.68%,3.46,2.49,0.54,0.65,37.13%,18.16%,10.17%,Aug 03/a,76.14,8.51%,"11,291,505"
OONB,9.82B,2.25%,1.22%,10.61%,6.84%,0.04,-,0.51,1.01,-,30.14%,21.20%,Jul 22/b,25.66,0.23%,"3,941,442"
OONC,36.13B,-,8.49%,14.70%,9.50%,3.40,3.06,0.34,0.40,86.76%,15.06%,10.70%,Aug 05/b,346.51,1.38%,"307,784"
OONCH,222.52M,-,6.41%,6.75%,3.37%,1.54,1.54,0.00,0.00,-,-,-,-,10.32,0.00%,"3,188"
OONCO,2.99M,-,-57.37%,-102.87%,-75.63%,2.21,2.14,0.00,0.01,80.40%,-1190.29%,-1578.79%,-,0.76,-3.30%,"166,419"
OONCY,95.06M,-,-277.89%,-11838.99%,-,1.35,1.35,-,-,-,-,-,Aug 12/b,0.75,-3.43%,"1,203,783"
OOND,-,-,-,-,-,-,-,-,-,-,-,-,-,33.65,0.60%,20
OONDC,-,-,-,-,-,-,-,-,-,-,-,-,-,17.43,-1.07%,60
OONDG,-,-,-,-,-,-,-,-,-,-,-,-,-,2.09,-1.42%,"2,141,856"
OONDL,-,-,-,-,-,-,-,-,-,-,-,-,-,5.24,-0.95%,"553,684"
OONDS,4.13B,-,4.05%,7.66%,3.97%,9.85,9.39,0.02,0.03,25.82%,-127.28%,34.08%,Aug 13/b,7.23,-0.28%,"42,170,112"
OONDU,-,-,-,-,-,-,-,-,-,-,-,-,-,3.38,-0.44%,"23,763"
OONEG,16.48M,-,-,-,-58.81%,2.54,2.54,71.25,74.75,-14.45%,-26.60%,-26.80%,-,1.03,0.00%,"34,672"
OONEH,-,-,-,-,-,-,-,-,-,-,-,-,-,24.50,0.14%,"4,095"
OONEO,-,1.18%,-,-,-,-,-,-,-,-,-,-,-,153.16,0.84%,80
OONEQ,-,0.52%,-,-,-,-,-,-,-,-,-,-,-,103.78,0.88%,"301,485"
OONEV,-,1.83%,-,-,-,-,-,-,-,-,-,-,-,145.78,0.55%,"3,379"
OONEW,178.82M,-,-8.57%,-35.89%,-17.06%,1.22,0.34,1.50,3.06,22.52%,3.85%,-6.72%,Jul 30/b,10.73,-2.28%,"89,225"
OONEY,-,2.79%,-,-,-,-,-,-,-,-,-,-,-,131.65,0.47%,"5,080"
OONEZ,-,3.68%,-,-,-,-,-,-,-,-,-,-,-,27.98,0.65%,"19,120"
OONFO,2.07M,-,-99.68%,-250.70%,-,0.09,0.08,-,-,42.71%,-34.69%,-108.36%,Aug 20/b,0.85,-5.92%,"110,821"
OONG,-,-,-,-,-,-,-,-,-,-,-,-,-,4.53,16.96%,"39,371"
OONIT,286.89M,-,0.98%,23.78%,1.31%,0.87,0.69,15.39,16.44,93.36%,30.86%,11.45%,Aug 06/b,34.34,-0.69%,"76,604"
OONL,146.03M,3.13%,-7.73%,-13.79%,-8.66%,3.93,3.93,0.71,0.71,20.16%,5.95%,-65.60%,Aug 06/a,2.56,-0.39%,"208,683"
OONLN,-,0.30%,-,-,-,-,-,-,-,-,-,-,-,56.22,1.19%,"3,138"
OONMD,38.69M,-,-459.66%,-,-,0.28,0.28,-,-,-71.22%,-695.74%,-584.20%,Apr 06/b,0.65,-2.09%,"132,711"
OONOF,-,0.86%,-,-,-,-,-,-,-,-,-,-,-,40.81,1.06%,"8,849"
OONON,9.03B,-,13.85%,24.23%,16.85%,2.83,2.25,0.25,0.32,64.82%,13.79%,12.31%,Aug 11/b,27.41,2.09%,"7,520,770"
OONT,643.70M,-,-1.14%,-2.39%,-1.36%,2.00,2.00,0.91,0.97,33.92%,1.05%,-1.44%,Aug 05/a,18.33,0.94%,"481,190"
OONTO,13.80B,-,4.54%,6.82%,3.91%,9.73,8.33,0.77,0.77,49.36%,19.84%,11.84%,Aug 06/a,281.26,4.59%,"796,842"
OONTX,-,-,-,-,-,-,-,-,-,-,-,-,-,15.66,8.04%,"1,676"
OONX,-,-,-,-,-,-,-,-,-,-,-,-,-,7.18,16.83%,"115,974"
OOOMA,628.45M,-,5.81%,11.72%,7.13%,0.81,0.52,0.56,0.62,61.47%,4.81%,3.57%,Aug 26/a,22.77,0.44%,"435,625"
OOOSP,-,6.37%,-,-,-,-,-,-,-,-,-,-,-,10.08,-0.11%,904
OOPAD,18.36M,-,-18.61%,-128.86%,-61.69%,1.44,0.46,0.73,3.04,7.42%,-7.75%,-9.85%,Aug 03/a,3.80,0.80%,"23,110"
OOPAL,330.16M,-,1.92%,2839.33%,4.26%,1.82,1.68,15.67,16.38,22.89%,2.13%,-0.13%,Aug 10/b,1.89,3.85%,"269,581"
OOPBK,229.36M,3.65%,1.09%,12.81%,8.32%,0.08,-,0.46,0.46,-,23.38%,16.87%,Jul 23/a,15.36,0.66%,"61,888"
OOPCH,3.52B,-,6.20%,16.00%,8.39%,1.47,0.98,0.98,1.01,17.87%,5.86%,3.68%,Jul 29/b,23.48,-0.63%,"1,726,503"
OOPEG,-,-,-,-,-,-,-,-,-,-,-,-,-,1.38,-1.43%,"65,884"
OOPEN,2.71B,-,-51.84%,-196.89%,-76.39%,2.94,1.04,1.18,2.15,8.64%,-15.73%,-46.74%,Aug 04/a,2.79,-0.36%,"28,860,421"
OOPER,-,3.87%,-,-,-,-,-,-,-,-,-,-,-,100.17,0.03%,"5,069"
OOPEX,-,-,-,-,-,-,-,-,-,-,-,-,-,5.40,-0.92%,"87,534"
OOPFI,679.96M,-,14.09%,47.58%,14.40%,10.00,10.00,0.71,0.71,96.13%,39.30%,16.64%,Aug 10/a,7.98,5.14%,"978,445"
OOPHC,114.49M,-,1.71%,16.68%,13.58%,0.44,-,0.12,0.31,-,32.77%,24.73%,Jul 24/b,9.07,0.00%,"65,930"
OOPI,369.70M,-,-36.07%,-135.72%,-48.49%,24.17,24.17,3.32,3.36,35.44%,7.02%,-243.21%,Aug 05/a,16.84,4.47%,"39,842"
OOPK,1.17B,-,-3.83%,-5.88%,-4.67%,3.35,2.93,0.32,0.34,27.75%,-28.56%,-12.40%,Jul 27/a,1.57,5.37%,"5,180,777"
OOPLN,4.33B,-,3.77%,10.11%,8.46%,1.17,1.17,0.37,1.57,41.45%,16.96%,-4.11%,Aug 04/b,35.28,1.47%,"1,105,014"
OOPP,183.93M,15.05%,-,-,-,-,-,-,-,-,-,-,-,7.36,0.27%,"64,252"
OOPPE,-,2.54%,-,-,-,-,-,-,-,-,-,-,-,59.90,0.66%,"4,003"
OOPPG,-,0.53%,-,-,-,-,-,-,-,-,-,-,-,37.38,1.31%,13
OOPPJ,-,1.07%,-,-,-,-,-,-,-,-,-,-,-,60.53,2.24%,"35,058"
OOPRA,1.63B,4.37%,11.36%,12.88%,12.47%,2.05,2.05,0.00,0.01,42.94%,16.32%,18.53%,Aug 19/b,18.30,1.50%,"363,511"
OOPRT,361.92M,-,0.62%,4.97%,0.64%,3.97,-,6.53,6.54,-,4.23%,2.05%,Aug 05/a,7.87,2.74%,"356,165"
OOPRX,137.31M,-,2.76%,3.68%,3.09%,5.58,5.58,0.14,0.15,68.88%,11.45%,4.66%,Aug 12/a,7.29,1.53%,"115,226"
OOPTH,25.33M,-,-27.66%,-43.87%,-23.59%,1.73,1.69,0.01,0.29,-324.40%,-824.18%,-751.47%,Aug 14/b,4.42,-1.78%,"39,054"
OOPTT,28.77M,-,-138.34%,-250.03%,-367.43%,0.60,0.48,0.07,1.00,-158.44%,-1026.60%,-1308.96%,Jul 23/a,0.11,-33.44%,"63,560,992"
OOPTU,389.06M,-,-16.32%,-,-27.69%,0.32,0.32,-,-,49.82%,16.76%,-58.23%,Aug 06/b,1.02,5.68%,"1,507,557"
OOPTX,285.99M,-,-7.53%,-11.64%,-7.13%,5.97,4.45,0.11,0.14,19.58%,-4.63%,-8.26%,May 18/a,7.10,-2.61%,"204,369"
OOPTZ,-,0.46%,-,-,-,-,-,-,-,-,-,-,-,45.59,0.85%,"9,115"
OOPXS,71.06M,-,12.61%,15.28%,13.62%,7.09,2.91,0.03,0.05,30.68%,13.24%,9.77%,Aug 11/a,10.21,-2.67%,"33,414"
OOPY,1.31B,0.61%,2.56%,10.94%,9.33%,1.17,1.17,0.12,1.51,96.36%,12.87%,5.72%,-,123.29,-0.44%,"93,479"
OOR,6.71B,0.57%,17.17%,20.41%,16.63%,2.28,2.28,0.15,0.15,84.49%,76.61%,78.03%,Aug 05/a,36.03,0.53%,"1,135,987"
OORA,5.84B,0.51%,1.98%,4.98%,2.42%,1.05,1.00,1.01,1.31,27.93%,19.35%,10.66%,Aug 05/a,94.89,-1.82%,"946,747"
OORAC,-,-,-,-,-,-,-,-,-,-,-,-,-,24.01,-3.77%,"51,091"
OORBS,418.35M,-,-138.86%,-157.03%,-80.29%,21.72,21.68,0.00,0.02,-4.81%,-150.68%,-1260.92%,-,0.97,3.80%,"11,908,635"
OORBX,-,-,-,-,-,-,-,-,-,-,-,-,-,41.94,0.74%,"8,883"
OORC,1.26B,19.91%,2.36%,20.80%,16.98%,0.09,0.09,0.00,8.04,97.03%,110.31%,43.20%,Jul 23/a,6.33,-0.31%,"5,134,408"
OORCL,432.88B,1.31%,7.82%,41.62%,8.46%,1.17,1.17,2.35,2.53,61.93%,34.24%,26.10%,Sep 10/a,150.28,-1.74%,"80,438,807"
OORCS,-,1.37%,-,-,-,-,-,-,-,-,-,-,-,28.42,1.50%,"165,990"
OORCU,-,1.98%,-,-,-,-,-,-,-,-,-,-,-,8.05,-3.65%,"17,250,832"
OORCX,-,-,-,-,-,-,-,-,-,-,-,-,-,22.38,-3.91%,"9,709,823"
OORCZ,-,-,-,-,-,-,-,-,-,-,-,-,-,15.36,3.36%,"999,547"
OORGO,191.73M,-,-19.40%,-25.92%,-24.34%,3.52,3.00,0.20,0.23,63.15%,-5.40%,-23.14%,Aug 06/a,1.49,-2.61%,"844,153"
OORI,9.89B,3.08%,5.09%,18.57%,13.62%,0.68,-,0.38,0.38,-,15.63%,11.71%,Jul 23/b,40.96,0.29%,"859,442"
OORIC,1.25B,-,-37.35%,-39.80%,-36.81%,13.19,13.19,0.00,0.01,-,-,-,Aug 03/a,12.04,-0.25%,"1,063,007"
OORIO,24.97M,-,-9.74%,-22.82%,-11.66%,1.55,1.55,1.24,1.24,85.11%,-10.96%,-24.95%,Aug 06/b,1.05,-4.55%,"103,071"
OORIQ,89.18M,-,4.33%,4.37%,2.18%,5.33,5.33,0.00,0.00,-,-,-,-,10.34,-0.58%,"151,863"
OORKA,6.12B,-,-17.76%,-18.23%,-11.90%,38.51,38.51,0.00,0.00,-,-,-,Aug 10/b,92.38,0.80%,"585,301"
OORKT,5.90M,-,-32.41%,-41.01%,-44.76%,2.43,2.43,0.15,0.18,36.75%,-131.17%,-77.97%,-,1.01,-3.81%,"128,280"
OORLY,69.43B,-,15.96%,-,36.31%,0.75,0.13,-,-,51.64%,19.56%,14.27%,Jul 29/a,85.82,0.36%,"5,167,290"
OORMP,193.84M,-,65.52%,73.75%,54.74%,4.98,4.98,0.00,0.00,-,-,-,Aug 12,4.66,-2.10%,"144,534"
OORN,379.04M,-,0.78%,2.27%,1.23%,1.52,1.51,0.78,0.90,11.74%,0.72%,0.40%,Jul 28/a,9.36,3.31%,"439,069"
OORO,-,-,-,-,-,-,-,-,-,-,-,-,-,20.54,0.18%,11
OORR,-,-,-,-,-,-,-,-,-,-,-,-,-,38.85,1.29%,"41,810"
OORRF,832.81M,2.83%,1.57%,14.75%,9.41%,0.08,-,0.48,0.49,-,29.85%,24.00%,Jul 21/a,42.34,-0.31%,"84,874"
OOSBC,1.30B,1.12%,1.47%,11.40%,9.50%,0.05,-,0.08,0.52,-,27.13%,20.21%,Jul 22/a,25.58,0.20%,"381,365"
OOSCR,10.12B,-,6.40%,34.31%,22.17%,1.08,-,0.21,0.21,-,4.11%,3.60%,Aug 06/b,32.77,0.58%,"7,100,690"
OOSCV,-,1.08%,-,-,-,-,-,-,-,-,-,-,-,41.21,0.44%,"114,005"
OOSCX,-,-,-,-,-,-,-,-,-,-,-,-,-,39.41,0.93%,"27,025"
OOSEA,-,1.27%,-,-,-,-,-,-,-,-,-,-,-,29.62,0.41%,"87,065"
OOSG,218.05M,-,-1.90%,-11.74%,-14.33%,2.02,-,0.22,0.22,-,-20.42%,-38.17%,Aug 06/a,4.84,-3.01%,"440,745"
OOSIS,3.26B,-,6.52%,17.34%,8.29%,3.15,2.34,1.24,1.26,30.82%,12.93%,8.66%,Aug 20/a,204.29,1.51%,"236,137"
OOSK,9.00B,1.55%,5.54%,12.39%,10.85%,1.72,0.96,0.13,0.24,15.37%,7.52%,5.24%,Jul 28/b,145.85,-1.30%,"441,351"
OOSPN,620.96M,3.03%,18.38%,26.51%,24.10%,1.27,1.17,0.04,0.05,70.32%,18.58%,27.76%,Aug 04/a,16.85,2.18%,"348,651"
OOSPR,404.05M,-,-,-,-,0.04,0.04,-,-,-,-,-,-,9.85,0.00%,"4,778"
OOSS,229.25M,-,-11.31%,-16.60%,3.63%,3.37,2.51,0.03,0.04,42.99%,0.84%,3.00%,Aug 05/b,9.19,3.14%,"484,429"
OOSSL,-,-,-,-,-,-,-,-,-,-,-,-,-,3.94,4.07%,330
OOSTX,78.07M,-,-389.65%,-914.04%,-,0.18,0.18,-,-,-,-,-,Aug 14/b,1.68,-7.69%,"825,884"
OOSUR,224.15M,-,-12.20%,-14.07%,-14.75%,8.88,7.68,0.05,0.05,38.89%,-64.85%,-43.70%,Aug 05/a,3.25,0.62%,"467,252"
OOSW,2.21B,0.92%,11.08%,14.32%,12.05%,2.91,1.93,0.15,0.16,11.76%,9.50%,8.02%,Jul 29/b,21.74,-0.82%,"914,589"
OOTAI,137.79M,-,-,-,-,0.51,0.51,-,-,-,-,-,-,10.02,0.00%,"3,229"
OOTAX,-,-,-,-,-,-,-,-,-,-,-,-,-,49.95,0.79%,"9,629"
OOTEX,5.58B,4.94%,4.78%,16.19%,6.50%,0.79,0.79,1.46,1.49,65.49%,23.17%,12.26%,Aug 06/b,23.06,1.99%,"1,272,451"
OOTF,4.91B,13.07%,2.67%,4.83%,2.55%,0.92,0.92,0.95,0.95,78.27%,52.13%,25.76%,Aug 05/a,10.71,0.19%,"1,525,428"
OOTGA,302.04M,-,4.72%,4.72%,2.36%,4.97,4.97,0.00,0.00,-,-,-,-,10.23,0.00%,"25,051"
OOTGL,-,2.67%,-,-,-,-,-,-,-,-,-,-,-,11.06,-0.35%,"6,281"
OOTIS,26.30B,2.52%,14.00%,-,88.76%,0.83,0.75,-,-,30.24%,15.63%,10.17%,Jul 22/b,69.10,1.78%,"3,623,928"
OOTLK,160.68M,-,-125.04%,-,-,0.81,0.63,-,-,63.07%,-4824.52%,-2885.82%,Aug 14/b,0.66,-0.18%,"3,334,025"
OOTLY,405.58M,-,-16.49%,-359.63%,-75.87%,0.43,0.29,-,-,32.95%,-5.33%,-13.79%,Jul 22/b,12.71,1.44%,"62,335"
OOTTR,3.70B,2.61%,4.84%,10.68%,6.48%,1.71,1.36,0.60,0.67,26.02%,24.64%,14.83%,Aug 03/a,88.06,0.15%,"166,359"
OOUNZ,-,-,-,-,-,-,-,-,-,-,-,-,-,41.78,0.55%,"675,021"
OOUSA,-,1.37%,-,-,-,-,-,-,-,-,-,-,-,60.73,0.95%,"29,848"
OOUSL,-,-,-,-,-,-,-,-,-,-,-,-,-,12.35,0.84%,"15,497"
OOUSM,-,2.02%,-,-,-,-,-,-,-,-,-,-,-,48.33,0.81%,"44,793"
OOUST,2.55B,-,-13.39%,-18.01%,-13.93%,4.16,3.79,0.03,0.04,48.43%,-34.41%,-26.02%,Aug 06/a,35.33,0.28%,"1,582,199"
OOUT,5.04B,4.38%,4.70%,36.19%,5.38%,0.67,0.67,5.56,5.96,43.32%,20.21%,12.48%,Aug 05/a,28.62,0.70%,"1,179,799"
OOVB,-,7.21%,-,-,-,-,-,-,-,-,-,-,-,19.82,0.30%,"4,333"
OOVBC,219.96M,2.06%,0.90%,8.50%,6.64%,0.15,-,0.23,0.30,-,17.74%,14.36%,-,46.69,0.15%,"50,533"
OOVF,-,10.49%,-,-,-,-,-,-,-,-,-,-,-,31.86,1.40%,"31,389"
OOVID,525.35M,-,-22.30%,-25.96%,-15.60%,12.39,12.39,0.05,0.06,92.92%,-3686.67%,-2178.84%,Aug 13/b,2.69,2.28%,"1,147,532"
OOVL,-,8.15%,-,-,-,-,-,-,-,-,-,-,-,56.96,1.35%,"169,139"
OOVLH,-,0.28%,-,-,-,-,-,-,-,-,-,-,-,42.19,0.57%,"84,786"
OOVLY,290.57M,2.17%,1.20%,11.64%,10.81%,0.13,-,0.00,0.00,-,30.69%,24.06%,-,34.54,-0.32%,"15,344"
OOVM,-,6.37%,-,-,-,-,-,-,-,-,-,-,-,20.88,0.83%,"19,890"
OOVS,-,8.51%,-,-,-,-,-,-,-,-,-,-,-,40.15,0.93%,"5,642"
OOVT,-,7.68%,-,-,-,-,-,-,-,-,-,-,-,21.47,0.20%,"12,891"
OOVV,17.55B,1.89%,4.72%,8.41%,5.60%,1.01,1.01,0.43,0.44,32.82%,26.16%,9.59%,Jul 23/a,63.69,-0.48%,"2,774,793"
OOWL,16.46B,8.76%,0.66%,3.72%,1.28%,1.52,1.52,2.18,2.18,85.72%,16.66%,2.71%,Jul 30/b,10.56,1.25%,"15,396,752"
OOWLS,475.23M,-,-,-,-,0.55,0.55,-,-,-,-,-,Aug 21/a,5.38,0.75%,"26,447"
OOWLT,137.05M,-,-11.31%,-374.14%,-22.89%,1.64,1.35,0.00,0.44,54.63%,-5.24%,-11.08%,Aug 11/a,4.69,0.00%,"550,360"
OOWN,-,-,-,-,-,-,-,-,-,-,-,-,-,24.90,0.88%,23
OOWNB,-,-,-,-,-,-,-,-,-,-,-,-,-,20.95,2.03%,"1,025"
OOWNS,-,4.42%,-,-,-,-,-,-,-,-,-,-,-,16.83,-0.06%,"2,490"
OOXBR,12.78M,-,0.89%,1.02%,0.68%,79.56,-,0.01,0.01,-,-10.85%,4.71%,Aug 13/a,1.57,12.95%,"74,698"
OOXLC,938.15M,25.08%,-25.05%,-39.16%,-32.44%,4.41,4.41,0.75,0.75,68.25%,-135.44%,-149.35%,Jul 28/b,9.57,0.31%,"500,828"
OOXM,472.26M,9.05%,-0.52%,-1.17%,-0.66%,1.17,0.56,0.82,0.93,60.03%,2.76%,-0.46%,Sep 03/a,31.53,1.87%,"761,052"
OOXSQ,144.33M,31.34%,-12.92%,-24.98%,-12.72%,10.53,10.53,1.13,1.13,-500.94%,-3639.63%,-5220.61%,Jul 31/b,1.34,0.00%,"1,511,765"
OOXY,61.44B,1.65%,5.11%,10.87%,7.33%,1.41,1.13,0.34,0.35,38.08%,23.09%,14.03%,Aug 05/a,61.46,0.49%,"7,798,005"
OOYSE,352.03M,-,3.56%,3.69%,3.62%,6.38,6.38,0.00,0.00,-,-,-,-,10.38,-0.02%,"146,375"
OOZ,192.65M,-,-7.81%,-16.00%,-8.16%,1.59,1.59,1.09,1.09,-94.98%,-137.13%,-290.46%,-,47.53,-0.83%,"12,343"
OOZEM,-,1.32%,-,-,-,-,-,-,-,-,-,-,-,31.13,-1.02%,"8,738"
OOZK,5.57B,3.87%,1.66%,11.33%,9.95%,0.07,-,0.11,0.11,-,32.35%,24.37%,Jul 21/a,49.09,0.66%,"731,834"
PP,32.72B,-,5.48%,17.71%,14.76%,1.44,1.39,0.11,0.15,69.73%,5.26%,5.94%,Aug 26/a,98.18,4.34%,"1,947,944"
PPAA,18.42B,6.54%,3.66%,9.94%,14.00%,1.12,1.10,0.78,0.78,3.46%,2.78%,4.88%,Aug 07/b,26.10,1.50%,"3,223,064"
PPAAA,-,5.17%,-,-,-,-,-,-,-,-,-,-,-,51.42,0.04%,"1,707,607"
PPAAC,179.18M,-,-,-,1.07%,10.47,10.47,0.00,0.00,-,-,-,-,10.14,0.00%,49
PPAAI,49.04M,-,8.01%,-,10.19%,2.37,2.37,-,-,39.26%,18.88%,9.31%,Aug 10/a,1.03,-2.83%,"61,395"
PPAAS,20.87B,1.15%,15.77%,22.43%,16.95%,2.94,2.23,0.11,0.11,43.92%,39.30%,32.03%,Aug 12/a,50.34,-0.61%,"2,519,181"
PPAB,-,4.99%,-,-,-,-,-,-,-,-,-,-,-,40.97,-0.26%,"7,906"
PPABD,-,2.99%,-,-,-,-,-,-,-,-,-,-,-,69.60,0.87%,40
PPABU,-,0.91%,-,-,-,-,-,-,-,-,-,-,-,78.14,0.96%,246
PPAC,10.56B,5.27%,9.41%,28.62%,9.85%,0.74,0.74,0.93,1.23,43.96%,43.60%,24.36%,Jul 14/b,203.46,-0.54%,"58,066"
PPACB,404.08M,-,-16.66%,-929.32%,-19.56%,4.92,4.03,-,-,34.29%,-101.67%,-82.49%,Aug 05/a,1.30,2.36%,"3,733,941"
PPACH,293.93M,-,3.42%,3.59%,3.53%,1.86,1.86,0.00,0.00,-,-,-,-,10.33,-0.05%,13
PPACK,338.75M,-,-3.40%,-7.18%,-4.05%,1.79,1.39,0.80,0.82,25.01%,-2.35%,-9.09%,Jul 30/b,3.95,-0.75%,"452,003"
PPACS,7.09B,-,4.82%,28.08%,6.23%,0.91,0.91,2.89,3.07,15.37%,7.41%,4.85%,Aug 04/a,44.76,-0.20%,"628,073"
PPAG,14.18B,1.94%,4.98%,15.64%,8.66%,0.98,0.21,0.78,1.61,15.61%,3.39%,2.81%,Jul 29/b,215.91,-0.32%,"423,376"
PPAGP,21.33B,5.85%,-0.01%,-0.27%,5.43%,1.12,1.10,5.46,5.47,3.46%,2.83%,1.06%,Aug 07/b,27.99,0.36%,"2,413,764"
PPAGS,2.81B,6.82%,2.94%,14.62%,6.85%,1.55,1.55,1.05,3.11,51.19%,37.73%,10.87%,Aug 11/a,10.12,-0.10%,"2,852,527"
PPAHC,1.45B,1.35%,6.97%,29.72%,8.76%,2.96,1.27,1.95,2.05,33.61%,13.23%,6.57%,Aug 26/a,35.62,-2.62%,"212,300"
PPAI,111.37M,5.33%,-,-,-,-,-,-,-,-,-,-,-,11.71,-0.51%,"21,680"
PPAII,280.85M,-,5.79%,6.08%,3.04%,1.17,1.17,0.00,0.00,-,-,-,-,10.30,0.10%,"8,297"
PPAL,136.06M,-,-7.97%,-12.16%,-10.74%,1.18,1.15,0.20,0.27,6.56%,2.31%,-9.24%,Aug 10/a,4.85,-2.81%,"277,657"
PPALC,-,1.23%,-,-,-,-,-,-,-,-,-,-,-,56.40,0.69%,"5,301"
PPALD,-,5.38%,-,-,-,-,-,-,-,-,-,-,-,11.49,2.25%,"26,158"
PPALI,359.00M,-,-47.68%,-51.37%,-26.24%,24.25,24.25,0.00,0.00,-0.40%,-7069.80%,-6388.20%,Aug 10/a,2.06,2.49%,"2,399,724"
PPALL,-,-,-,-,-,-,-,-,-,-,-,-,-,23.62,1.68%,"708,046"
PPALO,210.28M,-,-,-,-,4.65,4.65,0.00,0.00,-,-,-,-,9.97,0.00%,"25,021"
PPALU,-,0.98%,-,-,-,-,-,-,-,-,-,-,-,44.61,-4.59%,"83,909"
PPAM,4.63B,-,8.30%,15.33%,8.75%,3.63,3.21,0.64,0.65,34.59%,21.05%,23.75%,Aug 04/a,86.53,-2.17%,"274,760"
PPAMC,-,1.22%,-,-,-,-,-,-,-,-,-,-,-,53.39,0.78%,299
PPAMT,279.58M,-,-6.14%,-18.88%,-8.87%,1.32,1.29,1.35,1.67,-9.38%,-13.08%,-7.07%,Aug 04/a,13.35,1.14%,"6,148"
PPANG,-,4.75%,-,-,-,-,-,-,-,-,-,-,-,27.29,-4.97%,"49,606"
PPANL,550.63M,2.97%,5.08%,11.03%,6.62%,1.38,1.10,0.60,0.78,13.96%,8.95%,6.70%,Aug 10/a,8.41,1.08%,"436,976"
PPANW,270.47B,-,0.85%,1.74%,1.02%,0.82,0.82,0.09,0.09,65.48%,5.42%,2.67%,Sep 01/a,330.65,-2.32%,"4,682,902"
PPAPI,-,7.50%,-,-,-,-,-,-,-,-,-,-,-,27.50,0.73%,"50,569"
PPAPL,23.91M,-,-6.22%,-9.55%,-4.81%,1.00,1.00,0.01,0.43,11.28%,1.55%,-15.62%,Jul 20/a,0.95,-0.40%,"8,082"
PPAPR,-,-,-,-,-,-,-,-,-,-,-,-,-,42.99,0.28%,"19,071"
PPAR,744.53M,-,-5.22%,-8.62%,-5.80%,2.14,1.81,0.53,0.53,39.42%,-9.51%,-14.52%,Aug 06/a,18.00,2.16%,"687,083"
PPARA,3.55M,-,-73.67%,-315.84%,-198.53%,0.10,0.10,0.00,0.55,69.78%,-177.74%,-228.73%,Aug 14/a,1.00,1.93%,"114,582"
PPARK,97.91M,-,-,-,-4.36%,1.12,1.10,1.72,2.02,10.42%,-2.42%,-1.41%,Aug 12/a,20.59,-3.29%,"17,832"
PPARR,4.24B,-,20.33%,54.74%,28.53%,1.84,0.76,0.51,0.66,14.51%,13.31%,9.94%,Aug 04/a,84.65,1.27%,"549,069"
PPASG,16.09M,-,-69.20%,-169.09%,-810.41%,1.22,1.22,0.00,0.00,-,-,-,Jul 30,5.00,0.30%,"7,890"
PPASW,-,-,-,-,-,-,-,-,-,-,-,-,-,0.14,-4.03%,"472,936"
PPATH,7.17B,-,13.16%,20.03%,17.93%,2.28,2.28,0.04,0.04,82.14%,9.37%,21.03%,Sep 03/a,13.75,-0.87%,"41,791,961"
PPATK,2.36B,2.52%,4.68%,12.95%,5.42%,2.67,0.96,1.40,1.46,20.62%,7.02%,3.74%,Jul 30/b,73.40,-1.95%,"688,444"
PPATN,-,1.76%,-,-,-,-,-,-,-,-,-,-,-,35.76,1.36%,"72,437"
PPATX,-,-,-,-,-,-,-,-,-,-,-,-,-,10.78,-3.03%,"79,758"
PPAUG,-,-,-,-,-,-,-,-,-,-,-,-,-,46.63,0.41%,"23,165"
PPAVE,-,0.80%,-,-,-,-,-,-,-,-,-,-,-,54.08,1.35%,"1,141,375"
PPAVM,33.42M,-,-28.75%,-31.88%,-23.45%,1.19,1.19,0.47,0.49,-291.07%,-23842.86%,-18416.96%,Aug 14/b,4.18,-2.11%,"7,910"
PPAVS,3.86M,-,-35.16%,-45.88%,-40.42%,8.18,8.13,0.01,0.02,1.04%,-23.11%,-87.20%,-,4.50,-2.17%,"10,322"
PPAWZ,-,0.71%,-,-,-,-,-,-,-,-,-,-,-,48.77,-0.35%,486
PPAX,1.71B,6.10%,4.45%,12.27%,7.69%,0.99,0.62,0.61,1.06,96.39%,34.35%,15.92%,Jul 31/b,10.62,-1.21%,"1,102,710"
PPAXS,646.93M,13.03%,-,-,-,-,-,-,-,-,-,-,-,13.72,-1.65%,"212,494"
PPAY,4.58B,-,12.71%,15.02%,13.70%,4.89,4.41,0.01,0.01,24.37%,7.58%,6.24%,Aug 03/a,36.38,0.28%,"741,013"
PPAYC,9.69B,0.69%,10.56%,41.09%,31.96%,1.02,1.02,1.67,1.72,74.35%,30.30%,22.78%,Aug 05/a,218.91,1.33%,"557,823"
PPAYH,-,10.90%,-,-,-,-,-,-,-,-,-,-,-,24.58,0.76%,"9,659"
PPAYM,-,6.61%,-,-,-,-,-,-,-,-,-,-,-,25.00,-0.87%,"38,264"
PPAYO,2.41B,-,0.60%,7.06%,6.89%,1.00,1.00,0.12,0.13,78.58%,12.47%,4.65%,Aug 06/b,7.12,0.00%,"2,483,666"
PPAYP,12.34B,-,2.59%,49.00%,16.75%,2.26,2.26,0.91,1.85,58.55%,23.55%,31.56%,Jul 31/b,18.45,1.15%,"1,420,613"
PPAYR,-,7.20%,-,-,-,-,-,-,-,-,-,-,-,55.05,0.25%,"8,040"
PPAYS,734.57M,-,6.17%,30.82%,24.28%,1.14,1.14,0.08,0.09,51.68%,17.01%,15.67%,Aug 05/a,13.01,-2.47%,"773,820"
PPAYX,41.22B,4.31%,10.75%,44.77%,21.10%,1.26,1.26,1.23,1.24,72.43%,45.08%,27.03%,Sep 23/b,115.80,0.54%,"1,762,250"
PPB,8.57B,3.38%,1.37%,7.07%,6.69%,0.14,-,0.01,0.33,-,40.72%,29.98%,Jul 29/b,71.35,-0.20%,"757,736"
PPBA,27.80B,4.37%,5.01%,10.53%,6.19%,0.62,0.50,0.73,0.81,36.86%,30.98%,21.06%,Jul 30/a,47.81,-1.10%,"637,409"
PPBAM,520.55M,-,1.73%,16.73%,14.30%,0.32,-,0.09,0.09,-,35.75%,25.39%,Jul 16/b,90.85,-0.04%,"203,977"
PPBAP,-,-,-,-,-,-,-,-,-,-,-,-,-,31.49,0.22%,"9,177"
PPBAU,-,-,-,-,-,-,-,-,-,-,-,-,-,31.96,0.35%,"11,318"
PPBD,-,1.73%,-,-,-,-,-,-,-,-,-,-,-,17.53,0.92%,"22,604"
PPBDC,-,11.10%,-,-,-,-,-,-,-,-,-,-,-,27.51,0.47%,"42,995"
PPBDE,-,-,-,-,-,-,-,-,-,-,-,-,-,31.53,0.35%,"6,988"
PPBE,-,1.67%,-,-,-,-,-,-,-,-,-,-,-,92.91,-0.13%,"11,345"
PPBEU,-,0.01%,-,-,-,-,-,-,-,-,-,-,-,36.14,1.66%,"31,865"
PPBF,9.28B,1.40%,9.77%,23.55%,15.49%,1.33,0.67,0.36,0.39,4.39%,3.17%,3.94%,Jul 30/b,78.30,1.58%,"2,964,416"
PPBFB,-,-,-,-,-,-,-,-,-,-,-,-,-,32.46,0.25%,"6,514"
PPBFR,-,0.01%,-,-,-,-,-,-,-,-,-,-,-,31.21,0.35%,"22,637"
PPBFS,448.64M,-,0.76%,5.24%,5.13%,0.28,-,0.00,0.00,-,17.36%,12.49%,-,18.06,-0.11%,"12,595"
PPBH,2.22B,-,4.30%,9.12%,4.34%,3.23,1.99,1.07,1.08,51.59%,26.26%,15.57%,Aug 06/b,46.95,-0.82%,"495,660"
PPBHC,108.06M,2.32%,0.07%,0.89%,0.61%,0.04,-,0.44,1.44,-,-1.42%,-3.37%,Jul 30/a,17.21,0.06%,"2,086"
PPBI,2.34B,2.13%,5.99%,-,15.09%,0.73,0.69,-,-,54.08%,24.00%,10.04%,Jul 29/a,17.06,0.53%,"1,250,994"
PPBJ,-,1.30%,-,-,-,-,-,-,-,-,-,-,-,47.03,0.27%,"12,756"
PPBJA,-,-,-,-,-,-,-,-,-,-,-,-,-,32.85,0.21%,"7,094"
PPBJL,-,-,-,-,-,-,-,-,-,-,-,-,-,31.72,0.22%,"13,454"
PPBJN,-,-,-,-,-,-,-,-,-,-,-,-,-,31.26,0.32%,"5,881"
PPBK,18.13M,-,-6.21%,-25.40%,-10.64%,1.41,0.79,2.28,2.76,28.25%,-32.45%,-25.43%,May 15/b,0.34,-4.31%,"382,333"
PPBL,-,2.04%,-,-,-,-,-,-,-,-,-,-,-,33.52,0.50%,467
PPBLS,4.56B,-,-,-,-,17.91,17.91,0.03,0.05,-,-,-,Aug 13/b,36.88,1.54%,"364,814"
PPBM,20.60M,-,-,-,-,8.09,8.09,0.00,0.00,-,-,-,-,5.40,8.65%,"134,486"
PPBMR,-,-,-,-,-,-,-,-,-,-,-,-,-,32.62,0.22%,"7,804"
PPBMY,-,0.07%,-,-,-,-,-,-,-,-,-,-,-,31.65,0.35%,"6,906"
PPBNV,-,-,-,-,-,-,-,-,-,-,-,-,-,31.61,0.41%,"13,803"
PPBOC,-,-,-,-,-,-,-,-,-,-,-,-,-,31.29,0.29%,"11,695"
PPBOG,-,0.12%,-,-,-,-,-,-,-,-,-,-,-,36.23,0.00%,"42,869"
PPBOT,-,0.07%,-,-,-,-,-,-,-,-,-,-,-,32.79,0.75%,125
PPBP,-,11.27%,-,-,-,-,-,-,-,-,-,-,-,23.35,0.66%,"61,851"
PPBPH,-,0.08%,-,-,-,-,-,-,-,-,-,-,-,27.80,-0.15%,"101,258"
PPBQQ,-,0.01%,-,-,-,-,-,-,-,-,-,-,-,31.93,0.52%,"10,515"
PPBR,78.89B,8.05%,11.02%,30.69%,16.76%,0.85,0.58,0.64,0.76,47.49%,34.79%,24.46%,Aug 07/b,21.20,-0.84%,"18,243,485"
PPBR-A,52.04B,7.78%,11.02%,30.69%,16.76%,0.85,0.58,0.64,0.76,47.49%,34.79%,24.46%,Aug 07/b,19.11,-0.57%,"3,731,537"
PPBRG,-,-,-,-,-,-,-,-,-,-,-,-,-,47.57,-1.89%,"7,047"
PPBSC,-,0.75%,-,-,-,-,-,-,-,-,-,-,-,25.20,0.22%,119
PPBSE,-,-,-,-,-,-,-,-,-,-,-,-,-,31.21,0.22%,"17,702"
PPBT,1.65B,1.07%,757.26%,9976.55%,10019.76%,1.96,1.96,0.00,0.00,-,91.58%,91.58%,-,35.45,-0.28%,"93,506"
PPBTP,-,4.82%,-,-,-,-,-,-,-,-,-,-,-,25.61,-0.31%,"31,014"
PPBUS,-,1.00%,-,-,-,-,-,-,-,-,-,-,-,76.67,0.84%,"286,831"
PPBW,-,1.52%,-,-,-,-,-,-,-,-,-,-,-,31.10,0.81%,"204,511"
PPBYI,470.78M,-,13.78%,21.97%,18.70%,2.91,2.64,0.03,0.03,74.83%,13.16%,11.55%,Aug 06/a,9.12,-0.55%,"305,140"
PPCAP,328.68M,-,3.39%,3.55%,3.49%,28.27,28.27,0.00,0.00,-,-,-,-,10.37,0.00%,11
PPCAR,64.60B,2.66%,5.69%,12.76%,7.15%,2.39,2.00,0.72,0.72,15.20%,10.37%,9.00%,Jul 28/b,122.73,0.13%,"2,066,493"
PPCB,391.56M,3.18%,1.23%,10.69%,9.97%,0.09,-,0.04,0.27,-,27.54%,19.35%,Jul 23/a,27.88,0.04%,"27,860"
PPCEB,-,1.19%,-,-,-,-,-,-,-,-,-,-,-,24.24,-0.30%,"3,457"
PPCEF,-,7.61%,-,-,-,-,-,-,-,-,-,-,-,19.99,0.25%,"68,836"
PPCF,102.57M,12.77%,-,-,-,-,-,-,-,-,-,-,-,5.48,-0.18%,"75,863"
PPCFI,-,10.30%,-,-,-,-,-,-,-,-,-,-,-,22.51,0.22%,13
PPCG,30.39B,1.43%,2.25%,9.73%,3.30%,1.22,1.15,1.83,1.91,20.13%,20.13%,11.83%,Jul 23/b,13.80,-1.64%,"26,757,656"
PPCHI,-,7.72%,-,-,-,-,-,-,-,-,-,-,-,24.01,-0.04%,653
PPCI,-,5.58%,-,-,-,-,-,-,-,-,-,-,-,48.26,-0.09%,20
PPCL,-,6.58%,-,-,-,-,-,-,-,-,-,-,-,46.95,0.07%,12
PPCLA,97.16M,-,-,-,-128.98%,2.13,1.42,0.03,0.60,53.28%,-110.34%,-114.80%,-,10.11,4.01%,"6,039,326"
PPCLC,-,-,-,-,-,-,-,-,-,-,-,-,-,24.85,1.02%,11
PPCLG,-,0.04%,-,-,-,-,-,-,-,-,-,-,-,22.57,0.72%,19
PPCLN,-,0.06%,-,-,-,-,-,-,-,-,-,-,-,30.05,1.72%,"19,657"
PPCLO,-,5.11%,-,-,-,-,-,-,-,-,-,-,-,24.95,0.02%,"4,757"
PPCM,63.31M,15.06%,-,-,-,-,-,-,-,-,-,-,-,5.10,-2.67%,"257,478"
PPCMM,-,6.25%,-,-,-,-,-,-,-,-,-,-,-,49.81,0.02%,"109,266"
PPCN,862.88M,11.79%,-,-,-,-,-,-,-,-,-,-,-,11.40,-0.96%,"567,851"
PPCOR,8.09B,-,-1.83%,-3.12%,-2.91%,1.17,1.17,0.05,0.05,79.38%,-3.60%,-2.73%,Jul 29/a,53.26,0.09%,"3,179,052"
PPCOV,-,-,-,-,-,-,-,-,-,-,-,-,-,24.50,0.80%,112
PPCPI,-,1.84%,-,-,-,-,-,-,-,-,-,-,-,50.08,-0.03%,"2,208"
PPCPP,-,-,-,-,-,-,-,-,-,-,-,-,-,26.88,0.09%,"25,501"
PPCQ,-,5.17%,-,-,-,-,-,-,-,-,-,-,-,8.36,-0.12%,"111,953"
PPCR,-,10.21%,-,-,-,-,-,-,-,-,-,-,-,18.69,0.23%,125
PPCRX,1.01B,-,1.05%,2.05%,1.36%,5.04,3.94,0.60,0.61,71.53%,3.70%,1.96%,Aug 04/a,25.36,0.79%,"538,040"
PPCS,-,4.80%,-,-,-,-,-,-,-,-,-,-,-,49.35,-0.04%,722
PPCSA,5.81M,-,-262.17%,-464.20%,-,0.87,0.87,-,-,-,-,-,-,2.08,12.43%,"39,353"
PPCSG,-,-,-,-,-,-,-,-,-,-,-,-,-,21.94,0.91%,168
PPCT,1.21B,-,-21.79%,-389.63%,-27.21%,2.60,2.42,51.83,52.46,-857.64%,-1207.32%,-1775.62%,Aug 06/a,6.02,3.26%,"3,061,293"
PPCTY,7.52B,-,5.82%,21.97%,20.06%,1.05,1.05,0.10,0.11,68.30%,22.14%,15.23%,Aug 04/a,141.66,-0.84%,"608,262"
PPCVX,8.85B,-,-33.03%,-36.51%,-37.12%,5.72,5.72,0.04,0.04,-,-,-,Aug 05/a,59.47,0.97%,"1,683,430"
PPCY,-,6.06%,-,-,-,-,-,-,-,-,-,-,-,20.72,-0.19%,"173,690"
PPCYO,267.96M,-,8.99%,10.22%,8.97%,1.53,1.13,0.08,0.09,59.82%,37.67%,43.66%,Jul 08/a,11.12,0.63%,"59,848"
PPD,1.11B,-,20.06%,89.92%,29.05%,1.95,1.95,1.75,1.78,84.96%,7.31%,37.50%,Aug 27/a,14.09,2.47%,"1,307,749"
PPDBA,-,2.92%,-,-,-,-,-,-,-,-,-,-,-,38.69,-1.05%,"3,896,966"
PPDBC,-,2.57%,-,-,-,-,-,-,-,-,-,-,-,19.79,-1.30%,"4,246,121"
PPDC,9.76M,-,-,-,-,-,-,-,-,-,-,-,-,3.20,7.74%,"11,441"
PPDCC,73.29M,26.45%,-4.15%,-4.38%,-5.29%,0.56,0.56,0.00,0.04,95.32%,34.49%,-34.12%,Aug 27/b,8.96,0.11%,"7,036"
PPDD,110.75B,-,15.11%,22.94%,20.14%,2.62,2.62,0.01,0.01,56.32%,22.20%,20.73%,Aug 24/b,77.81,-0.04%,"7,066,179"
PPDDL,-,-,-,-,-,-,-,-,-,-,-,-,-,10.84,-0.33%,"28,900"
PPDEC,-,-,-,-,-,-,-,-,-,-,-,-,-,46.98,0.57%,"7,805"
PPDEX,201.19M,-,19.70%,32.43%,22.21%,4.10,2.44,0.29,0.40,31.87%,16.75%,17.62%,Sep 03/a,62.81,4.95%,"63,036"
PPDFS,2.02B,-,2.26%,3.27%,2.35%,3.41,3.41,0.18,0.19,69.70%,8.15%,4.27%,Aug 06/a,47.77,1.29%,"547,106"
PPDI,6.97B,17.89%,-,-,-,-,-,-,-,-,-,-,-,14.76,-1.99%,"5,467,723"
PPDLB,496.82M,-,1.02%,6.24%,3.35%,0.08,-,0.80,1.16,-,21.74%,16.02%,Jul 27/b,20.54,0.54%,"91,234"
PPDM,1.20B,-,-2.01%,-5.35%,-2.17%,1.38,1.38,1.53,1.53,18.94%,13.46%,-14.18%,Jul 28/a,9.57,1.70%,"753,939"
PPDN,-,3.14%,-,-,-,-,-,-,-,-,-,-,-,47.20,0.90%,"7,909"
PPDO,1.79B,12.43%,-,-,-,-,-,-,-,-,-,-,-,12.36,-0.96%,"986,158"
PPDP,-,0.08%,-,-,-,-,-,-,-,-,-,-,-,136.01,1.47%,"13,495"
PPDS,1.14B,-,-1.19%,-1.99%,-1.45%,1.46,1.29,0.42,0.44,13.45%,6.77%,-1.68%,Jul 29/b,89.77,0.57%,"157,211"
PPDSB,16.51M,-,-136.65%,-543.97%,-,0.57,0.57,-,-,-,-,-,Aug 13/b,0.29,-6.47%,"5,839,190"
PPDT,596.62M,8.26%,-,-,-,-,-,-,-,-,-,-,-,12.13,-1.22%,"108,108"
PPDX,-,7.13%,-,-,-,-,-,-,-,-,-,-,-,21.63,-0.83%,"71,311"
PPDYN,284.68M,-,-34.94%,-48.39%,-37.61%,6.30,6.19,0.13,0.15,21.74%,-360.67%,-254.75%,Aug 06/b,5.77,2.49%,"699,339"
PPEB,2.01B,0.22%,-0.85%,-1.84%,-1.03%,0.12,0.12,0.87,1.02,10.90%,7.45%,-5.25%,Jul 29/a,17.84,-1.33%,"2,687,438"
PPEBK,242.16M,1.87%,1.15%,13.07%,11.10%,0.15,-,0.11,0.12,-,20.34%,17.71%,-,44.34,1.09%,"22,684"
PPEBO,1.43B,4.19%,1.23%,9.80%,8.36%,0.05,-,0.13,0.60,-,24.90%,19.00%,Jul 21/b,39.81,0.13%,"129,039"
PPECE,84.46M,-,-,-,-,15.38,15.38,0.00,0.00,-,-,-,-,10.01,0.10%,"150,022"
PPECO,5.42B,3.42%,2.68%,6.16%,2.90%,182.15,182.15,1.09,1.09,36.53%,28.91%,19.00%,Jul 23/a,38.41,-0.80%,"712,811"
PPED,197.25M,-,-6.85%,-10.60%,-5.96%,0.78,0.78,0.42,0.43,32.03%,21.24%,-14.61%,Aug 13/a,14.84,2.49%,"18,262"
PPEG,36.08B,3.68%,3.50%,11.84%,5.00%,0.88,0.67,1.32,1.42,26.85%,26.85%,15.26%,Aug 04/b,72.39,-0.12%,"2,093,301"
PPEGA,5.96B,0.32%,23.93%,54.69%,52.49%,1.06,1.06,0.10,0.13,75.48%,11.32%,18.66%,Jul 21/a,36.24,1.46%,"1,551,385"
PPEJ,-,0.53%,-,-,-,-,-,-,-,-,-,-,-,63.09,1.09%,"29,119"
PPEMX,-,1.15%,-,-,-,-,-,-,-,-,-,-,-,87.22,1.41%,542
PPEN,12.52B,-,8.80%,11.37%,9.30%,5.75,3.86,0.13,0.14,66.72%,12.45%,10.67%,Jul 30/a,317.73,-0.02%,"152,634"
PPENG,2.62B,-,4.40%,17.17%,8.83%,1.54,1.10,1.27,1.61,27.92%,8.13%,5.04%,Jul 07/a,51.16,5.22%,"1,472,204"
PPENN,2.39B,-,-6.19%,-37.40%,-7.33%,0.89,0.89,5.65,5.94,28.69%,6.03%,-12.66%,Aug 06/b,17.82,4.15%,"3,773,499"
PPENU,-,-,-,-,-,-,-,-,-,-,-,-,-,18.73,6.30%,"3,394"
PPEO,822.26M,6.96%,-,-,-,-,-,-,-,-,-,-,Apr 22/a,29.33,0.93%,"46,244"
PPEP,186.06B,4.28%,9.61%,51.59%,16.15%,0.93,0.74,1.93,2.41,53.98%,15.55%,10.78%,Oct 08/b,136.32,-0.24%,"8,768,363"
PPEPG,206.39M,-,-59.06%,-75.45%,-54.34%,13.36,13.36,0.11,0.13,-,-,-,Aug 06/b,2.98,-1.32%,"683,010"
PPEPS,-,0.91%,-,-,-,-,-,-,-,-,-,-,-,32.87,1.05%,19
PPERF,196.57M,-,3.00%,3.76%,3.68%,4.63,4.63,0.00,0.00,79.73%,4.54%,8.13%,Jul 27/b,1.93,0.52%,"84,224"
PPERI,361.45M,-,-1.46%,-1.96%,-2.00%,2.53,2.53,0.03,0.04,29.44%,-3.96%,-2.95%,Aug 10/b,9.19,1.21%,"303,526"
PPESI,398.27M,-,-18.97%,-31.64%,-34.19%,1.67,1.58,0.06,0.09,-2.93%,-33.38%,-37.04%,Aug 12/a,18.77,2.85%,"160,159"
PPETS,35.77M,-,-33.73%,-78.56%,-127.36%,0.68,0.47,0.00,0.02,22.44%,-18.22%,-17.34%,Aug 13/a,1.65,-2.94%,"37,098"
PPETZ,14.56M,-,4.89%,6.21%,5.37%,5.08,5.08,0.09,0.13,-36.85%,-146.31%,143.82%,Apr 20/a,1.41,2.17%,"14,441"
PPEVC,-,4.08%,-,-,-,-,-,-,-,-,-,-,-,31.37,1.03%,383
PPEW,65.81M,-,-11.34%,-13.46%,-6.26%,9.39,8.58,0.07,0.08,12.56%,-10.13%,-6.83%,Aug 13/a,2.23,-3.88%,"381,544"
PPEX,-,8.32%,-,-,-,-,-,-,-,-,-,-,-,23.54,0.38%,718
PPEXL,-,0.36%,-,-,-,-,-,-,-,-,-,-,-,71.72,1.20%,"1,224"
PPEY,-,4.35%,-,-,-,-,-,-,-,-,-,-,-,23.95,0.26%,"372,339"
PPEZ,-,0.26%,-,-,-,-,-,-,-,-,-,-,-,95.31,1.30%,807
PPFAI,35.28M,-,-,-,-23.76%,2.20,2.19,0.24,0.28,38.17%,-56.10%,-55.64%,-,2.98,-0.88%,186
PPFBC,1.38B,3.12%,1.80%,17.58%,11.55%,0.28,-,0.48,0.48,-,38.25%,26.77%,Jul 22/b,102.98,-0.89%,"213,230"
PPFD,142.92M,7.22%,-,-,-,-,-,-,-,-,-,-,-,11.12,-0.54%,"34,683"
PPFDE,-,0.18%,-,-,-,-,-,-,-,-,-,-,-,28.32,0.83%,"12,407"
PPFE,157.99B,6.22%,2.13%,4.99%,2.97%,1.27,0.96,0.71,0.74,64.83%,26.57%,6.80%,Aug 04/b,27.72,0.25%,"25,557,207"
PPFEB,-,-,-,-,-,-,-,-,-,-,-,-,-,44.00,0.53%,"16,911"
PPFF,-,5.45%,-,-,-,-,-,-,-,-,-,-,-,30.15,0.60%,"2,817,545"
PPFFA,-,9.97%,-,-,-,-,-,-,-,-,-,-,-,20.62,0.00%,"802,482"
PPFFD,-,6.62%,-,-,-,-,-,-,-,-,-,-,-,18.12,0.61%,"1,068,474"
PPFFL,-,13.18%,-,-,-,-,-,-,-,-,-,-,-,7.18,1.34%,846
PPFFR,-,8.50%,-,-,-,-,-,-,-,-,-,-,-,17.22,0.03%,"20,999"
PPFFV,-,8.15%,-,-,-,-,-,-,-,-,-,-,-,21.83,0.09%,"59,026"
PPFG,24.87B,2.85%,0.49%,13.23%,9.47%,0.40,-,0.36,0.36,-,11.87%,9.93%,Jul 27/a,116.17,1.05%,"948,215"
PPFGC,14.80B,-,1.93%,7.67%,2.92%,1.51,0.67,1.51,1.59,10.73%,1.37%,0.53%,Aug 12/b,93.94,-0.43%,"1,054,267"
PPFI,-,0.99%,-,-,-,-,-,-,-,-,-,-,-,61.81,0.22%,"1,975"
PPFIG,-,4.53%,-,-,-,-,-,-,-,-,-,-,-,23.38,-0.07%,"14,553"
PPFIS,720.55M,3.48%,1.08%,11.02%,7.80%,0.07,-,0.36,0.62,-,24.86%,19.88%,Jul 30/a,71.98,0.39%,"48,498"
PPFIX,-,2.08%,-,-,-,-,-,-,-,-,-,-,-,53.37,-0.24%,"70,424"
PPFL,366.07M,13.26%,-,-,-,-,-,-,-,-,-,-,-,7.33,-1.21%,"373,219"
PPFLD,-,5.45%,-,-,-,-,-,-,-,-,-,-,-,19.48,0.57%,"103,996"
PPFLT,706.43M,15.95%,1.95%,4.77%,1.94%,3.04,3.04,1.55,1.55,80.48%,53.37%,17.44%,Aug 10/a,7.12,0.56%,"692,161"
PPFM,-,1.32%,-,-,-,-,-,-,-,-,-,-,-,56.51,0.68%,"20,221"
PPFN,656.16M,13.01%,-,-,-,-,-,-,-,-,-,-,-,6.64,-1.78%,"788,041"
PPFO,117.17M,7.29%,-,-,-,-,-,-,-,-,-,-,-,8.96,0.00%,"18,537"
PPFOE,-,0.22%,-,-,-,-,-,-,-,-,-,-,-,22.42,0.51%,"7,573"
PPFRL,-,6.93%,-,-,-,-,-,-,-,-,-,-,-,49.82,0.13%,"24,414"
PPFS,3.04B,4.12%,1.25%,11.14%,8.20%,0.02,-,0.31,0.99,-,30.47%,22.15%,Jul 29/a,23.30,-0.09%,"766,507"
PPFSA,1.47M,-,-2860.46%,-,-,0.03,0.03,-,-,-,-,-,-,2.43,-2.80%,"78,100"
PPFSI,3.66B,1.14%,1.45%,9.38%,3.67%,0.09,0.09,1.47,3.57,86.65%,30.07%,8.21%,Jul 29/a,70.36,0.79%,"329,616"
PPFX,87.53M,-,1.52%,2.97%,1.52%,1.37,1.37,0.94,0.94,98.32%,57.43%,18.59%,Aug 05/a,45.32,0.60%,"3,431"
PPFXF,-,6.16%,-,-,-,-,-,-,-,-,-,-,-,17.88,1.13%,"1,127,936"
PPG,337.41B,3.02%,12.75%,30.25%,20.69%,0.68,0.47,0.43,0.65,50.87%,23.86%,18.10%,Jul 29/b,145.27,1.61%,"11,531,756"
PPGAC,32.13M,-,3.45%,3.55%,7.48%,0.06,0.06,0.00,0.04,-,-,-,-,10.75,-0.09%,43
PPGC,811.94M,0.44%,0.68%,7.72%,6.88%,0.08,-,0.05,0.16,-,15.51%,11.05%,Jul 27/a,45.80,-0.52%,"105,478"
PPGEN,2.45B,-,-115.88%,-837.08%,-111.95%,4.58,3.89,2.23,2.26,89.19%,-46.08%,-392.81%,Aug 04/a,6.85,2.54%,"2,061,200"
PPGF,-,6.65%,-,-,-,-,-,-,-,-,-,-,-,13.18,0.27%,"196,713"
PPGHY,-,7.15%,-,-,-,-,-,-,-,-,-,-,-,19.53,0.05%,"20,661"
PPGJ,-,3.41%,-,-,-,-,-,-,-,-,-,-,-,22.49,0.50%,"7,947"
PPGNY,2.10B,-,10.65%,16.24%,16.53%,2.14,2.14,0.05,0.06,24.57%,8.55%,6.00%,Aug 06/a,27.35,1.00%,"1,244,647"
PPGP,98.65M,9.73%,-,-,-,-,-,-,-,-,-,-,-,8.51,0.12%,"38,516"
PPGR,126.46B,4.46%,10.09%,34.94%,28.03%,0.74,-,0.22,0.24,-,16.56%,12.85%,Aug 04/b,217.62,0.66%,"1,643,536"
PPGRI,-,0.11%,-,-,-,-,-,-,-,-,-,-,-,26.33,1.16%,8
PPGRO,-,0.02%,-,-,-,-,-,-,-,-,-,-,-,46.67,0.81%,"4,488"
PPGX,-,6.61%,-,-,-,-,-,-,-,-,-,-,-,10.43,0.19%,"4,244,459"
PPGY,1.67B,-,8.20%,26.39%,9.92%,1.47,1.47,1.15,1.58,39.76%,22.87%,9.25%,Jul 30/b,19.97,-1.63%,"2,302,706"
PPGZ,64.13M,13.15%,-,-,-,-,-,-,-,-,-,-,-,9.58,0.31%,"22,517"
PPH,119.77B,0.84%,12.09%,25.08%,16.33%,1.26,0.74,0.45,0.57,37.89%,21.95%,16.97%,Aug 06/b,950.23,1.70%,"345,591"
PPHAR,793.44M,-,2.00%,3.77%,2.44%,3.01,2.31,0.46,0.49,84.83%,6.10%,2.49%,Jul 30/b,11.21,3.75%,"39,069"
PPHAT,676.33M,-,-34.32%,-,-58.35%,1.92,1.87,-,-,82.92%,-16.96%,-41.34%,Jul 30/b,8.36,-0.12%,"1,389,081"
PPHAXU,-,-,-,-,-,0.32,0.32,-,-,-,-,-,-,-,-,0
PPHDG,-,1.68%,-,-,-,-,-,-,-,-,-,-,-,41.18,1.02%,"9,216"
PPHEQ,-,0.92%,-,-,-,-,-,-,-,-,-,-,-,35.31,0.48%,"10,517"
PPHG,24.04B,4.01%,4.21%,10.24%,6.39%,1.26,0.82,0.55,0.65,45.93%,9.12%,6.30%,Jul 27/a,24.59,-0.04%,"765,447"
PPHI,3.99B,8.19%,4.24%,20.84%,6.18%,0.44,0.43,2.39,2.70,57.74%,22.13%,12.17%,Jul 30,18.49,2.21%,"114,912"
PPHIN,2.43B,1.78%,3.49%,8.52%,5.33%,1.81,1.34,0.64,0.69,21.16%,8.82%,3.73%,Jul 30/b,66.24,0.35%,"219,527"
PPHIO,11.97M,-,-100.78%,-113.71%,-102.40%,8.39,8.39,0.00,0.00,-,-,-,Aug 07/b,1.03,1.98%,"95,587"
PPHK,816.14M,13.21%,-,-,-,-,-,-,-,-,-,-,-,4.36,-1.58%,"2,103,424"
PPHM,22.17B,0.82%,10.64%,14.90%,12.76%,5.28,0.48,0.15,0.19,25.04%,15.57%,11.62%,Jul 22/b,118.26,1.59%,"1,265,265"
PPHO,-,0.59%,-,-,-,-,-,-,-,-,-,-,-,68.49,0.62%,"66,663"
PPHOE,420.55M,-,-18.98%,-26.01%,-19.50%,5.46,5.46,0.00,0.01,4.56%,-16.82%,-16.69%,-,19.47,2.58%,"2,395"
PPHOS,-,-,-,-,-,-,-,-,-,-,-,-,-,15.36,2.33%,"32,584"
PPHOX,-,-,-,-,-,-,-,-,-,-,-,-,-,23.70,1.51%,392
PPHR,639.95M,-,1.98%,3.12%,2.41%,1.76,1.76,0.17,0.18,60.12%,5.01%,2.06%,Sep 02/a,10.31,1.38%,"526,899"
PPHUN,41.54M,-,-12.87%,-13.72%,-14.65%,19.84,19.84,0.00,0.01,60.96%,-643.98%,-471.72%,Aug 06/a,2.03,0.50%,"161,592"
PPHVS,2.66B,-,-64.08%,-71.14%,-57.86%,11.94,11.94,0.00,0.00,-,-,-,Aug 12/b,38.02,1.36%,"1,449,491"
PPHYL,-,7.69%,-,-,-,-,-,-,-,-,-,-,-,34.25,-0.12%,"189,104"
PPHYS,15.93B,-,-,-,-,-,-,-,-,-,-,-,-,32.86,0.58%,"4,224,627"
PPI,5.40B,-,-5.17%,-12.87%,-6.14%,3.28,2.29,0.90,1.15,52.28%,-1.80%,-7.26%,Jul 29/a,176.82,2.93%,"461,678"
PPICB,-,3.47%,-,-,-,-,-,-,-,-,-,-,-,22.89,0.18%,"32,544"
PPICK,-,2.08%,-,-,-,-,-,-,-,-,-,-,-,63.35,0.14%,"508,278"
PPICS,1.32B,-,3.08%,30.55%,3.09%,5.56,5.56,5.69,5.69,55.91%,5.69%,9.79%,Aug 24/a,10.21,-2.81%,"408,484"
PPID,-,3.58%,-,-,-,-,-,-,-,-,-,-,-,22.41,0.31%,"139,613"
PPIE,-,1.69%,-,-,-,-,-,-,-,-,-,-,-,33.58,0.65%,"45,340"
PPIEL,-,-,-,-,-,-,-,-,-,-,-,-,-,28.64,0.75%,7
PPIEQ,-,1.15%,-,-,-,-,-,-,-,-,-,-,-,36.83,1.06%,"23,621"
PPIFI,-,4.53%,-,-,-,-,-,-,-,-,-,-,-,92.11,-0.07%,232
PPII,3.33B,4.59%,-4.92%,-25.76%,-9.18%,1.20,0.47,2.39,2.46,19.56%,1.76%,-3.50%,Jul 28/b,58.51,0.98%,"575,876"
PPIII,61.21M,-,-14.20%,-168.78%,-54.49%,0.46,0.46,1.50,1.81,-0.90%,-9.89%,-7.19%,Aug 10/a,8.43,0.84%,"40,265"
PPILL,-,0.38%,-,-,-,-,-,-,-,-,-,-,-,18.05,-1.96%,"63,390"
PPIM,148.41M,8.57%,-,-,-,-,-,-,-,-,-,-,-,3.08,-0.65%,"16,157"
PPINC,-,1.20%,-,-,-,-,-,-,-,-,-,-,-,49.58,-0.16%,191
PPINE,322.64M,6.71%,0.93%,2.31%,0.89%,-,-,1.17,1.17,42.06%,38.78%,5.26%,Jul 23/a,18.31,-0.97%,"133,322"
PPINK,-,0.65%,-,-,-,-,-,-,-,-,-,-,-,38.69,0.34%,"83,881"
PPINS,10.79B,-,4.90%,6.46%,6.09%,3.81,3.81,0.41,0.41,79.47%,6.27%,5.46%,Aug 04/a,19.05,1.44%,"13,770,272"
PPIO,-,0.93%,-,-,-,-,-,-,-,-,-,-,-,43.26,0.44%,"2,608"
PPIPE,-,3.72%,-,-,-,-,-,-,-,-,-,-,-,30.68,-0.26%,175
PPIPR,5.40B,2.86%,14.34%,23.62%,22.39%,0.82,0.82,0.00,0.13,93.74%,23.06%,14.49%,Jul 30/b,76.43,0.42%,"569,120"
PPIT,-,5.66%,-,-,-,-,-,-,-,-,-,-,-,83.13,-1.08%,"76,620"
PPIZ,-,1.54%,-,-,-,-,-,-,-,-,-,-,-,54.00,1.11%,"14,746"
PPJAN,-,-,-,-,-,-,-,-,-,-,-,-,-,50.59,0.40%,"30,278"
PPJFG,-,-,-,-,-,-,-,-,-,-,-,-,-,117.16,0.93%,"3,507"
PPJFM,-,0.58%,-,-,-,-,-,-,-,-,-,-,-,66.49,1.32%,11
PPJFV,-,0.56%,-,-,-,-,-,-,-,-,-,-,-,100.94,1.32%,"4,668"
PPJIN,-,-,-,-,-,-,-,-,-,-,-,-,-,50.25,0.93%,46
PPJIO,-,0.19%,-,-,-,-,-,-,-,-,-,-,-,61.97,0.95%,274
PPJP,-,0.86%,-,-,-,-,-,-,-,-,-,-,-,124.09,-0.52%,"26,426"
PPJSM,-,-,-,-,-,-,-,-,-,-,-,-,-,50.21,1.04%,"1,902"
PPJT,4.17B,0.61%,12.21%,83.23%,27.83%,2.28,2.28,1.30,1.34,-,21.02%,10.58%,Jul 28/b,163.21,-4.97%,"486,827"
PPJUL,-,-,-,-,-,-,-,-,-,-,-,-,-,49.65,0.50%,"18,868"
PPJUN,-,-,-,-,-,-,-,-,-,-,-,-,-,43.99,0.59%,"18,396"
PPJUS,-,-,-,-,-,-,-,-,-,-,-,-,-,52.59,0.96%,6
PPK,3.08B,6.60%,-1.98%,-5.02%,-2.87%,0.28,0.28,0.85,1.33,18.34%,11.92%,-6.45%,Aug 06/a,15.28,-0.26%,"2,116,303"
PPKB,-,0.21%,-,-,-,-,-,-,-,-,-,-,-,94.84,1.99%,"17,650"
PPKBK,408.36M,2.13%,2.05%,13.92%,12.74%,0.18,-,0.04,0.51,-,39.40%,30.09%,Jul 22/b,34.72,0.38%,"39,924"
PPKE,690.82M,1.20%,9.60%,10.79%,9.69%,15.29,14.20,0.00,0.00,31.92%,19.81%,16.70%,Jul 20/a,31.76,3.42%,"304,620"
PPKG,20.88B,2.26%,6.85%,14.79%,7.67%,2.94,1.86,0.92,0.94,20.11%,12.63%,7.21%,Jul 22/a,234.40,0.86%,"876,500"
PPKOH,673.06M,1.08%,1.89%,7.19%,2.55%,2.40,1.26,1.75,1.80,17.31%,5.26%,1.66%,Aug 05/a,46.45,1.46%,"49,907"
PPKW,-,0.74%,-,-,-,-,-,-,-,-,-,-,-,151.18,0.88%,"18,443"
PPKX,19.04B,2.83%,1.27%,2.38%,1.83%,1.98,1.37,0.36,0.55,7.93%,3.04%,1.88%,Jul 29/a,62.94,2.18%,"191,501"
PPL,5.99B,-,-33.83%,-71.97%,-33.97%,2.84,2.81,0.88,0.88,55.38%,-25.68%,-95.13%,Sep 03/a,16.45,-1.44%,"11,856,360"
PPLA,-,6.73%,-,-,-,-,-,-,-,-,-,-,-,25.61,0.33%,462
PPLAB,1.71B,-,8.82%,13.72%,12.89%,4.94,4.61,0.00,0.00,33.65%,22.47%,19.04%,Aug 26/b,28.99,2.15%,"621,489"
PPLAG,10.18M,-,-100.22%,-461.66%,-,0.30,0.24,-,-,1.80%,-201.80%,-308.01%,-,0.71,-0.21%,"366,201"
PPLAY,283.18M,-,-1.58%,-52.52%,-1.81%,0.29,0.20,34.83,35.79,11.70%,5.99%,-3.09%,Sep 14/a,8.14,-0.37%,"1,461,944"
PPLBC,436.47M,2.10%,1.83%,15.41%,11.32%,0.10,-,0.16,0.38,-,34.36%,28.60%,Jul 15/b,62.72,0.38%,"49,237"
PPLBL,2.08B,-,-,-,-,-,-,-,-,-,-,-,-,5.67,0.18%,"110,451"
PPLBY,136.58M,-,0.10%,2.39%,0.15%,0.79,0.64,7.74,8.05,72.70%,4.82%,0.23%,Aug 10/a,1.14,-0.44%,"602,531"
PPLCE,54.04M,-,-14.24%,-,-40.38%,0.89,0.17,-,-,26.45%,-5.86%,-9.09%,Jun 12/a,2.43,0.00%,"226,277"
PPLCI,104.70M,-,-,-,-,-,-,-,-,-,-,-,-,9.89,-0.30%,"18,813"
PPLD,131.27B,3.15%,4.24%,7.91%,4.69%,0.89,0.89,0.67,0.69,44.51%,38.58%,45.73%,Jul 16/b,135.75,1.00%,"2,375,450"
PPLG,186.72M,-,-5.15%,-7.86%,-5.45%,58.49,58.49,0.00,0.00,-,-,-,Jul 15/a,1.46,0.00%,"814,763"
PPLGI,-,0.32%,-,-,-,-,-,-,-,-,-,-,-,25.55,0.62%,"15,596"
PPLGO,2.08B,2.42%,3.89%,17.64%,13.62%,1.42,-,0.32,0.32,-,21.06%,16.14%,Aug 12/a,25.20,0.12%,"356,916"
PPLIB,-,1.76%,-,-,-,-,-,-,-,-,-,-,-,31.69,0.86%,18
PPLMK,114.20M,-,2.76%,2.89%,2.85%,0.21,0.21,0.00,0.00,-,-,-,-,10.67,0.19%,"1,492"
PPLMR,3.52B,0.67%,8.13%,22.23%,15.91%,1.20,-,0.30,0.30,-,24.87%,18.61%,Aug 04/a,133.66,0.56%,"160,053"
PPLNT,3.83B,-,7.77%,-,10.56%,1.56,1.54,-,-,39.32%,30.95%,16.88%,Aug 06/b,50.75,1.54%,"1,459,319"
PPLOW,928.62M,2.93%,7.37%,17.96%,10.06%,2.16,1.03,0.71,0.97,26.42%,11.27%,7.36%,Aug 03/b,40.24,-0.69%,"116,454"
PPLPC,2.07B,0.20%,6.49%,9.02%,8.02%,2.99,1.88,0.09,0.10,31.44%,8.98%,5.82%,Jul 29/a,423.54,4.83%,"57,010"
PPLRX,72.45M,-,-37.69%,-50.29%,-53.22%,9.90,9.90,0.18,0.20,-,-,-,Aug 11/a,1.17,3.54%,"173,460"
PPLRZ,26.16M,-,-24.72%,-25.38%,-15.89%,29.03,29.03,0.00,0.00,-,-,-,-,11.03,-1.78%,"76,584"
PPLSE,3.79B,-,-67.90%,-78.49%,-76.55%,9.63,9.61,0.05,0.07,-43.21%,-7007.76%,-6755.78%,Aug 06/a,53.11,-2.43%,"664,328"
PPLSM,15.73M,-,-26.98%,-48.74%,-57.23%,1.84,1.69,0.01,0.71,81.24%,-33.20%,-72.48%,Aug 31/b,2.42,-1.22%,"22,890"
PPLTA,-,2.38%,-,-,-,-,-,-,-,-,-,-,-,17.35,1.73%,"23,831"
PPLTD,-,4.20%,-,-,-,-,-,-,-,-,-,-,-,5.40,-0.74%,"21,029,849"
PPLTG,-,29.48%,-,-,-,-,-,-,-,-,-,-,-,16.10,1.31%,"71,155"
PPLTK,881.08M,5.24%,-8.07%,-,-13.49%,1.14,1.14,-,-,73.48%,17.08%,-9.89%,Aug 06/b,2.31,4.05%,"1,125,581"
PPLTL,-,-,-,-,-,-,-,-,-,-,-,-,-,53.30,1.55%,346
PPLTM,-,-,-,-,-,-,-,-,-,-,-,-,-,17.23,0.76%,"109,777"
PPLTR,401.87B,-,31.68%,38.42%,30.21%,7.23,7.23,0.02,0.02,84.80%,42.80%,49.00%,Aug 03/a,167.23,0.83%,"15,410,390"
PPLTU,-,3.15%,-,-,-,-,-,-,-,-,-,-,-,45.59,1.58%,"540,107"
PPLTW,-,79.57%,-,-,-,-,-,-,-,-,-,-,-,22.34,0.90%,"149,656"
PPLTY,-,84.24%,-,-,-,-,-,-,-,-,-,-,-,33.92,0.21%,"198,037"
PPLTZ,-,-,-,-,-,-,-,-,-,-,-,-,-,10.08,-1.47%,"1,922,944"
PPLU,-,-,-,-,-,-,-,-,-,-,-,-,-,4.77,-3.64%,"335,966"
PPLUG,2.93B,-,-59.19%,-145.07%,-109.79%,2.32,1.32,1.57,1.78,-18.55%,-67.50%,-220.59%,Aug 10/a,2.10,-0.47%,"32,427,090"
PPLUL,-,-,-,-,-,-,-,-,-,-,-,-,-,7.27,-1.88%,"8,121"
PPLUN,141.70M,-,-,-,-,11.19,11.19,0.00,0.00,-,-,-,-,10.05,0.00%,25
PPLUR,14.57M,-,-74.95%,-,-,0.27,0.27,-,-,-5.71%,-2454.53%,-2344.59%,-,1.18,-5.60%,"9,629"
PPLUS,2.40B,1.13%,6.94%,12.16%,11.73%,2.02,1.81,0.00,0.00,24.20%,6.88%,5.12%,Aug 04/a,91.83,4.34%,"191,365"
PPLUT,40.29M,-,-,-,-,-,-,-,-,-,-,-,-,2.85,5.95%,20
PPLX,212.71M,-,20.07%,31.23%,24.00%,2.94,1.91,0.11,0.13,69.20%,28.89%,23.50%,Aug 12/b,2.64,-3.30%,"646,814"
PPLXS,6.81B,-,5.50%,12.58%,11.28%,1.49,0.72,0.08,0.20,9.58%,4.53%,4.03%,Jul 29/a,255.34,3.40%,"146,677"
PPLYX,100.19M,-,-89.21%,-96.56%,-62.61%,13.53,13.53,0.00,0.00,-,-,-,Sep 02,2.01,1.01%,"14,523"
PPLYY,-,147.66%,-,-,-,-,-,-,-,-,-,-,-,8.02,-0.63%,"1,329"
PPM,297.79B,3.14%,15.86%,-,32.10%,0.98,0.55,-,-,65.33%,37.32%,25.55%,Jul 22/b,191.06,0.68%,"5,320,950"
PPMA,16.87M,-,-59.67%,-,-,0.71,0.71,-,-,-18.37%,-37.40%,-39.40%,-,1.30,6.56%,"89,439"
PPMAP,-,-,-,-,-,-,-,-,-,-,-,-,-,27.58,0.15%,28
PPMAR,-,-,-,-,-,-,-,-,-,-,-,-,-,48.74,0.41%,"14,289"
PPMAU,-,-,-,-,-,-,-,-,-,-,-,-,-,26.92,0.19%,9
PPMAX,1.89M,-,-44.67%,-101.54%,-87.73%,1.80,1.80,0.07,0.19,42.00%,-30.46%,-49.33%,-,0.96,4.59%,"1,532,655"
PPMAY,-,-,-,-,-,-,-,-,-,-,-,-,-,42.13,0.47%,"12,272"
PPMBS,-,4.97%,-,-,-,-,-,-,-,-,-,-,-,47.51,-0.22%,"57,896"
PPMCB,4.83M,-,-38.12%,-44.94%,-56.20%,45.28,45.28,0.00,0.00,-,-,-,-,0.45,1.79%,"49,040"
PPMDE,-,-,-,-,-,-,-,-,-,-,-,-,-,26.18,0.17%,11
PPMEC,18.92M,-,-5.82%,-17.31%,-12.03%,1.36,1.36,0.53,1.40,13.47%,-6.40%,-3.12%,-,0.49,4.74%,"4,583,099"
PPMFB,-,-,-,-,-,-,-,-,-,-,-,-,-,27.62,0.16%,7
PPMI,12.46M,-,-268.26%,-,-1631.29%,1.02,0.22,0.00,0.92,17.90%,-248.10%,-444.33%,Aug 20/b,5.33,20.86%,"522,774"
PPMIO,-,4.32%,-,-,-,-,-,-,-,-,-,-,-,49.62,0.32%,"14,470"
PPMJA,-,-,-,-,-,-,-,-,-,-,-,-,-,27.78,0.14%,7
PPMJL,-,-,-,-,-,-,-,-,-,-,-,-,-,26.90,0.26%,119
PPMJN,-,-,-,-,-,-,-,-,-,-,-,-,-,26.94,0.22%,12
PPML,879.53M,6.85%,-,-,-,-,-,-,-,-,-,-,-,7.01,-0.57%,"482,160"
PPMM,254.43M,5.61%,-,-,-,-,-,-,-,-,-,-,-,5.94,0.34%,"154,393"
PPMMF,-,3.97%,-,-,-,-,-,-,-,-,-,-,-,100.28,0.00%,"94,506"
PPMMR,-,-,-,-,-,-,-,-,-,-,-,-,-,27.41,0.20%,7
PPMMY,-,-,-,-,-,-,-,-,-,-,-,-,-,27.07,0.15%,104
PPMN,121.60M,-,-127.57%,-172.30%,-85.48%,7.85,7.85,0.00,0.00,-,-,-,Aug 13/a,13.56,1.19%,"19,953"
PPMNV,-,-,-,-,-,-,-,-,-,-,-,-,-,26.34,0.17%,7
PPMO,267.42M,5.19%,-,-,-,-,-,-,-,-,-,-,-,9.76,-0.10%,"57,942"
PPMOC,-,-,-,-,-,-,-,-,-,-,-,-,-,26.44,0.13%,7
PPMSE,-,-,-,-,-,-,-,-,-,-,-,-,-,26.60,0.19%,"1,217"
PPMT,799.65M,17.45%,0.79%,8.94%,1.20%,0.04,0.04,6.50,12.37,92.54%,81.85%,6.62%,Jul 29/a,9.17,0.00%,"1,129,773"
PPMTL,-,-,-,-,-,-,-,-,-,-,-,-,-,26.12,1.08%,10
PPMTR,321.20M,-,3.18%,3.31%,3.25%,0.60,0.60,0.00,0.00,-,-,-,-,10.42,0.10%,"285,411"
PPMTS,259.44M,-,3.48%,-,5.49%,2.09,1.39,-,-,31.40%,9.22%,2.34%,Aug 06/b,22.50,-16.48%,"1,547,810"
PPMVP,105.72M,-,-64.04%,-70.93%,-105.20%,7.70,7.70,0.00,0.00,-,-,-,Aug 14/b,1.40,-2.78%,"539,350"
PPN,35.41M,-,-19.50%,-37.71%,-29.84%,1.50,1.05,0.08,0.25,8.62%,-15.80%,-15.68%,Aug 04/b,2.40,-1.23%,"19,330"
PPNAQ-U,203.26M,-,-,-,-,0.26,0.26,-,-,-,-,-,-,10.05,0.80%,"648,728"
PPNBK,116.37M,-,-0.58%,-8.44%,-6.21%,0.37,-,0.19,0.19,-,-11.86%,-9.76%,-,0.98,2.82%,"123,702"
PPNC,97.44B,2.99%,1.29%,12.47%,5.89%,0.11,-,1.01,1.36,-,26.27%,20.32%,Jul 15/b,244.24,0.52%,"1,068,043"
PPNFP,15.00B,2.01%,0.89%,7.65%,3.27%,0.09,-,0.69,0.75,-,23.36%,15.06%,Jul 22/a,99.27,0.13%,"983,759"
PPNI,155.97M,5.51%,-,-,-,-,-,-,-,-,-,-,-,6.53,-0.76%,"74,479"
PPNNT,233.76M,26.82%,0.81%,2.23%,1.04%,0.24,0.24,1.28,1.28,82.68%,32.23%,6.58%,Aug 10/a,3.58,1.13%,"467,068"
PPNOV,-,-,-,-,-,-,-,-,-,-,-,-,-,45.44,0.60%,"13,075"
PPNQI,-,-,-,-,-,-,-,-,-,-,-,-,-,51.10,1.07%,"16,513"
PPNR,9.03B,1.90%,9.63%,17.13%,11.87%,1.45,0.76,0.46,0.47,41.35%,21.83%,16.24%,Jul 28/b,56.58,-0.26%,"1,991,921"
PPNRG,334.10M,-,7.54%,11.72%,11.36%,1.49,1.49,0.00,0.00,25.76%,15.35%,14.08%,Aug 14/b,211.11,-1.59%,"51,037"
PPNTG,1.37B,-,3.61%,9.61%,3.96%,1.20,1.20,1.27,1.38,13.10%,6.30%,2.93%,Aug 05/a,39.20,-0.25%,"383,891"
PPNW,11.65B,3.85%,2.07%,9.30%,2.94%,0.59,0.41,2.09,2.35,27.69%,23.19%,11.52%,Aug 04/b,96.10,-0.51%,"858,117"
PPOAS,4.96M,-,-,-,-111.69%,5.11,4.67,0.02,0.09,-656.81%,-4713.43%,-4668.92%,-,0.17,1.72%,"73,462"
PPOCI,47.72M,-,-18.49%,-29.62%,-20.98%,2.10,1.74,0.17,0.21,13.85%,-16.44%,-17.03%,May 13/a,4.36,-0.68%,"48,979"
PPOCT,-,-,-,-,-,-,-,-,-,-,-,-,-,47.53,0.34%,"37,144"
PPODC,74.12M,-,-10.39%,-16.21%,-12.99%,1.05,1.05,0.00,0.01,11.81%,-5.01%,-5.01%,Aug 12/b,2.45,-3.16%,"115,058"
PPODD,9.15B,-,11.31%,26.02%,15.96%,2.45,1.80,0.65,0.67,72.16%,16.88%,12.29%,Aug 05/b,131.96,-2.02%,"1,747,977"
PPOEL,-,-,-,-,-,-,-,-,-,-,-,-,-,9.10,9.24%,"146,251"
PPOET,1.38B,-,-15.59%,-16.89%,-8.92%,24.46,24.46,0.00,0.01,-120.72%,-3624.61%,-4420.65%,Aug 13/b,7.95,4.61%,"8,151,359"
PPOLA,5.52M,-,-71.82%,-245.02%,-1120.89%,1.07,0.09,0.00,4.58,-78.14%,-181.88%,-207.92%,-,1.31,3.15%,"35,789"
PPOLE,316.35M,-,3.13%,3.27%,3.20%,43.94,43.94,0.01,0.01,-,-,-,-,10.72,-0.09%,"250,616"
PPOM,4.94M,-,-,-,-,-,-,-,-,-,-,-,May 14/a,0.73,-1.61%,"2,929"
PPONO,174.52M,-,-,-,-,8.52,8.52,0.00,0.00,-,-,-,-,10.06,0.05%,222
PPONX,-,-,-,-,-,-,-,-,-,-,-,-,-,13.21,-0.59%,"5,263"
PPONY,2.34B,-,-10.87%,-12.22%,-9.34%,15.94,15.94,0.01,0.01,16.23%,-214.04%,-118.35%,Aug 18/b,6.64,0.08%,"3,134,377"
PPOOL,6.29B,2.75%,10.70%,31.08%,14.05%,2.67,0.91,1.25,1.35,29.58%,10.76%,7.37%,Jul 23/b,173.04,-1.55%,"906,170"
PPOR,5.67B,4.50%,1.95%,6.45%,2.76%,0.98,0.86,1.26,1.26,35.09%,17.28%,7.67%,Jul 31/b,48.24,-0.66%,"689,241"
PPOST,3.52B,-,2.24%,8.29%,2.74%,1.85,0.99,2.48,2.48,26.33%,10.29%,3.48%,Aug 06/a,80.19,-0.11%,"557,390"
PPOW,-,0.15%,-,-,-,-,-,-,-,-,-,-,-,26.15,2.63%,"25,003"
PPOWA,-,0.96%,-,-,-,-,-,-,-,-,-,-,-,88.19,1.19%,"1,971"
PPOWI,2.92B,1.64%,3.18%,3.62%,3.68%,7.07,4.70,0.00,0.00,53.64%,7.93%,5.58%,Aug 05/a,52.28,5.21%,"1,009,720"
PPOWL,6.65B,0.59%,15.59%,28.25%,25.19%,1.97,1.82,0.00,0.00,30.01%,19.79%,16.49%,Aug 03/a,182.50,3.17%,"371,385"
PPOWR,-,1.72%,-,-,-,-,-,-,-,-,-,-,-,25.64,0.71%,"114,933"
PPOWW,247.21M,-,1.68%,1.96%,2.64%,4.74,4.74,0.04,0.05,59.37%,10.45%,6.42%,Aug 10/b,2.13,0.47%,"396,318"
PPPA,-,0.39%,-,-,-,-,-,-,-,-,-,-,-,161.81,0.70%,"152,666"
PPPBT,2.79M,-,-101.51%,-111.29%,-200.79%,3.70,3.70,0.00,0.01,-,-,-,Aug 07/b,1.72,-1.15%,"146,092"
PPPC,7.20B,-,5.42%,14.57%,8.02%,1.36,0.62,0.81,0.83,9.51%,6.42%,2.96%,Jul 29/a,30.24,1.04%,"1,106,877"
PPPCB,3.23M,-,-99.62%,-131.52%,-169.10%,2.37,2.37,0.10,0.16,-,-,-,-,0.92,-2.31%,"233,024"
PPPG,23.45B,2.75%,7.02%,19.56%,10.39%,1.58,1.15,0.79,0.88,37.46%,13.22%,9.54%,Jul 28/a,105.50,0.43%,"1,600,170"
PPPH,-,1.99%,-,-,-,-,-,-,-,-,-,-,-,109.44,-0.15%,"128,970"
PPPHC,347.19M,3.05%,-16.50%,-39.74%,-23.58%,1.60,1.60,0.51,0.65,14.84%,-3.15%,-19.72%,Aug 10/a,11.49,1.95%,"177,494"
PPPI,-,1.31%,-,-,-,-,-,-,-,-,-,-,-,21.09,0.49%,"19,486"
PPPIH,253.31M,-,7.39%,17.94%,11.27%,2.19,1.92,0.48,0.57,30.26%,12.06%,6.89%,Sep 09/b,30.91,5.24%,"132,340"
PPPL,25.65B,3.35%,2.85%,8.63%,3.63%,0.91,0.73,1.32,1.35,28.72%,24.09%,13.46%,Aug 07/b,34.08,-0.38%,"5,600,750"
PPPLI,2.79B,-,5.53%,8.24%,6.41%,3.69,3.69,0.27,0.28,60.13%,0.92%,19.79%,Aug 03/a,37.51,-0.08%,"912,133"
PPPLT,-,-,-,-,-,-,-,-,-,-,-,-,-,16.26,0.81%,"1,564,255"
PPPSI,33.96M,-,-21.83%,-26.68%,-29.97%,4.11,2.92,0.04,0.05,16.08%,-30.11%,-35.37%,Aug 17/b,3.06,3.03%,"69,657"
PPPT,316.33M,9.43%,-,-,-,-,-,-,-,-,-,-,-,3.31,-0.30%,"146,197"
PPPTA,2.96B,-,-35.98%,-37.79%,-32.15%,12.30,12.30,0.00,0.01,-,-,-,Aug 15/a,23.63,-0.17%,"713,150"
PPPTY,-,2.61%,-,-,-,-,-,-,-,-,-,-,-,32.64,0.48%,169
PPQAP,-,0.02%,-,-,-,-,-,-,-,-,-,-,-,32.65,0.42%,"5,029"
PPQDI,-,5.75%,-,-,-,-,-,-,-,-,-,-,-,19.00,-0.11%,"2,828"
PPQJA,-,0.01%,-,-,-,-,-,-,-,-,-,-,-,32.28,0.48%,"5,107"
PPQJL,-,0.01%,-,-,-,-,-,-,-,-,-,-,-,30.98,0.60%,"5,769"
PPQNT,-,0.35%,-,-,-,-,-,-,-,-,-,-,-,23.38,1.02%,"1,783"
PPQOC,-,0.00%,-,-,-,-,-,-,-,-,-,-,-,32.10,0.53%,"3,996"
PPQUS,-,-,-,-,-,-,-,-,-,-,-,-,-,28.45,0.95%,"35,139"
PPQV,-,-,-,-,-,-,-,-,-,-,-,-,-,25.57,0.59%,223
PPQX,-,-,-,-,-,-,-,-,-,-,-,-,-,25.49,0.41%,196
PPQXV,-,-,-,-,-,-,-,-,-,-,-,-,-,25.45,0.33%,6
PPQXX,-,-,-,-,-,-,-,-,-,-,-,-,-,25.39,0.30%,7
PPR,19.92B,2.69%,6.86%,11.51%,8.19%,0.62,0.62,0.26,0.26,39.18%,35.95%,21.52%,Aug 05/a,23.78,0.34%,"6,551,744"
PPRAA,712.68M,-,-4.97%,-22.25%,-5.49%,27.91,27.91,3.62,3.72,65.99%,37.18%,-19.90%,Aug 06/a,18.93,0.85%,"620,607"
PPRAB,-,2.34%,-,-,-,-,-,-,-,-,-,-,-,24.79,-0.08%,11
PPRAE,-,0.47%,-,-,-,-,-,-,-,-,-,-,-,41.56,0.71%,17
PPRAM,-,-,-,-,-,-,-,-,-,-,-,-,-,24.67,-0.02%,"20,259"
PPRAX,9.34B,-,-36.80%,-38.86%,-25.29%,15.73,15.73,0.00,0.00,-,-,-,Aug 06/b,334.58,-1.18%,"175,410"
PPRAY,-,0.62%,-,-,-,-,-,-,-,-,-,-,-,35.05,0.87%,"19,127"
PPRCH,1.87B,-,-1.69%,-,-3.49%,1.45,1.45,-,-,62.29%,8.37%,-2.67%,Jul 29/a,16.45,0.98%,"925,434"
PPRCS,-,0.12%,-,-,-,-,-,-,-,-,-,-,-,28.58,0.75%,"15,116"
PPRCT,1.17B,-,-22.12%,-30.24%,-26.44%,6.54,5.34,0.22,0.23,63.74%,-33.86%,-32.54%,Aug 04/a,20.38,1.54%,"1,573,244"
PPRDO,2.07B,1.88%,13.47%,17.55%,16.46%,4.69,4.68,0.04,0.05,72.62%,24.56%,20.63%,Aug 06/a,33.02,0.55%,"541,361"
PPRE,402.36M,-,-39.86%,-57.62%,-72.58%,4.04,3.66,0.00,0.01,63.22%,-35.48%,-47.43%,Aug 18/b,23.47,-0.80%,"143,971"
PPREF,-,5.39%,-,-,-,-,-,-,-,-,-,-,-,18.65,0.05%,"134,842"
PPRF,-,1.33%,-,-,-,-,-,-,-,-,-,-,-,55.96,0.87%,"341,891"
PPRFD,-,5.95%,-,-,-,-,-,-,-,-,-,-,-,49.92,-0.09%,"10,248"
PPRFX,2.62M,-,-35.16%,-43.75%,-33.51%,5.07,5.07,0.00,0.00,-3716.13%,-16629.03%,-17158.06%,Sep 03/b,0.86,-7.27%,"88,810"
PPRFZ,-,0.80%,-,-,-,-,-,-,-,-,-,-,-,53.61,0.68%,"72,253"
PPRG,1.47B,1.52%,7.23%,17.18%,8.67%,7.48,3.91,1.10,1.10,37.08%,8.50%,5.57%,Jul 29/b,36.96,-0.51%,"510,404"
PPRGO,1.90B,8.46%,-19.24%,-48.75%,-29.22%,2.32,1.32,1.36,1.37,33.32%,6.42%,-41.85%,Aug 05/b,13.66,0.52%,"1,828,740"
PPRGS,1.64B,-,3.74%,18.57%,4.88%,0.81,0.81,2.61,2.62,71.41%,18.54%,8.87%,Jun 30/a,39.92,-1.70%,"282,416"
PPRHI,32.74M,-,-9.49%,-56.67%,-32.99%,1.11,-,0.73,0.73,-,-35.38%,-49.57%,-,8.74,4.17%,"13,658"
PPRI,9.00B,1.64%,6.49%,32.86%,18.72%,2.43,-,0.68,0.68,-,31.69%,22.76%,Aug 05/a,292.44,1.18%,"169,347"
PPRIM,4.05B,0.42%,3.04%,8.89%,5.22%,1.18,1.15,0.66,0.80,8.62%,3.03%,1.92%,Aug 04/a,75.28,3.17%,"818,721"
PPRIV,-,4.65%,-,-,-,-,-,-,-,-,-,-,-,24.44,-0.18%,"5,682"
PPRIZ,-,0.54%,-,-,-,-,-,-,-,-,-,-,-,24.92,-0.34%,"7,842"
PPRK,3.39B,2.68%,1.68%,12.59%,10.82%,0.13,-,0.02,0.09,-,33.59%,25.13%,Jul 27/a,187.44,-0.17%,"97,940"
PPRKS,1.65B,0.58%,4.97%,-,7.54%,0.48,0.36,-,-,34.87%,20.67%,8.11%,Aug 04/b,36.50,-3.72%,"674,732"
PPRLB,1.96B,-,3.97%,4.49%,4.40%,3.64,3.43,0.00,0.00,45.42%,7.33%,5.44%,Jul 31/b,81.98,2.80%,"102,647"
PPRLD,366.30M,-,-39.76%,-57.73%,-40.70%,4.07,4.07,0.11,0.13,92.92%,-300.56%,-269.75%,Aug 11/b,4.59,-1.71%,"520,540"
PPRM,5.17B,-,-11.85%,-30.87%,-14.19%,1.57,0.93,1.34,1.35,44.45%,-50.60%,-44.86%,Jul 31/b,31.56,3.34%,"1,141,985"
PPRMB,7.51B,2.31%,1.03%,3.59%,1.18%,1.05,0.86,1.86,1.91,31.04%,10.36%,1.49%,Aug 05/b,20.75,0.92%,"4,824,080"
PPRME,567.71M,-,-71.16%,-373.29%,-131.10%,3.05,3.05,2.60,2.83,-81.64%,-4824.94%,-4613.11%,Aug 06/b,3.13,-6.57%,"3,077,070"
PPRMR,-,-,-,-,-,-,-,-,-,-,-,-,-,28.60,0.91%,"10,823"
PPRN,-,0.10%,-,-,-,-,-,-,-,-,-,-,-,201.67,2.88%,"15,791"
PPRNT,-,0.73%,-,-,-,-,-,-,-,-,-,-,-,24.09,0.79%,"4,452"
PPROF,218.08M,-,-58.45%,-73.53%,-62.30%,6.46,5.31,0.06,0.15,71.79%,-185.31%,-171.57%,Aug 06/a,5.97,0.17%,"362,007"
PPROK,544.18M,-,-27.10%,-,-,8.36,8.36,-,-,-600.61%,-21664.55%,-10288.39%,Aug 10/a,1.80,-2.17%,"1,072,321"
PPROP,50.87M,-,-5.46%,-32.09%,-7.22%,0.25,0.23,2.16,2.17,60.12%,35.02%,-0.80%,Aug 17/b,0.45,3.27%,"780,504"
PPROV,116.14M,3.01%,0.54%,5.22%,3.85%,0.07,-,0.37,1.26,-,16.15%,11.15%,Jul 28/b,18.63,-0.43%,"16,781"
PPRPL,14.26M,-,-17.14%,-11027.43%,-654.43%,0.52,0.27,-,-,41.78%,-6.64%,-10.74%,Aug 10/a,3.27,-2.68%,"20,155"
PPRPO,48.91M,-,-6.05%,-8.98%,-6.90%,1.77,1.56,0.19,0.24,37.35%,-5.68%,-4.47%,Aug 14/a,27.32,1.52%,"89,109"
PPRQR,256.84M,-,-31.23%,-57.88%,-48.66%,3.49,3.49,0.11,0.17,85.00%,-234.12%,-229.34%,Aug 13/b,1.86,-4.12%,"581,225"
PPRSD,-,4.05%,-,-,-,-,-,-,-,-,-,-,-,24.81,0.06%,"10,626"
PPRSO,8.14M,-,-116.42%,-181.24%,-144.64%,3.17,2.23,0.01,0.03,56.60%,-85.86%,-85.63%,Aug 11/a,0.54,1.77%,"177,971"
PPRSU,1.32B,-,4.38%,7.88%,5.31%,1.61,1.47,0.45,0.45,34.17%,16.12%,8.54%,Aug 05/a,48.55,0.89%,"208,835"
PPRT,25.18M,10.58%,5.77%,5.94%,10.98%,3.70,3.70,0.00,0.00,-,77.48%,77.48%,-,2.07,-3.27%,"33,910"
PPRTA,458.44M,-,-12.54%,-14.39%,-15.12%,25.05,25.05,0.01,0.02,93.18%,-109.79%,-80.67%,Aug 06/a,8.93,-1.00%,"376,275"
PPRTH,489.70M,-,2.48%,-,5.82%,1.10,1.10,-,-,20.71%,13.77%,5.61%,Aug 06/b,5.94,3.04%,"659,855"
PPRTO,-,-,-,-,-,-,-,-,-,-,-,-,-,27.78,0.42%,11
PPRTS,75.09M,-,-14.78%,-46.31%,-27.39%,1.67,0.66,0.77,0.90,29.37%,-5.08%,-5.35%,Aug 06/a,9.31,7.13%,"279,756"
PPRU,41.14B,4.70%,0.51%,12.61%,7.09%,2.28,-,0.75,1.10,-,7.58%,5.98%,Aug 04/a,119.24,0.64%,"1,173,887"
PPRVA,2.61B,-,2.04%,3.84%,3.56%,1.62,1.62,0.01,0.01,9.52%,1.90%,1.19%,Aug 06/b,20.42,0.25%,"924,284"
PPRVS,-,0.51%,-,-,-,-,-,-,-,-,-,-,-,32.92,0.67%,"11,498"
PPRVT,-,0.79%,-,-,-,-,-,-,-,-,-,-,-,23.45,0.00%,0
PPRXG,-,0.10%,-,-,-,-,-,-,-,-,-,-,-,39.86,0.95%,"6,221"
PPRXI,-,-,-,-,-,-,-,-,-,-,-,-,-,25.63,1.09%,23
PPRXV,-,1.49%,-,-,-,-,-,-,-,-,-,-,-,35.90,0.81%,"4,435"
PPRZO,22.64M,-,-93.27%,-132.67%,-90.21%,5.10,4.88,0.04,0.08,29.25%,-448.87%,-425.97%,Aug 26/b,0.78,-2.60%,"728,312"
PPS,15.07B,0.78%,-,-,-,0.60,0.60,0.19,0.19,-,-,-,Aug 12/a,37.67,2.36%,"264,796"
PPSA,55.40B,4.06%,10.06%,22.03%,10.92%,0.67,0.67,1.04,1.11,48.63%,45.75%,37.74%,Jul 29/a,296.50,0.64%,"683,263"
PPSAI,-,0.09%,-,-,-,-,-,-,-,-,-,-,-,28.27,1.48%,23
PPSBD,311.42M,14.80%,-2.51%,-6.75%,-2.79%,1.96,1.96,1.71,1.71,84.67%,15.08%,-30.91%,Aug 05/b,10.16,-0.68%,"58,291"
PPSC,-,0.53%,-,-,-,-,-,-,-,-,-,-,-,68.04,0.41%,"73,352"
PPSCC,-,1.75%,-,-,-,-,-,-,-,-,-,-,-,34.61,0.28%,"19,952"
PPSCD,-,1.04%,-,-,-,-,-,-,-,-,-,-,-,112.11,1.13%,113
PPSCE,-,1.99%,-,-,-,-,-,-,-,-,-,-,-,64.35,0.27%,"10,594"
PPSCF,-,2.20%,-,-,-,-,-,-,-,-,-,-,-,64.87,-0.12%,"1,073"
PPSCH,-,0.01%,-,-,-,-,-,-,-,-,-,-,-,52.95,-0.30%,"5,705"
PPSCI,-,0.50%,-,-,-,-,-,-,-,-,-,-,-,166.66,1.16%,"1,718"
PPSCJ,-,-,-,-,-,-,-,-,-,-,-,-,-,32.18,0.51%,21
PPSCM,-,1.03%,-,-,-,-,-,-,-,-,-,-,-,97.11,-0.38%,361
PPSCQ,-,-,-,-,-,-,-,-,-,-,-,-,-,32.04,0.41%,10
PPSCT,-,0.01%,-,-,-,-,-,-,-,-,-,-,-,79.21,2.30%,"35,003"
PPSCU,-,1.00%,-,-,-,-,-,-,-,-,-,-,-,63.89,0.31%,520
PPSCW,-,-,-,-,-,-,-,-,-,-,-,-,-,30.58,0.28%,6
PPSCX,-,-,-,-,-,-,-,-,-,-,-,-,-,33.38,0.48%,695
PPSDM,-,4.84%,-,-,-,-,-,-,-,-,-,-,-,50.47,-0.02%,"21,555"
PPSEC,1.17B,18.92%,2.32%,3.37%,2.57%,0.16,0.16,0.33,0.41,66.16%,67.36%,7.19%,Aug 20/a,2.22,1.83%,"2,076,008"
PPSEP,-,-,-,-,-,-,-,-,-,-,-,-,-,46.81,0.47%,"131,723"
PPSET,-,0.66%,-,-,-,-,-,-,-,-,-,-,-,78.08,1.04%,"2,650"
PPSF,226.25M,8.04%,-,-,-,-,-,-,-,-,-,-,-,18.81,-0.27%,"27,281"
PPSFD,-,-,-,-,-,-,-,-,-,-,-,-,-,40.78,0.50%,269
PPSFE,331.05M,-,-4.39%,-30.25%,-6.72%,1.17,1.17,4.43,4.47,40.41%,5.68%,-11.82%,Aug 13/b,6.34,1.44%,"221,758"
PPSFF,-,-,-,-,-,-,-,-,-,-,-,-,-,35.05,0.56%,"65,588"
PPSFJ,-,-,-,-,-,-,-,-,-,-,-,-,-,35.81,0.44%,"18,124"
PPSFM,-,-,-,-,-,-,-,-,-,-,-,-,-,35.58,0.34%,8
PPSFO,-,-,-,-,-,-,-,-,-,-,-,-,-,35.62,0.53%,9
PPSH,-,6.49%,-,-,-,-,-,-,-,-,-,-,-,49.47,-0.04%,"13,345"
PPSHG,20.89M,-,6.94%,10.98%,5.72%,3.91,3.85,0.84,0.90,50.91%,41.83%,30.24%,Jul 29/b,1.68,-1.18%,"37,340"
PPSI,-,0.03%,-,-,-,-,-,-,-,-,-,-,-,139.70,2.71%,"293,077"
PPSIG,41.14M,-,-,-,-,0.79,0.79,-,-,1.87%,-5.69%,-28.63%,-,2.67,16.81%,"1,792,091"
PPSIL,-,6.88%,-,-,-,-,-,-,-,-,-,-,-,24.77,0.28%,"23,932"
PPSIX,971.29M,-,15.23%,40.07%,20.70%,2.57,1.49,0.61,0.66,23.69%,13.00%,10.03%,Aug 06/a,42.11,4.52%,"320,116"
PPSK,-,7.36%,-,-,-,-,-,-,-,-,-,-,-,29.07,0.14%,"70,302"
PPSKY,11.89B,2.08%,-1.39%,-4.36%,-2.27%,1.04,0.88,1.32,1.38,28.57%,7.85%,-2.13%,Aug 04/a,10.60,2.12%,"8,178,769"
PPSL,-,0.76%,-,-,-,-,-,-,-,-,-,-,-,109.95,0.36%,426
PPSLV,12.74B,-,-,-,-,-,-,-,-,-,-,-,-,20.95,0.29%,"6,758,053"
PPSMD,-,-,-,-,-,-,-,-,-,-,-,-,-,35.05,0.37%,7
PPSMJ,-,-,-,-,-,-,-,-,-,-,-,-,-,34.42,0.50%,"21,949"
PPSMO,-,-,-,-,-,-,-,-,-,-,-,-,-,33.35,0.38%,7
PPSMR,-,-,-,-,-,-,-,-,-,-,-,-,-,32.79,0.28%,11
PPSMT,5.27B,0.81%,6.74%,12.06%,9.58%,1.28,0.53,0.18,0.23,17.63%,4.56%,2.76%,Jul 08/a,170.81,0.77%,"175,392"
PPSN,4.89B,-,2.66%,6.12%,3.72%,1.66,1.66,0.61,0.63,21.96%,5.40%,2.50%,Jul 29/b,45.75,-0.28%,"1,471,127"
PPSNL,1.73B,-,-37.55%,-50.32%,-40.39%,5.24,5.08,0.13,0.16,12.69%,-164.07%,-153.84%,Aug 04/a,16.21,-0.73%,"1,407,019"
PPSNY,1.28B,-,-56.06%,-,-,0.32,0.22,-,-,-16.87%,-47.18%,-66.99%,Sep 03/b,7.84,1.55%,"197,568"
PPSO,9.40B,2.28%,5.04%,9.15%,6.41%,2.00,1.94,0.50,0.53,52.03%,14.53%,8.78%,Jul 31/b,15.69,0.58%,"625,286"
PPSOX,-,-,-,-,-,-,-,-,-,-,-,-,-,45.71,2.26%,"1,590"
PPSP,-,5.93%,-,-,-,-,-,-,-,-,-,-,-,60.22,0.53%,"10,868"
PPSQ,-,4.41%,-,-,-,-,-,-,-,-,-,-,-,25.93,-0.88%,"9,297,043"
PPSQA,-,4.08%,-,-,-,-,-,-,-,-,-,-,-,20.77,0.49%,"73,927"
PPSQH,16.59M,-,-50.68%,-218.18%,-109.25%,1.47,1.46,6.84,8.67,34.50%,-96.44%,-132.73%,Jul 29/b,4.93,0.41%,"16,356"
PPSQL,1.69B,-,-,-,-0.89%,0.17,0.17,0.00,0.00,-,-,-,-,7.98,2.44%,"475,029"
PPSQO,-,4.44%,-,-,-,-,-,-,-,-,-,-,-,20.84,-0.02%,"46,634"
PPSR,-,2.60%,-,-,-,-,-,-,-,-,-,-,-,101.11,0.65%,495
PPST,-,2.68%,-,-,-,-,-,-,-,-,-,-,-,24.49,0.46%,"15,578"
PPSTL,828.25M,4.23%,1.88%,4.90%,1.94%,9.15,9.15,1.21,1.21,54.60%,37.62%,13.54%,Aug 04/a,23.20,0.48%,"205,315"
PPSTP,-,-,-,-,-,-,-,-,-,-,-,-,-,37.40,0.49%,"6,545"
PPSTR,-,4.60%,-,-,-,-,-,-,-,-,-,-,-,31.81,0.57%,"7,903"
PPSUS,3.85B,-,-,-,-,-,-,-,-,-,-,-,Aug 13/b,38.49,1.74%,"205,228"
PPSWD,-,0.23%,-,-,-,-,-,-,-,-,-,-,-,43.70,-0.81%,"2,359"
PPSX,103.53B,1.96%,8.98%,24.01%,14.09%,1.32,1.00,0.60,0.65,7.92%,5.90%,4.62%,Aug 05/b,259.47,0.37%,"2,581,925"
PPTA,984.42M,9.03%,-,-,-,-,-,-,-,-,-,-,-,17.81,0.11%,"250,663"
PPTAC,218.09M,-,-,-,-,2.08,2.08,0.00,0.00,-,-,-,-,9.97,-0.10%,6
PPTBD,-,6.14%,-,-,-,-,-,-,-,-,-,-,-,18.86,0.30%,"15,688"
PPTC,14.19B,-,19.32%,35.25%,24.48%,1.02,1.02,0.45,0.46,82.89%,39.78%,41.67%,Jul 29/a,130.78,1.60%,"1,669,741"
PPTCT,5.51B,-,-1.30%,-,-8.39%,3.39,3.28,-,-,89.00%,11.57%,-3.80%,Jul 30/a,66.06,-1.94%,"792,889"
PPTEN,4.90B,3.11%,-1.64%,-2.79%,-2.06%,1.75,1.57,0.41,0.41,4.86%,-0.71%,-1.92%,Jul 29/a,12.85,-0.39%,"7,934,090"
PPTEU,-,1.74%,-,-,-,-,-,-,-,-,-,-,-,33.92,0.86%,766
PPTF,-,0.01%,-,-,-,-,-,-,-,-,-,-,-,102.14,1.45%,"59,682"
PPTGX,9.59B,-,10.34%,10.98%,9.77%,21.71,21.71,0.01,0.01,99.45%,20.69%,29.40%,Aug 05/a,148.18,2.08%,"478,038"
PPTH,-,2.51%,-,-,-,-,-,-,-,-,-,-,-,60.77,0.31%,"17,099"
PPTHS,83.84M,-,-124.96%,-881.53%,-121.74%,1.98,1.31,-,-,66.80%,-133.42%,-199.50%,Aug 13/b,21.90,-2.36%,"18,952"
PPTIN,-,2.12%,-,-,-,-,-,-,-,-,-,-,-,37.52,1.27%,"3,638"
PPTIR,-,-,-,-,-,-,-,-,-,-,-,-,-,16.95,1.56%,"2,315,598"
PPTL,-,1.16%,-,-,-,-,-,-,-,-,-,-,-,277.72,0.75%,"12,012"
PPTLC,-,0.99%,-,-,-,-,-,-,-,-,-,-,-,59.57,0.88%,"49,430"
PPTLE,45.26M,-,-9.49%,-24.75%,-13.23%,2.60,2.60,0.00,0.00,1.27%,-0.62%,-1.65%,-,7.20,2.93%,"37,250"
PPTLO,310.61M,-,0.87%,2.95%,1.31%,0.26,0.20,1.21,1.44,16.59%,6.48%,1.85%,Aug 05/a,4.09,-0.24%,"1,017,082"
PPTMC,-,1.63%,-,-,-,-,-,-,-,-,-,-,-,40.34,0.90%,"12,027"
PPTN,21.00M,-,-73.72%,-297.24%,-58.46%,5.04,5.04,0.01,0.03,-3.40%,-68.70%,-48.50%,May 13/b,11.80,-1.83%,"20,607"
PPTNQ,-,0.80%,-,-,-,-,-,-,-,-,-,-,-,86.18,0.92%,"11,187"
PPTNT,-,-,-,-,-,-,-,-,-,-,-,-,-,24.46,1.28%,46
PPTON,2.17B,-,3.02%,-,4.21%,2.84,2.58,-,-,51.34%,8.71%,2.58%,Aug 06/b,4.95,0.61%,"4,753,873"
PPTOR,338.80M,-,-,-,-,1.58,1.58,0.00,0.00,-,-,-,-,9.99,-0.13%,"14,953"
PPTRB,-,5.23%,-,-,-,-,-,-,-,-,-,-,-,40.28,-0.07%,"157,382"
PPTRN,3.56B,-,-15.41%,-25.68%,-20.04%,2.35,1.51,0.06,0.08,43.23%,1.36%,-4.57%,Aug 05/a,20.05,0.96%,"817,122"
PPTY,2.49B,12.49%,-,-,-,-,-,-,-,-,-,-,-,11.43,-1.47%,"2,082,179"
PPUBM,751.12M,-,-1.96%,-5.59%,-4.96%,1.27,1.27,0.14,0.17,64.43%,-4.69%,-4.66%,Aug 06/a,16.49,1.60%,"686,520"
PPUI,-,2.13%,-,-,-,-,-,-,-,-,-,-,-,43.80,-0.13%,"1,757"
PPUK,32.95B,2.33%,1.72%,19.19%,14.14%,5.10,-,0.30,0.30,-,9.34%,12.10%,Aug 26/a,26.68,-0.34%,"793,998"
PPUL,-,-,-,-,-,-,-,-,-,-,-,-,-,35.59,8.40%,225
PPULM,5.15M,-,-85.40%,-98.35%,-156.94%,4.70,4.70,0.00,0.00,-,-,-,Aug 13/b,1.41,-3.42%,"7,269"
PPULS,-,4.82%,-,-,-,-,-,-,-,-,-,-,-,49.57,0.02%,"2,986,082"
PPUMP,1.41B,-,-0.81%,-1.50%,-0.77%,4.09,4.00,0.82,0.90,8.30%,-0.86%,-1.15%,Jul 29/b,11.45,-0.43%,"3,963,551"
PPUR,-,-,-,-,-,-,-,-,-,-,-,-,-,31.17,10.57%,"177,408"
PPURR,2.30B,-,30.85%,33.94%,16.96%,41.62,41.62,0.00,0.00,-,-60.10%,2552.32%,Aug 27/b,11.61,5.45%,"22,047,879"
PPUSA,101.18M,-,-16.30%,-17.20%,-10.49%,52.40,52.37,0.01,0.02,-101.18%,-205.79%,-154.23%,Sep 02,3.66,-0.27%,"273,676"
PPUSH,-,3.44%,-,-,-,-,-,-,-,-,-,-,-,50.18,0.04%,"25,684"
PPVAL,-,0.89%,-,-,-,-,-,-,-,-,-,-,-,53.89,0.69%,"1,016,425"
PPVEX,-,0.07%,-,-,-,-,-,-,-,-,-,-,-,30.83,1.00%,438
PPVH,3.26B,0.22%,-1.47%,-3.50%,-1.97%,1.65,0.93,0.79,0.87,59.03%,8.55%,-1.89%,Sep 02/a,70.64,1.86%,"876,468"
PPVI,-,2.21%,-,-,-,-,-,-,-,-,-,-,-,24.91,0.18%,"1,662"
PPVL,61.71M,11.66%,14.79%,14.92%,15.91%,33.48,33.48,0.00,0.00,80.29%,69.14%,73.08%,-,1.87,1.08%,"32,555"
PPVLA,2.16B,-,-37.70%,-46.63%,-25.78%,21.18,21.18,0.10,0.10,-,-,-,Aug 04/b,150.13,-0.17%,"163,366"
PPW,2.63M,-,-5.78%,-29.35%,-6.62%,3.44,3.44,4.02,4.19,75.62%,41.13%,-79.35%,-,7.16,6.15%,"17,407"
PPWB,-,-,-,-,-,-,-,-,-,-,-,-,-,156.87,1.48%,"76,711"
PPWCM,1.88M,-,-95.39%,-147.82%,-184.97%,0.99,0.99,0.14,1.16,-31.04%,-328.27%,-432.41%,Aug 14/b,1.05,-4.55%,"174,271"
PPWER,-,0.72%,-,-,-,-,-,-,-,-,-,-,-,46.20,0.42%,879
PPWP,1.44B,1.89%,3.55%,-,17.91%,1.94,1.94,-,-,96.74%,2.84%,3.22%,Jul 31/b,14.79,-2.50%,"1,586,595"
PPWR,97.81B,0.07%,5.51%,15.17%,8.60%,1.10,1.05,0.60,0.69,13.68%,6.41%,4.03%,Jul 30/b,650.58,5.15%,"941,200"
PPWRD,-,0.06%,-,-,-,-,-,-,-,-,-,-,-,107.81,2.11%,"58,617"
PPWRL,442.83M,-,-,-,-,-,-,-,-,-,-,-,-,10.26,0.59%,"164,317"
PPWRZ,-,1.87%,-,-,-,-,-,-,-,-,-,-,-,30.20,-0.30%,"1,315"
PPWS,-,2.08%,-,-,-,-,-,-,-,-,-,-,-,32.69,0.57%,"1,910"
PPWV,-,1.61%,-,-,-,-,-,-,-,-,-,-,-,81.99,0.38%,"133,248"
PPWZ,-,3.90%,-,-,-,-,-,-,-,-,-,-,-,23.13,0.26%,"1,483,726"
PPXE,-,1.55%,-,-,-,-,-,-,-,-,-,-,-,42.65,0.05%,"13,417"
PPXED,967.51M,2.48%,13.64%,26.16%,21.81%,1.92,1.92,0.17,0.20,56.50%,17.10%,8.18%,Jul 14/a,26.84,0.19%,"59,433"
PPXF,-,2.98%,-,-,-,-,-,-,-,-,-,-,-,79.65,1.03%,"103,032"
PPXH,-,4.09%,-,-,-,-,-,-,-,-,-,-,-,29.86,0.50%,"202,307"
PPXI,-,1.12%,-,-,-,-,-,-,-,-,-,-,-,65.79,0.37%,"6,130"
PPXJ,-,2.13%,-,-,-,-,-,-,-,-,-,-,-,47.37,0.59%,"14,484"
PPXLW,43.19M,-,-39.89%,-,-46.53%,35.56,35.56,0.00,0.01,50.13%,-79.15%,-73.07%,Aug 11/a,7.14,3.78%,"29,341"
PPXS,70.39M,-,4.43%,8.83%,4.84%,4.72,4.68,0.75,0.83,42.15%,30.65%,20.00%,Aug 31/a,6.88,-1.85%,"59,720"
PPY,-,1.77%,-,-,-,-,-,-,-,-,-,-,-,57.50,1.14%,"7,039"
PPYLD,-,6.08%,-,-,-,-,-,-,-,-,-,-,-,25.78,-0.04%,"3,352,736"
PPYPD,104.61M,-,-119.05%,-243.59%,-555.57%,1.35,1.14,0.05,0.29,-,-,-,Aug 12/b,5.15,-0.19%,"100,183"
PPYPG,-,-,-,-,-,-,-,-,-,-,-,-,-,7.28,1.47%,"273,603"
PPYPL,45.96B,0.63%,6.03%,24.50%,15.62%,1.29,1.29,0.58,0.72,40.86%,18.94%,14.27%,Jul 28/b,53.72,0.77%,"9,995,768"
PPYPU,-,0.52%,-,-,-,-,-,-,-,-,-,-,-,31.93,1.67%,"1,557"
PPYPY,-,61.32%,-,-,-,-,-,-,-,-,-,-,-,26.34,1.18%,"18,340"
PPYXS,267.74M,-,-99.62%,-179.10%,-323.25%,1.34,1.34,1.40,1.56,40.46%,-834.44%,-803.83%,Aug 13/b,3.21,-1.83%,"1,129,486"
PPYZ,-,0.49%,-,-,-,-,-,-,-,-,-,-,-,121.09,-0.04%,685
PPZA,-,3.93%,-,-,-,-,-,-,-,-,-,-,-,22.12,0.27%,"5,149,055"
PPZG,113.24M,-,-28.53%,-47.53%,-35.01%,2.71,2.71,0.33,0.33,-,-,-,May 13,1.32,0.76%,"274,241"
PPZIV,-,-,-,-,-,-,-,-,-,-,-,-,-,30.25,0.58%,"1,283"
PPZLV,-,-,-,-,-,-,-,-,-,-,-,-,-,31.28,1.23%,47
PPZT,-,3.94%,-,-,-,-,-,-,-,-,-,-,-,21.11,0.48%,"632,166"
PPZZA,676.87M,4.62%,3.22%,-,6.24%,0.83,0.71,-,-,15.69%,4.69%,1.34%,Aug 06/b,20.56,-4.19%,"2,100,418"
QQ,26.44B,0.19%,4.36%,6.44%,5.00%,2.01,1.50,0.61,0.62,42.30%,21.71%,11.25%,Aug 04/b,126.40,2.50%,"865,585"
QQABA,-,2.27%,-,-,-,-,-,-,-,-,-,-,-,67.65,0.26%,"1,604"
QQADR,250.75M,-,-,-,0.44%,3.49,3.49,0.00,0.00,-,-,-,-,10.06,0.00%,13
QQAI,-,1.39%,-,-,-,-,-,-,-,-,-,-,-,36.37,0.36%,"31,033"
QQALT,-,3.68%,-,-,-,-,-,-,-,-,-,-,-,26.34,0.42%,"10,149"
QQARP,-,1.00%,-,-,-,-,-,-,-,-,-,-,-,67.65,0.86%,842
QQAT,-,4.91%,-,-,-,-,-,-,-,-,-,-,-,17.32,0.40%,"8,250"
QQAU,-,-,-,-,-,-,-,-,-,-,-,-,-,25.59,0.57%,6
QQB,-,0.75%,-,-,-,-,-,-,-,-,-,-,-,48.75,0.25%,"1,581"
QQBER,-,3.28%,-,-,-,-,-,-,-,-,-,-,-,23.83,-0.19%,"5,214"
QQBF,-,1.67%,-,-,-,-,-,-,-,-,-,-,-,17.73,0.14%,"1,445"
QQBIF,-,-,-,-,-,-,-,-,-,-,-,-,-,26.52,0.36%,"3,083"
QQBIG,-,-,-,-,-,-,-,-,-,-,-,-,-,41.53,1.06%,"3,331"
QQBIV,-,-,-,-,-,-,-,-,-,-,-,-,-,27.33,0.68%,"8,784"
QQBKF,-,-,-,-,-,-,-,-,-,-,-,-,-,26.01,0.04%,"1,614"
QQBKV,-,-,-,-,-,-,-,-,-,-,-,-,-,27.18,0.41%,"7,471"
QQBQF,-,-,-,-,-,-,-,-,-,-,-,-,-,25.93,0.06%,9
QQBQV,-,-,-,-,-,-,-,-,-,-,-,-,-,26.82,0.56%,313
QQBSF,-,-,-,-,-,-,-,-,-,-,-,-,-,27.41,0.35%,"3,531"
QQBSV,-,-,-,-,-,-,-,-,-,-,-,-,-,27.24,0.54%,"3,665"
QQBTS,6.26B,-,-24.84%,-27.98%,-22.01%,20.55,20.42,0.04,0.04,-7.31%,-1372.88%,-2001.59%,Aug 06/b,16.80,0.84%,"11,953,697"
QQBTX,-,-,-,-,-,-,-,-,-,-,-,-,-,6.00,1.52%,"2,344,359"
QQBTZ,-,-,-,-,-,-,-,-,-,-,-,-,-,17.42,-1.39%,"358,412"
QQBUF,-,-,-,-,-,-,-,-,-,-,-,-,-,30.69,0.21%,"26,451"
QQBUL,-,8.83%,-,-,-,-,-,-,-,-,-,-,-,24.09,0.22%,266
QQBY,-,188.34%,-,-,-,-,-,-,-,-,-,-,-,5.78,-1.37%,"9,833"
QQCAP,-,-,-,-,-,-,-,-,-,-,-,-,-,25.22,0.42%,"6,155"
QQCJA,-,-,-,-,-,-,-,-,-,-,-,-,-,23.73,0.42%,10
QQCJL,-,-,-,-,-,-,-,-,-,-,-,-,-,25.67,0.33%,946
QQCLN,-,0.17%,-,-,-,-,-,-,-,-,-,-,-,49.49,2.00%,"187,851"
QQCLR,-,0.49%,-,-,-,-,-,-,-,-,-,-,-,27.62,0.41%,14
QQCLS,14.00M,-,-82.79%,-108.00%,-85.83%,3.29,3.29,0.01,0.02,-,-,-,-,1.71,3.64%,"241,935"
QQCMD,-,3.92%,-,-,-,-,-,-,-,-,-,-,-,16.35,-2.76%,"13,685"
QQCML,-,-,-,-,-,-,-,-,-,-,-,-,-,18.30,5.72%,"887,588"
QQCMU,-,2.94%,-,-,-,-,-,-,-,-,-,-,-,22.78,6.00%,"209,656"
QQCOC,-,-,-,-,-,-,-,-,-,-,-,-,-,24.38,0.28%,791
QQCOM,191.11B,1.99%,16.50%,33.75%,22.90%,2.02,1.26,0.46,0.55,54.23%,23.50%,21.01%,Jul 29/a,181.97,2.88%,"11,556,632"
QQCRH,1.68B,0.37%,1.51%,12.91%,9.20%,0.05,-,0.34,0.57,-,25.23%,22.90%,Jul 22/a,102.57,0.63%,"71,093"
QQDEC,-,-,-,-,-,-,-,-,-,-,-,-,-,36.23,0.58%,"15,650"
QQDEF,-,1.55%,-,-,-,-,-,-,-,-,-,-,-,90.53,0.69%,"4,804"
QQDEL,807.82M,-,-17.34%,-45.91%,-23.49%,1.39,0.76,1.51,1.73,37.68%,-1.16%,-39.21%,Aug 06/a,11.78,-3.05%,"1,067,986"
QQDF,-,1.47%,-,-,-,-,-,-,-,-,-,-,-,91.50,0.85%,"20,645"
QQDIV,-,2.79%,-,-,-,-,-,-,-,-,-,-,-,39.58,0.51%,488
QQDPL,-,4.63%,-,-,-,-,-,-,-,-,-,-,-,46.04,0.59%,"122,094"
QQDTE,-,43.79%,-,-,-,-,-,-,-,-,-,-,-,28.64,0.97%,"398,977"
QQDTY,-,35.09%,-,-,-,-,-,-,-,-,-,-,-,38.78,1.04%,"20,697"
QQDVO,-,10.68%,-,-,-,-,-,-,-,-,-,-,-,29.61,0.51%,"132,038"
QQEFA,-,2.74%,-,-,-,-,-,-,-,-,-,-,-,99.98,0.56%,"25,636"
QQEMM,-,4.30%,-,-,-,-,-,-,-,-,-,-,-,82.01,0.94%,"3,489"
QQETA,43.90M,-,4.57%,6.10%,5.92%,0.05,0.05,0.00,0.06,-,-,-,-,11.82,-0.25%,15
QQETH,-,-,-,-,-,-,-,-,-,-,-,-,-,25.27,3.27%,"98,113"
QQEW,-,0.11%,-,-,-,-,-,-,-,-,-,-,-,29.33,0.62%,"19,350"
QQFF,-,-,-,-,-,-,-,-,-,-,-,-,-,24.21,0.59%,"6,847"
QQFHD,-,1.98%,-,-,-,-,-,-,-,-,-,-,-,27.48,0.56%,14
QQFIN,1.03B,12.07%,6.58%,15.18%,14.14%,0.69,0.69,0.03,0.12,78.85%,27.64%,22.21%,Aug 25/a,8.47,0.00%,"1,213,015"
QQFLR,-,-,-,-,-,-,-,-,-,-,-,-,-,35.33,0.71%,"64,357"
QQFRD,-,0.13%,-,-,-,-,-,-,-,-,-,-,-,29.11,1.06%,998
QQGEN,8.76B,0.62%,6.99%,11.93%,8.21%,2.85,2.31,0.48,0.49,61.80%,24.62%,19.49%,Aug 05/a,42.50,0.88%,"1,107,788"
QQGRD,-,-,-,-,-,-,-,-,-,-,-,-,-,29.32,0.62%,"16,067"
QQGRO,-,0.20%,-,-,-,-,-,-,-,-,-,-,-,116.33,1.02%,"62,496"
QQGRW,-,0.07%,-,-,-,-,-,-,-,-,-,-,-,66.85,0.84%,"322,382"
QQH,405.62M,-,-17.89%,-36.43%,-41.05%,1.03,1.03,0.00,0.32,0.49%,-7.23%,-5.93%,-,3.91,-2.74%,"1,361"
QQHY,-,6.31%,-,-,-,-,-,-,-,-,-,-,-,45.26,-0.00%,"51,548"
QQID,-,6.36%,-,-,-,-,-,-,-,-,-,-,-,14.33,-1.78%,"30,006,665"
QQIDX,-,0.87%,-,-,-,-,-,-,-,-,-,-,-,11.55,1.24%,766
QQIG,-,5.04%,-,-,-,-,-,-,-,-,-,-,-,42.90,0.09%,"1,305"
QQINT,-,2.71%,-,-,-,-,-,-,-,-,-,-,-,71.58,0.90%,"20,766"
QQIS,-,1.62%,-,-,-,-,-,-,-,-,-,-,-,12.37,-3.86%,45
QQJL,-,-,-,-,-,-,-,-,-,-,-,-,-,25.18,0.60%,6
QQJN,-,-,-,-,-,-,-,-,-,-,-,-,-,24.79,0.61%,8
QQJUN,-,-,-,-,-,-,-,-,-,-,-,-,-,33.43,0.59%,"18,511"
QQLC,-,0.91%,-,-,-,-,-,-,-,-,-,-,-,92.27,0.81%,"35,453"
QQLD,-,0.13%,-,-,-,-,-,-,-,-,-,-,-,89.55,1.74%,"3,360,148"
QQLDY,-,43.25%,-,-,-,-,-,-,-,-,-,-,-,40.34,0.59%,"37,302"
QQLEP,301.29M,-,-,-,-,8.28,8.28,0.00,0.00,-,-,-,-,10.05,0.20%,431
QQLTA,-,4.68%,-,-,-,-,-,-,-,-,-,-,-,45.76,-0.07%,"137,220"
QQLTI,-,0.61%,-,-,-,-,-,-,-,-,-,-,-,26.69,0.53%,"13,738"
QQLTY,-,0.70%,-,-,-,-,-,-,-,-,-,-,-,42.59,0.78%,"262,465"
QQLV,-,1.50%,-,-,-,-,-,-,-,-,-,-,-,79.36,0.62%,"1,466"
QQLVD,-,2.95%,-,-,-,-,-,-,-,-,-,-,-,34.07,0.37%,"5,010"
QQLVE,-,2.56%,-,-,-,-,-,-,-,-,-,-,-,34.53,0.97%,15
QQLYS,5.20B,-,19.92%,38.59%,34.02%,1.38,1.38,0.08,0.09,83.56%,35.04%,29.28%,Aug 04/a,150.28,-6.99%,"1,170,073"
QQMAG,-,-,-,-,-,-,-,-,-,-,-,-,-,25.80,0.43%,"59,816"
QQMAR,-,-,-,-,-,-,-,-,-,-,-,-,-,37.93,0.45%,"2,050"
QQMCO,929.29M,-,-132.46%,-,-,0.93,0.83,-,-,37.81%,-0.39%,-80.76%,Aug 10/a,23.58,2.39%,"786,221"
QQMFE,-,-,-,-,-,-,-,-,-,-,-,-,-,24.70,0.36%,"9,356"
QQMID,-,0.49%,-,-,-,-,-,-,-,-,-,-,-,29.50,0.81%,13
QQMLS,213.80M,-,-,-,-,0.80,0.80,-,-,-,-,-,Aug 25/a,6.39,-4.77%,"207,863"
QQMMY,-,-,-,-,-,-,-,-,-,-,-,-,-,26.51,0.58%,"2,510"
QQMNV,-,-,-,-,-,-,-,-,-,-,-,-,-,25.60,0.41%,"1,127"
QQMOM,-,0.48%,-,-,-,-,-,-,-,-,-,-,-,73.40,1.28%,"13,006"
QQMY,-,-,-,-,-,-,-,-,-,-,-,-,-,26.00,0.67%,6
QQNBC,279.22M,3.45%,0.63%,9.04%,5.65%,0.06,-,0.29,0.71,-,20.64%,12.44%,-,44.95,-0.11%,"6,488"
QQNC,372.93M,-,-38.90%,-45.48%,-37.56%,33.33,33.33,0.00,0.00,-2382.76%,-63156.98%,-60292.70%,Aug 14/b,1.70,-0.58%,"356,334"
QQNCX,30.05M,-,-76.68%,-153.84%,-85.24%,14.52,14.52,0.00,0.00,-,-,-,Aug 14/b,29.55,2.04%,"11,341"
QQNDX,-,-,-,-,-,-,-,-,-,-,-,-,-,24.21,0.83%,"331,440"
QQNME,10.50M,-,-35.44%,-67.93%,-41.07%,4.27,4.27,0.01,0.04,26.71%,-23.58%,-30.11%,-,0.31,-6.15%,"21,694"
QQNRX,13.65M,-,-179.96%,-579.57%,-477.79%,1.76,1.76,0.00,0.00,-,-,-,Aug 14/b,6.79,-1.59%,"65,673"
QQNST,1.05B,-,14.10%,28.65%,20.41%,1.22,1.22,0.23,0.24,11.27%,3.28%,6.28%,Aug 06/a,18.38,1.94%,"618,169"
QQNT,12.91B,-,-,-,-,15.49,15.49,0.07,0.08,-,-,-,Aug 11/a,49.03,0.74%,"1,017,649"
QQNTM,25.88M,-,-169.48%,-429.58%,-316.49%,1.20,1.19,0.00,0.12,-,-,-,Aug 13/a,3.20,-2.74%,"200,785"
QQNTU,-,-,-,-,-,-,-,-,-,-,-,-,-,7.29,1.91%,"59,640"
QQNXT,-,0.68%,-,-,-,-,-,-,-,-,-,-,-,30.51,0.53%,901
QQOWZ,-,0.24%,-,-,-,-,-,-,-,-,-,-,-,36.09,0.83%,162
QQPUX,-,-,-,-,-,-,-,-,-,-,-,-,-,12.68,0.56%,"268,746"
QQPX,-,-,-,-,-,-,-,-,-,-,-,-,-,48.46,1.24%,"45,870"
QQQA,-,9.91%,-,-,-,-,-,-,-,-,-,-,-,56.16,0.75%,"109,718"
QQQAU,-,-,-,-,-,-,-,-,-,-,-,-,-,25.56,0.50%,46
QQQDN,-,6.01%,-,-,-,-,-,-,-,-,-,-,-,20.61,-2.04%,"3,487"
QQQEW,-,0.20%,-,-,-,-,-,-,-,-,-,-,-,157.29,0.41%,"40,529"
QQQH,-,0.20%,-,-,-,-,-,-,-,-,-,-,-,84.00,1.23%,"60,826"
QQQHG,-,0.26%,-,-,-,-,-,-,-,-,-,-,-,66.34,0.41%,570
QQQJL,-,-,-,-,-,-,-,-,-,-,-,-,-,25.22,0.46%,6
QQQJN,-,-,-,-,-,-,-,-,-,-,-,-,-,24.91,0.48%,6
QQQLV,-,2.02%,-,-,-,-,-,-,-,-,-,-,-,24.81,0.54%,"1,257"
QQQMG,-,0.37%,-,-,-,-,-,-,-,-,-,-,-,49.81,0.92%,"16,390"
QQQMY,-,-,-,-,-,-,-,-,-,-,-,-,-,26.14,0.46%,13
QQQQ,-,0.42%,-,-,-,-,-,-,-,-,-,-,-,714.88,0.87%,"26,649,142"
QQQQA,-,0.03%,-,-,-,-,-,-,-,-,-,-,-,67.89,0.26%,"11,170"
QQQQD,-,3.23%,-,-,-,-,-,-,-,-,-,-,-,12.22,-0.73%,"85,920"
QQQQE,-,0.58%,-,-,-,-,-,-,-,-,-,-,-,118.24,0.57%,"96,148"
QQQQG,-,0.07%,-,-,-,-,-,-,-,-,-,-,-,30.37,0.05%,"6,113"
QQQQH,-,8.98%,-,-,-,-,-,-,-,-,-,-,-,54.62,0.67%,"29,420"
QQQQI,-,14.02%,-,-,-,-,-,-,-,-,-,-,-,54.56,0.89%,"3,219,762"
QQQQJ,-,0.55%,-,-,-,-,-,-,-,-,-,-,-,44.31,1.26%,"141,738"
QQQQM,-,0.44%,-,-,-,-,-,-,-,-,-,-,-,294.39,0.89%,"2,956,250"
QQQQP,-,-,-,-,-,-,-,-,-,-,-,-,-,216.50,1.91%,671
QQQQS,-,2.61%,-,-,-,-,-,-,-,-,-,-,-,43.00,0.73%,"3,281"
QQQQT,-,20.54%,-,-,-,-,-,-,-,-,-,-,-,17.66,0.63%,"15,753"
QQQQU,-,0.11%,-,-,-,-,-,-,-,-,-,-,-,59.32,2.16%,"24,184"
QQQQX,1.48B,8.14%,-,-,-,-,-,-,-,-,-,-,-,30.37,0.76%,"96,099"
QQQQY,-,32.91%,-,-,-,-,-,-,-,-,-,-,-,22.13,0.68%,"115,433"
QQQUP,-,0.60%,-,-,-,-,-,-,-,-,-,-,-,63.25,2.06%,"1,120"
QQQWZ,-,0.61%,-,-,-,-,-,-,-,-,-,-,-,28.86,1.03%,"2,901"
QQQXL,-,0.74%,-,-,-,-,-,-,-,-,-,-,-,54.91,2.00%,"2,545"
QQQXT,-,1.25%,-,-,-,-,-,-,-,-,-,-,-,98.60,0.30%,"1,166"
QQRED,161.04M,-,-,-,-,27.68,27.68,0.00,0.00,-,-,-,-,10.04,0.00%,"6,266"
QQRHC,28.90M,-,-12.21%,-50.31%,-19.52%,1.18,1.18,2.35,2.40,14.57%,1.04%,-7.07%,Aug 06/a,1.37,0.00%,"11,974"
QQRMI,-,12.39%,-,-,-,-,-,-,-,-,-,-,-,15.25,0.53%,"4,371"
QQRVO,10.29B,-,6.69%,11.56%,7.95%,3.54,2.68,0.45,0.45,48.47%,18.17%,10.95%,Jul 28/a,116.65,3.82%,"2,192,998"
QQS,3.27B,-,-34.66%,-39.08%,-36.60%,18.42,18.42,0.06,0.06,-,-,-,Jul 22/a,5.28,1.93%,"7,424,638"
QQSEA,107.78M,-,1.95%,2.05%,2.03%,0.10,0.10,0.00,0.00,-,-,-,-,10.64,0.00%,377
QQSI,161.97M,-,-43.98%,-49.11%,-54.25%,9.97,9.80,0.01,0.02,-262.24%,-5929.72%,-6138.26%,Aug 13/a,0.74,0.12%,"1,074,254"
QQSIG,-,4.47%,-,-,-,-,-,-,-,-,-,-,-,47.73,-0.08%,"1,775"
QQSIX,-,3.80%,-,-,-,-,-,-,-,-,-,-,-,42.04,0.88%,"2,921"
QQSML,-,0.53%,-,-,-,-,-,-,-,-,-,-,-,33.53,0.58%,"2,230"
QQSOL,-,0.66%,-,-,-,-,-,-,-,-,-,-,-,10.31,2.49%,"9,079"
QQSPT,-,-,-,-,-,-,-,-,-,-,-,-,-,35.83,0.57%,"28,335"
QQSR,34.98B,3.35%,5.51%,38.96%,6.63%,1.01,0.92,3.99,4.07,48.64%,27.20%,13.13%,Aug 06/b,76.96,0.61%,"3,210,693"
QQSU,-,-,-,-,-,-,-,-,-,-,-,-,-,5.36,4.28%,"16,004"
QQTAC,-,0.06%,-,-,-,-,-,-,-,-,-,-,-,24.20,1.44%,"111,407"
QQTAP,-,-,-,-,-,-,-,-,-,-,-,-,-,52.56,0.52%,14
QQTEC,-,0.01%,-,-,-,-,-,-,-,-,-,-,-,308.53,0.83%,"86,835"
QQTEX,59.70M,-,-197.15%,-397.89%,-525.23%,1.56,1.30,0.08,0.67,-154.67%,-4710.73%,-4574.39%,Mar 26/a,0.89,8.75%,"1,315,205"
QQTI,38.64M,-,-96.64%,-2125.24%,-116.44%,3.10,2.06,6.80,6.99,40.39%,-24.84%,-77.26%,Aug 12/a,2.64,1.54%,"25,847"
QQTJA,-,-,-,-,-,-,-,-,-,-,-,-,-,33.90,0.61%,"5,689"
QQTJL,-,-,-,-,-,-,-,-,-,-,-,-,-,42.12,1.05%,"2,311"
QQTOC,-,-,-,-,-,-,-,-,-,-,-,-,-,39.09,0.12%,"4,227"
QQTOP,-,0.33%,-,-,-,-,-,-,-,-,-,-,-,37.61,1.04%,"73,411"
QQTPI,-,4.27%,-,-,-,-,-,-,-,-,-,-,-,25.28,0.32%,"8,434"
QQTR,-,16.81%,-,-,-,-,-,-,-,-,-,-,-,33.74,0.82%,420
QQTRX,121.07M,-,-35.42%,-46.49%,-46.85%,3.40,2.45,0.11,0.14,42.69%,-63.91%,-80.25%,Aug 10/b,2.56,2.40%,"323,046"
QQTTB,330.44M,-,37.13%,72.14%,30.58%,20.28,20.28,0.04,0.05,99.34%,39.94%,62.87%,Aug 05/b,11.10,3.54%,"1,824,470"
QQTUM,-,0.80%,-,-,-,-,-,-,-,-,-,-,-,147.41,1.24%,"140,765"
QQTUP,-,-,-,-,-,-,-,-,-,-,-,-,-,15.59,0.13%,"55,610"
QQTWO,3.80B,-,7.82%,14.98%,13.61%,0.80,0.80,0.05,0.06,56.99%,10.44%,10.87%,Jul 29/a,60.89,0.93%,"365,964"
QQUA,-,-,-,-,-,-,-,-,-,-,-,-,-,13.20,1.57%,277
QQUAD,520.14M,3.96%,2.56%,29.48%,6.00%,0.87,0.60,3.17,3.76,18.54%,5.06%,1.31%,Jul 28/a,10.10,-0.10%,"184,300"
QQUAL,-,0.86%,-,-,-,-,-,-,-,-,-,-,-,220.20,0.81%,"1,025,963"
QQUBT,1.81B,-,-1.45%,-1.51%,-0.93%,53.13,52.44,0.01,0.01,-107.73%,-775.48%,-152.45%,Aug 10/a,7.99,2.17%,"4,766,489"
QQUBX,-,-,-,-,-,-,-,-,-,-,-,-,-,6.43,4.21%,"208,138"
QQUCY,112.65M,-,-,-,-,5.56,5.56,0.00,0.01,-,-,-,Apr 14,1.34,-2.19%,"371,148"
QQUIK,198.20M,-,-22.94%,-36.29%,-40.62%,2.11,2.02,0.03,0.25,27.32%,-68.85%,-80.18%,Aug 11/a,10.82,0.84%,"157,093"
QQUIZ,-,0.16%,-,-,-,-,-,-,-,-,-,-,-,29.55,1.13%,"10,455"
QQUMS,113.08M,-,3.65%,3.82%,1.91%,0.37,0.37,0.00,0.00,-,-,-,-,10.34,0.10%,358
QQURE,3.09B,-,-32.13%,-157.61%,-28.88%,10.01,10.01,1.69,1.70,15.02%,-1093.18%,-1350.73%,Jul 29/b,44.51,0.09%,"1,241,783"
QQUS,-,1.26%,-,-,-,-,-,-,-,-,-,-,-,192.34,0.77%,"5,997"
QQUSA,-,15.52%,-,-,-,-,-,-,-,-,-,-,-,17.78,0.62%,"17,113"
QQVAL,-,1.36%,-,-,-,-,-,-,-,-,-,-,-,61.07,0.90%,"21,135"
QQVC,-,-,-2.98%,-,-,3.36,2.49,-,-,22.83%,2.50%,-2.31%,-,-,-,0
QQVCG,842.50M,-,-2.98%,-,-,3.36,2.49,-,-,22.83%,2.50%,-2.31%,-,16.85,0.54%,"301,483"
QQVML,-,0.98%,-,-,-,-,-,-,-,-,-,-,-,45.38,0.85%,"35,816"
QQVMM,-,1.17%,-,-,-,-,-,-,-,-,-,-,-,34.68,0.76%,"2,622"
QQVMS,-,1.18%,-,-,-,-,-,-,-,-,-,-,-,33.43,0.63%,382
QQVMT,-,1.86%,-,-,-,-,-,-,-,-,-,-,-,66.39,0.86%,"6,197"
QQVOL,-,4.16%,-,-,-,-,-,-,-,-,-,-,-,99.00,1.07%,"8,273"
QQVOY,-,0.57%,-,-,-,-,-,-,-,-,-,-,-,29.10,0.51%,"62,310"
QQWLD,-,1.77%,-,-,-,-,-,-,-,-,-,-,-,156.64,0.83%,460
QQXL,95.76M,-,-92.30%,-301.51%,-84.71%,0.86,0.86,0.01,0.07,72.68%,41.70%,-199.04%,-,4.44,-3.69%,"63,756"
QQXO,12.77B,1.98%,-2.57%,-4.60%,-2.67%,4.11,3.29,0.55,0.57,17.19%,-1.42%,-6.64%,Aug 13/a,12.31,0.16%,"13,105,355"
QQXQ,-,1.01%,-,-,-,-,-,-,-,-,-,-,-,31.83,0.94%,"10,675"
QQYLD,-,11.57%,-,-,-,-,-,-,-,-,-,-,-,18.37,0.71%,"2,337,181"
QQYLG,-,7.54%,-,-,-,-,-,-,-,-,-,-,-,29.71,0.78%,"14,120"
RR,9.33B,1.47%,3.03%,16.60%,5.40%,0.65,0.65,2.15,2.94,19.35%,8.18%,3.82%,Jul 23/b,243.30,0.70%,"199,770"
RRA,673.00M,11.63%,-,-,-,-,-,-,-,-,-,-,-,12.18,-0.25%,"192,642"
RRAA,-,2.07%,-,-,-,-,-,-,-,-,-,-,-,30.36,0.33%,"68,150"
RRAAA,-,5.38%,-,-,-,-,-,-,-,-,-,-,-,25.06,0.14%,"9,916"
RRAAR,-,-,-,-,-,-,-,-,-,-,-,-,-,51.58,0.29%,"9,732"
RRAAX,-,1.97%,-,-,-,-,-,-,-,-,-,-,-,41.48,-0.12%,"352,302"
RRAC,256.00M,-,3.65%,3.78%,3.71%,7.72,7.72,0.00,0.00,-,-,-,-,10.58,0.09%,569
RRACC,102.81M,-,-,-,-,17.30,17.30,0.00,0.00,-,-,-,-,11.30,-1.22%,"21,396"
RRACD,107.64M,-,-,-,-,0.25,0.25,-,-,-,-,-,-,11.44,-2.35%,74
RRACE,65.90B,1.09%,16.59%,45.76%,28.37%,2.37,1.81,0.61,0.87,51.87%,29.78%,22.25%,Jul 30/b,413.78,1.26%,"257,311"
RRACK,-,-,-,-,-,-,-,-,-,-,-,-,-,48.62,1.29%,"17,361"
RRADX,28.63M,-,-76.21%,-161.31%,-108.51%,1.16,3.01,0.00,0.00,9.59%,-2556.26%,-1994.08%,Aug 28/a,1.98,-3.88%,"37,601"
RRAFE,-,1.44%,-,-,-,-,-,-,-,-,-,-,-,50.06,0.90%,"7,796"
RRAIL,223.31M,-,-4.25%,-,-7.29%,1.81,1.12,3.87,4.00,11.77%,3.03%,-2.77%,Aug 03/a,6.81,2.25%,"134,846"
RRAIN,8.65M,-,-593.22%,-,-,0.03,0.03,-,-,-274.08%,-96339.02%,-112028.80%,-,0.74,-3.08%,"90,108"
RRAL,7.44B,0.23%,-27.75%,-53.90%,-45.95%,1.52,1.00,0.75,0.75,46.87%,12.61%,-56.38%,Jul 30/b,67.25,3.97%,"1,123,630"
RRAM,-,-,-,-,-,-,-,-,-,-,-,-,-,13.41,1.75%,"8,890,068"
RRAML,-,-,-,-,-,-,-,-,-,-,-,-,-,13.93,1.58%,967
RRAMP,2.29B,-,12.31%,16.05%,15.46%,2.66,2.66,0.02,0.03,70.82%,12.92%,18.57%,Aug 05/a,37.60,-0.40%,"1,492,947"
RRAMZ,-,-,-,-,-,-,-,-,-,-,-,-,-,15.09,-2.01%,"389,547"
RRAND,31.33M,11.00%,-0.25%,-0.27%,-0.26%,1.83,1.83,0.10,0.10,77.18%,3.41%,-3.17%,Aug 05/b,10.55,-3.12%,578
RRANG,72.41M,-,5.16%,5.19%,16.08%,0.23,0.23,0.00,0.01,-,-,-,-,10.81,-0.37%,"2,143"
RRANI,117.45M,-,-77.54%,-179.10%,-72.71%,5.31,5.31,0.06,0.09,84.21%,-675.78%,-618.04%,Aug 13/a,0.84,2.51%,"312,325"
RRANK,-,-,-,-,-,-,-,-,-,-,-,-,-,18.99,0.84%,"3,975"
RRAPP,2.09B,-,-36.85%,-39.96%,-31.86%,15.72,15.72,0.02,0.02,95.20%,-767.58%,-685.80%,Aug 05/b,43.62,0.37%,"251,788"
RRARE,1.41B,-,-45.63%,-656.54%,-70.23%,1.73,1.56,-,-,78.47%,-73.77%,-81.79%,Aug 04/a,14.30,-0.69%,"3,253,692"
RRAUS,-,0.22%,-,-,-,-,-,-,-,-,-,-,-,30.04,0.86%,"2,295"
RRAVE,41.21M,-,17.08%,19.66%,17.79%,8.62,8.62,0.00,0.02,72.38%,28.40%,23.19%,-,2.90,-2.19%,"7,633"
RRAVI,-,4.26%,-,-,-,-,-,-,-,-,-,-,-,75.15,-0.05%,"742,135"
RRAYA,2.27M,-,-2.64%,-4.49%,-3.59%,2.09,1.26,0.10,0.35,18.14%,-7.19%,-6.09%,-,2.15,-1.83%,"5,301"
RRB,-,2.28%,-,-,-,-,-,-,-,-,-,-,-,46.81,-0.04%,12
RRBA,15.48B,1.58%,3.93%,8.08%,4.68%,1.31,1.22,0.71,0.75,35.06%,17.81%,9.00%,Aug 04/a,83.60,3.80%,"2,213,163"
RRBB,449.12M,2.43%,1.00%,7.93%,4.90%,0.12,-,0.59,0.60,-,23.06%,17.26%,Jul 20/a,26.55,-0.49%,"65,457"
RRBBN,355.86M,-,1.37%,4.09%,2.03%,1.31,1.03,0.96,1.01,45.91%,-1.50%,1.96%,Jul 28/a,1.99,1.53%,"585,226"
RRBC,15.67B,-,6.42%,9.75%,7.58%,2.53,0.98,0.22,0.25,41.96%,25.18%,16.40%,Jul 31/b,494.83,3.51%,"359,679"
RRBCAA,1.68B,2.06%,1.82%,11.55%,9.74%,0.09,-,0.14,0.22,-,32.84%,25.38%,Jul 24/b,96.27,-1.00%,"86,674"
RRBIL,-,4.03%,-,-,-,-,-,-,-,-,-,-,-,50.10,-0.02%,"32,696"
RRBKB,200.45M,-,0.72%,7.35%,6.48%,0.32,-,0.09,0.12,-,16.43%,12.99%,-,12.82,-1.91%,"49,351"
RRBLD,-,0.99%,-,-,-,-,-,-,-,-,-,-,-,85.22,0.83%,"4,146"
RRBLU,-,7.54%,-,-,-,-,-,-,-,-,-,-,-,5.00,2.46%,"232,979"
RRBLX,32.50B,-,-11.38%,-396.11%,-54.68%,0.66,0.66,11.04,12.08,25.67%,-20.72%,-17.60%,Jul 30/a,45.50,1.38%,"6,353,472"
RRBLY,-,165.76%,-,-,-,-,-,-,-,-,-,-,-,9.76,0.96%,"23,853"
RRBNE,1.54M,-,-,-,0.79%,10.33,10.33,0.00,0.00,38.29%,15.53%,0.51%,-,2.66,-0.37%,"45,905"
RRBRK,17.96B,-,-9.72%,-,-40.16%,1.56,1.55,-,-,80.21%,-18.31%,-16.50%,Aug 27/a,86.65,-2.54%,"2,992,486"
RRBUF,-,-,-,-,-,-,-,-,-,-,-,-,-,30.95,0.13%,"8,737"
RRC,270.91M,2.44%,-7.15%,-36.11%,-10.18%,1.45,0.50,3.38,3.74,48.74%,-96.05%,-230.67%,Aug 06/a,1.64,-1.20%,"814,833"
RRCAT,1.22B,-,-30.05%,-34.40%,-20.15%,14.86,12.29,0.03,0.03,9.75%,-150.15%,-136.26%,Aug 06/a,7.96,-1.49%,"5,304,279"
RRCAX,-,-,-,-,-,-,-,-,-,-,-,-,-,13.31,-3.92%,"33,475"
RRCBC,741.79M,0.36%,1.38%,14.52%,13.78%,0.08,-,0.00,0.00,-,37.03%,26.86%,Sep 02,52.24,-0.85%,"94,324"
RRCEL,245.42M,-,-81.36%,-1746.27%,-,0.41,0.34,-,-,81.56%,-46.57%,-56.96%,Aug 06/a,9.88,0.20%,"225,235"
RRCG,21.19M,0.70%,-,-,-,-,-,-,-,-,-,-,-,3.02,1.69%,"22,721"
RRCGE,-,1.69%,-,-,-,-,-,-,-,-,-,-,-,30.35,0.62%,6
RRCI,19.56B,3.94%,7.45%,45.01%,11.67%,0.55,0.51,2.29,2.76,22.73%,22.73%,27.36%,Jul 22/b,36.21,0.33%,"832,834"
RRCKT,367.74M,-,-4.09%,-4.77%,-4.42%,9.24,9.24,0.06,0.07,-,-,-,Aug 10/a,3.35,-3.74%,"1,656,847"
RRCKY,331.07M,1.47%,6.01%,11.48%,7.54%,2.97,1.12,0.45,0.49,42.22%,8.84%,5.72%,Jul 28/a,44.19,2.06%,"44,614"
RRCL,69.77B,2.05%,10.58%,45.34%,13.70%,0.18,0.16,2.14,2.30,39.09%,27.09%,23.54%,Jul 28/b,260.14,0.44%,"1,568,895"
RRCLO,-,5.73%,-,-,-,-,-,-,-,-,-,-,-,25.11,0.12%,"2,391"
RRCLR,-,-,-,-,-,-,-,-,-,-,-,-,-,51.67,0.01%,"1,061"
RRCMT,285.21M,-,12.69%,39.51%,22.47%,1.92,1.92,0.56,0.60,26.25%,7.73%,5.13%,Aug 14/b,40.11,2.53%,"68,152"
RRCON,2.68M,-,-5.07%,-5.77%,-5.67%,4.24,4.23,0.02,0.08,27.87%,-38.88%,-25.20%,Mar 13/b,1.29,0.00%,"117,561"
RRCS,238.15M,9.54%,-,-,-,-,-,-,-,-,-,-,-,5.03,-0.40%,"338,336"
RRCT,13.61M,-,-,-,-,-,-,-,-,-,-,-,-,0.20,-2.45%,"240,719"
RRCTR,-,0.62%,-,-,-,-,-,-,-,-,-,-,-,33.79,-0.17%,"1,713"
RRCUS,3.13B,-,-46.02%,-90.82%,-81.42%,3.82,3.82,0.22,0.25,92.31%,-415.38%,-393.16%,Aug 05/a,24.59,-5.97%,"4,277,134"
RRDAC,18.17M,-,2.61%,2.79%,6.71%,0.04,0.04,0.00,0.04,-,-,-,-,5.29,-4.86%,"19,890"
RRDAG,391.31M,-,3.61%,3.77%,3.70%,21.95,21.95,0.00,0.00,-,-,-,-,10.41,-0.38%,13
RRDCM,165.88M,-,5.00%,6.39%,5.94%,6.20,6.17,0.01,0.02,75.89%,5.21%,10.47%,Aug 12/b,9.91,-0.50%,"104,548"
RRDDC,-,-,-,-,-,-,-,-,-,-,-,-,-,13.07,2.95%,"1,098"
RRDDT,30.35B,-,27.79%,30.71%,26.41%,10.49,10.49,0.00,0.01,90.85%,28.25%,31.35%,Jul 30/a,157.77,1.56%,"3,196,548"
RRDFI,-,8.56%,-,-,-,-,-,-,-,-,-,-,-,22.70,-0.14%,"10,436"
RRDGT,3.01M,-,-1.87%,-3.55%,-3.07%,2.31,2.01,0.00,0.00,3.60%,-1.41%,-0.95%,-,0.83,-1.59%,"15,862"
RRDHL,3.92M,-,-,-,-,0.56,0.42,-,-,-,-,-,Apr 27/b,0.64,-1.29%,"265,854"
RRDI,74.63M,-,-2.90%,-,-6.14%,0.23,0.22,-,-,9.54%,1.18%,-5.87%,Aug 14/b,2.17,1.40%,"52,654"
RRDIV,-,3.54%,-,-,-,-,-,-,-,-,-,-,-,61.14,0.18%,"48,943"
RRDN,4.71B,2.86%,5.65%,12.03%,9.68%,1.13,-,0.15,0.26,-,51.11%,32.60%,Aug 05/a,35.62,-1.66%,"1,317,823"
RRDNT,5.94B,-,-0.55%,-2.08%,-0.66%,1.48,1.48,1.90,1.99,4.63%,4.63%,-0.93%,Aug 09/a,75.49,1.63%,"610,327"
RRDNW,219.63M,-,-1.15%,-878.50%,-2.53%,1.14,0.27,-,-,26.92%,3.58%,-0.76%,Aug 11/a,5.63,1.08%,"47,513"
RRDOG,-,6.36%,-,-,-,-,-,-,-,-,-,-,-,39.93,0.40%,552
RRDTE,-,42.22%,-,-,-,-,-,-,-,-,-,-,-,27.21,0.59%,"78,882"
RRDTL,-,-,-,-,-,-,-,-,-,-,-,-,-,14.07,2.85%,"277,390"
RRDTY,-,40.92%,-,-,-,-,-,-,-,-,-,-,-,35.82,0.63%,"14,304"
RRDVI,-,7.95%,-,-,-,-,-,-,-,-,-,-,-,28.78,0.88%,"2,394,712"
RRDVT,1.20B,-,14.54%,15.76%,14.39%,10.88,10.88,0.02,0.02,73.52%,17.94%,16.54%,Aug 10/a,75.02,2.70%,"213,490"
RRDVY,-,0.84%,-,-,-,-,-,-,-,-,-,-,-,80.59,0.81%,"910,816"
RRDW,2.65B,-,-14.14%,-19.24%,-14.30%,3.92,3.48,0.05,0.06,20.10%,-40.65%,-61.08%,Aug 05/a,10.62,-2.30%,"11,989,936"
RRDWR,1.17B,-,3.30%,6.61%,5.15%,1.63,1.56,0.04,0.05,80.81%,4.52%,5.34%,Jul 29/b,27.90,-0.36%,"144,011"
RRDWU,-,-,-,-,-,-,-,-,-,-,-,-,-,6.14,-4.36%,"358,210"
RRDY,9.91B,0.68%,6.12%,9.13%,8.89%,1.90,1.39,0.03,0.19,54.19%,10.08%,10.14%,Jul 21/a,11.90,1.62%,"3,143,825"
RRDYY,-,138.17%,-,-,-,-,-,-,-,-,-,-,-,15.81,1.40%,"50,557"
RRDZN,97.09M,-,-70.17%,-,-,0.45,0.41,-,-,55.96%,-21.57%,-46.90%,Aug 13/a,1.14,-0.87%,"360,277"
RREA,218.69M,-,-,-,-,31.80,31.80,0.00,0.00,-,-,-,Sep 02,10.96,-1.44%,"47,919"
RREAI,-,2.23%,-,-,-,-,-,-,-,-,-,-,-,21.09,1.03%,14
RREAL,1.20B,-,-22.30%,-,-129.84%,0.83,0.68,-,-,70.19%,-0.55%,-10.82%,Aug 06/a,9.83,2.93%,"2,142,896"
RREAX,444.57M,-,-8.87%,-25.17%,-20.45%,1.44,1.44,0.00,0.00,8.13%,-0.16%,-0.72%,Aug 06/b,20.28,9.44%,"693,650"
RREBN,6.91M,-,-79.02%,-517.50%,-180.24%,0.89,0.87,0.63,2.56,49.74%,-52.98%,-75.59%,-,0.84,-0.84%,"136,639"
RRECI,-,0.66%,-,-,-,-,-,-,-,-,-,-,-,20.48,0.49%,21
RRECS,-,0.72%,-,-,-,-,-,-,-,-,-,-,-,45.19,0.62%,"274,737"
RRECT,19.35M,8.00%,8.08%,14.12%,10.25%,2.53,1.71,0.25,0.33,28.02%,8.31%,7.00%,Jul 30/b,1.25,-2.72%,"2,225"
RREED,10.06M,-,-94.50%,-14800.00%,-,0.85,0.41,-,-,17.98%,-60.90%,-63.48%,Aug 11/a,0.85,-2.63%,"7,529"
RREET,-,3.44%,-,-,-,-,-,-,-,-,-,-,-,26.98,0.33%,"1,627,067"
RREF,828.89M,-,-,-,-,1.58,0.96,1.11,1.16,-,-,-,Sep 10/a,14.03,6.69%,"567,368"
RREFA,-,0.03%,-,-,-,-,-,-,-,-,-,-,-,23.48,1.02%,30
RREFI,274.91M,17.52%,6.41%,9.61%,6.65%,1.00,1.00,0.47,0.47,87.27%,60.34%,47.65%,Aug 11/b,10.73,0.28%,"171,129"
RREFR,13.56M,-,-79.65%,-154.02%,-108.96%,3.54,3.54,0.84,0.97,72.25%,-348.14%,-343.85%,Aug 06/a,0.39,1.04%,"52,380"
RREG,13.66B,4.08%,4.30%,8.21%,4.56%,1.91,1.91,0.77,0.80,44.30%,37.27%,33.46%,Jul 29/a,74.62,-0.92%,"1,641,303"
RREGL,-,2.23%,-,-,-,-,-,-,-,-,-,-,-,91.03,0.33%,"20,432"
RREGN,80.46B,0.44%,10.83%,14.04%,12.85%,3.34,2.78,0.06,0.09,81.46%,26.87%,27.86%,Jul 30/b,781.49,-1.48%,"443,986"
RREGS,-,-,-,-,-,-,-,-,-,-,-,-,-,11.44,0.66%,"52,175"
RREI,398.63M,-,-15.75%,-26.68%,-19.76%,0.54,0.49,0.48,0.48,40.59%,30.63%,-68.02%,Aug 05/a,1.53,-1.29%,"3,992,906"
RREIT,-,2.79%,-,-,-,-,-,-,-,-,-,-,-,29.63,0.41%,"7,316"
RREIX,-,2.75%,-,-,-,-,-,-,-,-,-,-,-,29.55,0.22%,11
RREK,-,3.15%,-,-,-,-,-,-,-,-,-,-,-,16.02,-0.93%,"9,198"
RREKR,63.31M,-,-28.29%,-62.82%,-50.97%,0.78,0.68,0.26,0.78,46.25%,-33.74%,-43.84%,Aug 13/b,0.46,-3.18%,"1,280,089"
RRELL,256.12M,1.37%,3.21%,3.98%,3.88%,4.75,1.92,0.00,0.01,31.22%,2.46%,2.79%,Jul 22/a,17.47,2.52%,"56,281"
RRELX,58.83B,2.88%,15.34%,131.14%,29.32%,0.45,0.40,5.30,7.19,63.92%,32.06%,23.27%,Jul 23/b,33.80,-0.06%,"5,008,989"
RRELY,4.65B,-,22.32%,32.25%,26.42%,3.18,3.18,0.02,0.03,60.03%,10.36%,16.85%,Aug 05/a,21.99,0.27%,"4,113,251"
RREM,-,9.32%,-,-,-,-,-,-,-,-,-,-,-,20.79,-0.43%,"431,109"
RREMC,-,0.07%,-,-,-,-,-,-,-,-,-,-,-,23.03,0.93%,7
RREMG,-,1.09%,-,-,-,-,-,-,-,-,-,-,-,37.22,1.33%,"8,911"
RREMX,-,1.84%,-,-,-,-,-,-,-,-,-,-,-,70.56,-2.57%,"735,726"
RRENT,82.29M,-,21.05%,-,34.70%,0.67,0.67,-,-,19.60%,-12.32%,11.80%,Sep 11/b,2.45,-13.12%,"707,435"
RRENX,4.71M,-,-65.32%,-451.35%,-172.50%,0.24,0.21,1.09,3.48,2.43%,-73.61%,-193.37%,Aug 13/b,1.78,-1.66%,"92,616"
RREPL,1.22B,-,-82.28%,-134.29%,-139.06%,5.23,5.23,1.02,1.06,-,-,-,Aug 14/b,12.92,-2.42%,"4,085,047"
RREPX,963.91M,3.68%,10.30%,19.94%,13.47%,0.45,0.41,0.39,0.42,54.48%,39.43%,24.53%,Aug 05/a,43.51,0.72%,"195,742"
RRERE,522.93M,2.52%,8.41%,12.33%,11.39%,2.36,1.68,0.02,0.13,20.72%,2.51%,2.01%,Aug 20/b,3.97,-0.25%,"517,983"
RRES,1.43B,2.48%,1.47%,1.95%,1.87%,3.34,2.76,0.03,0.05,13.80%,3.10%,1.20%,Jul 30/b,6.45,-0.15%,"1,645,699"
RRESM,-,0.08%,-,-,-,-,-,-,-,-,-,-,-,23.72,0.41%,278
RRETL,-,0.64%,-,-,-,-,-,-,-,-,-,-,-,7.86,4.11%,"128,438"
RRETO,14.30M,-,-,-,-57.60%,0.21,0.12,0.01,0.12,35.29%,-87.85%,-366.08%,-,0.39,-5.69%,"340,847"
RREVB,3.95M,-,-120.17%,-154.77%,-101.25%,6.21,6.21,0.05,0.07,-,-,-,Aug 06/a,0.99,-0.71%,"3,617"
RREVS,-,0.89%,-,-,-,-,-,-,-,-,-,-,-,33.81,0.80%,"15,167"
RREW,-,9.44%,-,-,-,-,-,-,-,-,-,-,-,11.36,-2.41%,"106,966"
RREX,1.38B,-,15.49%,19.77%,17.63%,6.88,6.45,0.02,0.03,21.89%,15.22%,17.56%,Sep 02/b,41.62,-1.21%,"156,334"
RREXC,-,-,-,-,-,-,-,-,-,-,-,-,-,16.84,-1.23%,"55,981"
RREXR,8.48B,4.61%,-3.17%,-4.78%,-3.60%,1.49,1.49,0.44,0.45,45.94%,39.41%,-40.53%,Jul 23/a,38.04,2.81%,"3,224,912"
RREYN,4.58B,4.21%,6.94%,15.48%,8.78%,1.80,0.71,0.70,0.71,25.12%,14.13%,9.11%,Jul 29/b,21.75,0.83%,"1,581,103"
RREZ,-,2.05%,-,-,-,-,-,-,-,-,-,-,-,92.08,0.09%,"19,367"
RREZI,2.90B,-,4.94%,15.20%,6.25%,2.22,1.41,1.27,1.30,27.94%,8.34%,4.56%,Aug 12/a,19.11,1.49%,"2,019,225"
RREZI-WI,-,-,-,-,-,-,-,-,-,-,-,-,-,-,-,0
RRF,25.67B,3.76%,1.39%,11.90%,9.51%,0.10,-,0.25,0.40,-,30.03%,22.60%,Jul 17/b,30.13,0.60%,"7,370,802"
RRFAI,251.15M,-,1.66%,1.76%,3.07%,0.06,0.06,0.00,0.00,-,-,-,-,30.10,-5.97%,"7,830"
RRFAM,139.26M,-,-,-,-,2.70,2.70,0.00,0.00,-,-,-,-,9.99,0.10%,90
RRFCI,-,4.68%,-,-,-,-,-,-,-,-,-,-,-,21.75,-0.06%,"4,349"
RRFDA,-,1.85%,-,-,-,-,-,-,-,-,-,-,-,73.15,0.44%,"1,747"
RRFDI,-,3.05%,-,-,-,-,-,-,-,-,-,-,-,91.75,0.75%,"1,799"
RRFEM,-,2.48%,-,-,-,-,-,-,-,-,-,-,-,99.61,1.09%,"1,261"
RRFFC,-,0.61%,-,-,-,-,-,-,-,-,-,-,-,76.55,0.69%,67
RRFG,-,0.15%,-,-,-,-,-,-,-,-,-,-,-,60.10,0.94%,"6,004"
RRFI,294.65M,8.72%,-,-,-,-,-,-,-,-,-,-,-,11.01,0.46%,"62,748"
RRFIL,111.95M,-,1.93%,3.92%,2.65%,1.89,1.11,0.43,0.65,30.97%,4.54%,1.70%,Sep 14/b,10.32,1.28%,"315,715"
RRFIX,-,4.34%,-,-,-,-,-,-,-,-,-,-,-,36.40,2.77%,"640,200"
RRFL,118.59M,-,-32.54%,-41.74%,-43.18%,3.16,3.14,0.00,0.01,74.39%,-3717.24%,-3321.73%,Mar 16/a,2.28,-3.39%,"67,521"
RRFLR,-,0.60%,-,-,-,-,-,-,-,-,-,-,-,32.04,0.31%,"10,862"
RRFM,84.68M,7.79%,6.78%,11.37%,6.65%,4.05,4.05,0.67,0.67,71.14%,160.02%,136.63%,-,13.86,-0.43%,"12,979"
RRFMZ,308.03M,7.78%,6.62%,11.24%,6.61%,4.78,4.78,0.67,0.67,68.99%,173.92%,147.36%,-,12.65,-0.55%,"32,521"
RRFV,-,1.61%,-,-,-,-,-,-,-,-,-,-,-,150.21,1.24%,804
RRGA,16.24B,1.55%,1.05%,11.71%,7.77%,-,-,0.42,0.42,-,8.80%,5.80%,Aug 06/a,248.72,0.51%,"307,320"
RRGC,2.79B,-,-134.35%,-177.66%,-523.06%,1.42,1.42,0.11,0.32,-,-,-,-,5.64,0.09%,"102,327"
RRGCO,222.14M,4.04%,4.21%,11.69%,5.20%,0.94,0.67,1.19,1.21,20.26%,17.29%,13.05%,Aug 05/a,21.32,-1.48%,"13,098"
RRGEF,-,0.95%,-,-,-,-,-,-,-,-,-,-,-,34.96,1.04%,"64,099"
RRGEN,9.32B,-,1.42%,1.99%,1.49%,9.05,7.64,0.32,0.33,48.79%,9.03%,5.29%,Jul 28/b,165.18,0.30%,"944,558"
RRGLD,21.38B,0.77%,11.33%,13.55%,9.24%,2.92,2.68,0.05,0.05,66.77%,62.97%,47.70%,Aug 05/a,252.28,-0.67%,"566,706"
RRGLO,-,0.56%,-,-,-,-,-,-,-,-,-,-,-,33.47,0.67%,"34,516"
RRGNT,13.28M,-,-265.04%,-,-169.11%,5.62,5.62,0.00,0.00,-,-,-,-,1.89,-3.57%,"16,542"
RRGNX,563.09M,-,-40.60%,-137.63%,-68.18%,2.86,2.86,3.01,3.49,77.57%,-94.08%,-112.58%,Aug 06/b,8.53,-0.35%,"1,029,133"
RRGP,137.76M,1.76%,-14.45%,-21.55%,-21.63%,2.51,2.51,0.11,0.13,36.40%,-6.27%,-8.98%,Jul 22/a,3.97,2.06%,"581,397"
RRGR,602.70M,1.41%,3.41%,4.20%,4.19%,3.35,2.87,0.00,0.01,18.70%,1.66%,2.11%,Jul 29/a,37.72,0.35%,"84,191"
RRGS,68.72M,-,1.05%,3.66%,1.58%,0.62,0.60,1.26,1.56,28.81%,11.06%,3.09%,Sep 01/b,27.50,0.36%,"24,108"
RRGT,95.88M,1.30%,-,-,-,-,-,-,-,-,-,-,-,14.61,1.04%,"8,576"
RRGTC,-,-,-,-,-,-,-,-,-,-,-,-,-,21.53,1.53%,8
RRGTI,5.10B,-,-37.15%,-43.77%,-44.00%,3.94,3.94,0.01,0.01,-39.75%,-727.62%,-1787.40%,Aug 06/a,15.27,0.73%,"14,392,112"
RRGTU,-,-,-,-,-,-,-,-,-,-,-,-,-,10.12,1.20%,"101,142"
RRGTX,-,2.90%,-,-,-,-,-,-,-,-,-,-,-,9.13,1.11%,"798,972"
RRGTZ,-,-,-,-,-,-,-,-,-,-,-,-,-,17.42,-1.55%,"225,025"
RRGYY,-,194.30%,-,-,-,-,-,-,-,-,-,-,-,5.80,-1.15%,"5,426"
RRH,2.54B,-,2.27%,280.72%,2.74%,1.10,0.33,32.79,34.14,44.29%,10.38%,3.23%,Sep 10/a,134.07,0.04%,"2,228,611"
RRHI,3.86B,5.63%,4.03%,9.11%,8.31%,1.46,1.46,0.14,0.20,35.39%,0.20%,2.17%,Jul 23/a,37.68,0.69%,"1,650,765"
RRHLD,1.02B,-,1.48%,300.97%,2.17%,1.35,0.82,-,-,40.86%,9.40%,4.21%,Aug 06/b,130.14,1.43%,"138,568"
RRHP,8.32B,3.97%,4.42%,35.12%,5.57%,0.98,0.98,5.52,5.52,21.59%,19.87%,9.91%,Aug 06/a,121.99,-0.29%,"390,441"
RRHRX,-,-,-,-,-,-,-,-,-,-,-,-,-,21.51,0.66%,"9,981"
RRHTX,-,-,-,-,-,-,-,-,-,-,-,-,-,20.08,0.74%,73
RRIBB,63.89M,-,0.91%,0.97%,1.26%,0.00,0.00,0.00,0.05,-,-,-,-,10.20,-8.52%,"71,910"
RRICK,222.38M,1.03%,-0.72%,-1.67%,-0.89%,0.56,0.48,1.00,1.14,50.90%,13.68%,-1.48%,Aug 06/a,29.09,1.64%,"30,889"
RRIET,-,11.33%,-,-,-,-,-,-,-,-,-,-,-,9.11,0.11%,"44,387"
RRIFR,-,0.90%,-,-,-,-,-,-,-,-,-,-,-,28.09,0.30%,"5,684"
RRIG,6.33B,-,-10.05%,-18.70%,-12.66%,1.59,1.27,0.56,0.61,27.10%,22.63%,-40.24%,Aug 05/a,5.67,-1.73%,"34,583,715"
RRIGL,882.44M,-,88.46%,126.90%,75.66%,1.94,1.79,0.00,0.09,91.39%,31.45%,116.30%,Aug 04/a,47.24,-0.08%,"187,183"
RRIGS,-,4.92%,-,-,-,-,-,-,-,-,-,-,-,22.35,-0.05%,"12,185"
RRILA,-,0.11%,-,-,-,-,-,-,-,-,-,-,-,11.99,0.97%,957
RRILY,265.32M,-,23.55%,-,28.10%,2.63,2.49,9.31,9.31,77.32%,38.24%,30.72%,Aug 06/a,6.60,0.30%,"526,273"
RRIME,4.09M,-,-95.58%,-305.24%,-262.57%,0.90,0.90,0.04,1.60,-26.26%,-148.71%,-179.69%,Aug 14/b,0.24,2.03%,"480,922"
RRINF,-,3.62%,-,-,-,-,-,-,-,-,-,-,-,32.88,-0.61%,"9,440"
RRING,-,1.06%,-,-,-,-,-,-,-,-,-,-,-,85.47,1.08%,"703,044"
RRINT,-,0.79%,-,-,-,-,-,-,-,-,-,-,-,32.82,0.96%,"17,462"
RRIO,125.41B,4.94%,9.50%,19.54%,13.95%,1.42,0.93,0.32,0.35,26.70%,26.70%,19.59%,Jul 28/a,99.96,0.57%,"1,409,992"
RRIOT,8.06B,-,-35.08%,-48.24%,-47.19%,1.59,1.59,0.28,0.40,-28.26%,-74.16%,-196.28%,Aug 10/a,21.47,2.48%,"11,626,804"
RRIOX,-,47.00%,-,-,-,-,-,-,-,-,-,-,-,27.34,5.15%,"390,388"
RRISE,-,0.46%,-,-,-,-,-,-,-,-,-,-,-,19.22,0.03%,313
RRISN,-,1.18%,-,-,-,-,-,-,-,-,-,-,-,30.37,0.32%,"4,237"
RRISR,-,5.85%,-,-,-,-,-,-,-,-,-,-,-,36.70,-0.05%,"133,128"
RRITA,-,2.43%,-,-,-,-,-,-,-,-,-,-,-,20.82,0.31%,544
RRITM,5.44B,10.27%,0.95%,5.44%,1.04%,0.66,0.66,4.04,4.53,87.93%,42.32%,5.72%,Jul 28/b,9.74,0.83%,"6,250,522"
RRITR,5.34M,-,-31.20%,-128.54%,-68.15%,0.96,0.96,2.01,3.81,3.49%,-49.01%,-68.94%,-,0.09,-2.73%,"5,075,160"
RRIV,292.20M,14.48%,-,-,-,-,-,-,-,-,-,-,-,10.77,0.28%,"89,011"
RRIVC,-,-,-,-,-,-,-,-,-,-,-,-,-,20.14,-0.44%,7
RRIVN,23.21B,-,-21.04%,-57.87%,-31.26%,2.10,1.65,1.03,1.05,2.06%,-60.05%,-54.95%,Jul 30/a,16.03,-0.12%,"19,063,655"
RRIZE,-,1.84%,-,-,-,-,-,-,-,-,-,-,-,24.45,-0.41%,8
RRJCA,-,-,-,-,-,-,-,-,-,-,-,-,-,72.56,1.00%,"28,040"
RRJDI,-,0.78%,-,-,-,-,-,-,-,-,-,-,-,29.39,0.93%,"13,167"
RRJET,824.96M,-,2.85%,7.28%,2.06%,1.03,0.84,0.71,0.86,26.47%,10.18%,2.96%,Jul 30/b,17.62,2.38%,"66,014"
RRJF,33.37B,1.24%,2.57%,18.46%,12.98%,1.98,1.98,0.40,0.46,88.12%,18.58%,13.55%,Jul 22/a,173.46,-0.04%,"1,042,622"
RRJMI,-,2.93%,-,-,-,-,-,-,-,-,-,-,-,24.55,0.18%,"7,938"
RRJVI,-,3.72%,-,-,-,-,-,-,-,-,-,-,-,24.57,0.14%,"1,628"
RRKDA,1.04M,-,-162.72%,-430.93%,-1758.45%,3.49,2.92,0.00,0.00,34.58%,-85.52%,-234.53%,Aug 13/a,0.43,-4.81%,"19,052"
RRKLB,37.67B,-,-5.76%,-7.92%,-4.56%,5.48,4.98,0.04,0.04,34.11%,-29.06%,-21.51%,Aug 10/a,62.95,1.60%,"15,391,388"
RRKLX,-,41.32%,-,-,-,-,-,-,-,-,-,-,-,14.39,2.86%,"2,710,880"
RRKLZ,-,-,-,-,-,-,-,-,-,-,-,-,-,20.54,-3.85%,"323,856"
RRKNG,-,-,-,-,-,-,-,-,-,-,-,-,-,23.40,1.64%,"1,694"
RRKSG,-,-,-,-,-,-,-,-,-,-,-,-,-,28.39,0.50%,9
RRKT,37.32B,-,1.03%,3.04%,1.12%,0.34,0.34,0.79,1.41,94.55%,24.40%,4.87%,Aug 06/a,13.18,-0.08%,"17,688,412"
RRKTO,15.95M,-,-135.29%,-148.47%,-162.43%,6.20,6.20,0.00,0.00,-,-,-,-,0.64,-0.73%,"189,308"
RRKX,-,-,-,-,-,-,-,-,-,-,-,-,-,8.98,3.43%,"11,719"
RRL,20.19B,1.13%,12.76%,37.54%,17.95%,2.04,1.42,1.01,1.10,67.69%,16.67%,11.76%,Aug 06/b,339.09,0.72%,"641,234"
RRLAY,4.14B,-,-33.72%,-36.77%,-31.20%,18.27,18.27,0.03,0.03,78.64%,-2999.37%,-2763.64%,Aug 06/a,18.87,-0.11%,"4,164,383"
RRLGT,380.74M,-,3.83%,7.15%,5.32%,1.59,1.59,0.30,0.36,15.42%,1.83%,1.81%,Sep 14/a,8.13,-0.97%,"123,279"
RRLI,5.55B,6.10%,8.22%,25.16%,21.21%,0.31,-,0.18,0.18,-,28.66%,22.17%,Jul 22/a,60.48,0.07%,"500,483"
RRLJ,1.67B,5.51%,0.55%,1.26%,0.62%,1.68,1.68,1.08,1.31,13.24%,9.51%,0.08%,Aug 06/a,10.88,-0.55%,"1,745,900"
RRLMD,482.15M,-,-51.57%,-55.66%,-29.98%,29.52,29.52,0.00,0.00,-,-,-,Aug 06/a,4.52,11.06%,"2,629,279"
RRLTY,248.33M,8.89%,-,-,-,-,-,-,-,-,-,-,-,14.85,0.20%,"39,433"
RRLX,1.62B,7.32%,5.72%,6.20%,6.14%,10.61,10.20,0.00,0.02,34.97%,13.09%,21.87%,Aug 14/b,1.77,-0.56%,"2,078,452"
RRLY,-,2.92%,-,-,-,-,-,-,-,-,-,-,-,37.77,-0.34%,"153,470"
RRLYB,89.61M,-,61.12%,64.86%,48.20%,27.26,27.26,0.00,0.00,93.34%,-3409.13%,7051.24%,Mar 17,16.88,0.75%,"6,627"
RRM,304.36M,3.64%,2.29%,12.63%,2.23%,64.04,64.04,4.54,4.54,97.26%,22.53%,6.98%,Jul 29/a,32.99,0.73%,"41,983"
RRMBC,-,-,-,-,-,-,-,-,-,-,-,-,-,10.01,3.03%,29
RRMBI,266.47M,3.77%,0.79%,8.57%,3.06%,0.43,-,1.65,1.65,-,17.56%,13.00%,-,15.90,1.53%,"243,430"
RRMBS,9.43B,-,15.56%,17.79%,16.17%,9.75,9.08,0.01,0.01,74.46%,35.95%,31.69%,Jul 27/a,86.97,1.90%,"1,203,131"
RRMBX,-,-,-,-,-,-,-,-,-,-,-,-,-,9.50,3.14%,"3,739"
RRMCA,-,4.56%,-,-,-,-,-,-,-,-,-,-,-,23.33,0.34%,514
RRMCF,8.47M,-,-27.46%,-99.37%,-44.97%,1.13,0.65,1.90,2.00,8.08%,-16.33%,-19.84%,Jun 02/b,0.90,-1.07%,"13,625"
RRMCO,40.66M,0.30%,-5.32%,-6.43%,-6.23%,1.41,1.41,0.03,0.03,9.65%,-5.05%,-14.52%,Aug 19,2.68,0.75%,"4,286"
RRMD,31.49B,1.22%,17.77%,24.27%,21.39%,3.10,2.42,0.08,0.13,60.25%,34.01%,26.94%,Aug 06/a,218.27,-0.60%,"912,334"
RRMHY,-,1.08%,-,-,-,-,-,-,-,-,-,-,-,24.75,0.04%,"5,213"
RRMI,92.96M,7.47%,6.87%,11.41%,6.71%,5.42,5.42,0.66,0.66,72.71%,163.02%,139.63%,-,14.57,-0.17%,"5,881"
RRMIX,981.77M,-,-9.06%,-14.34%,-7.55%,1.40,1.15,0.60,0.65,25.64%,1.46%,-56.61%,Aug 14/b,13.36,-4.30%,"302,968"
RRML,-,-,-,-,-,-,-,-,-,-,-,-,-,7.76,-9.03%,"123,611"
RRMM,273.39M,7.51%,-,-,-,-,-,-,-,-,-,-,-,13.85,0.22%,"22,920"
RRMME,-,2.47%,-,-,-,-,-,-,-,-,-,-,-,100.14,0.00%,7
RRMMZ,-,7.70%,-,-,-,-,-,-,-,-,-,-,-,14.18,-0.28%,"12,676"
RRMNI,423.84M,-,1.85%,-,15.59%,0.78,0.78,-,-,60.07%,5.83%,1.69%,Jul 30/a,4.54,-0.66%,"284,137"
RRMNY,-,4.47%,-,-,-,-,-,-,-,-,-,-,-,23.67,0.46%,"1,578"
RRMOP,-,5.36%,-,-,-,-,-,-,-,-,-,-,-,24.33,0.50%,"51,846"
RRMR,610.17M,9.46%,2.82%,8.44%,4.78%,1.40,1.40,0.79,0.82,19.36%,10.25%,3.01%,Aug 05/a,19.02,-0.21%,"59,812"
RRMRC,-,0.58%,-,-,-,-,-,-,-,-,-,-,-,25.55,0.55%,9
RRMSG,5.26M,-,-,-,-,1.80,1.80,0.14,0.33,-,-,-,-,0.33,1.94%,"69,619"
RRMT,728.33M,6.47%,-,-,-,-,-,-,-,-,-,-,-,13.44,-1.03%,"150,298"
RRMTI,32.08M,-,-9.32%,-15.53%,-11.21%,3.25,3.00,0.29,0.40,17.71%,-6.52%,-7.55%,Aug 13/b,7.96,-1.00%,"42,754"
RRNA,177.21M,-,-,-,-,8.73,8.73,0.00,0.01,-,-,-,Aug 13/a,10.36,0.10%,"247,499"
RRNAC,247.79M,-,-43.52%,-,-,7.48,7.48,-,-,-76.57%,-6679.69%,-10422.48%,Aug 06/b,8.19,-2.85%,"123,127"
RRNAQU,78.48M,-,-,-,-,-,-,-,-,-,-,-,-,10.20,0.29%,"93,163"
RRNAZ,28.61M,-,-53.79%,-59.28%,-30.96%,1.97,1.97,0.00,0.00,-,-,-,-,1.69,0.00%,"11,445"
RRND,-,-,-,-,-,-,-,-,-,-,-,-,-,32.72,0.99%,"1,299"
RRNEM,-,2.28%,-,-,-,-,-,-,-,-,-,-,-,57.20,0.75%,259
RRNG,5.76B,0.33%,7.38%,-,16.05%,0.87,0.87,-,-,72.02%,7.43%,4.27%,Jul 23/a,68.92,-0.17%,"1,044,346"
RRNGR,406.03M,1.38%,3.37%,4.93%,4.37%,1.73,1.70,0.08,0.16,8.34%,3.99%,2.36%,Jul 27/a,17.35,1.46%,"107,139"
RRNGT,319.06M,-,4.74%,4.91%,2.46%,6.58,6.58,0.00,0.00,-,-,-,-,10.17,0.00%,7
RRNIN,-,0.77%,-,-,-,-,-,-,-,-,-,-,-,37.35,1.30%,"94,490"
RRNMN,-,9.63%,-,-,-,-,-,-,-,-,-,-,-,26.08,-0.04%,10
RRNP,944.16M,8.30%,-,-,-,-,-,-,-,-,-,-,-,19.67,0.31%,"90,675"
RRNR,13.50B,0.50%,5.24%,22.90%,18.30%,0.72,-,0.20,0.20,-,40.36%,23.09%,Jul 22/a,324.99,-0.47%,"182,448"
RRNRG,-,1.74%,-,-,-,-,-,-,-,-,-,-,-,33.78,-0.50%,816
RRNST,3.73B,2.34%,1.17%,8.21%,6.73%,0.18,-,0.21,0.29,-,26.75%,20.04%,Jul 28/a,40.77,0.59%,"506,804"
RRNTX,67.72M,-,-80.62%,-96.42%,-90.14%,4.27,4.27,0.00,0.00,-,-,-,Aug 14/b,0.79,0.53%,"295,565"
RRNTY,-,12.64%,-,-,-,-,-,-,-,-,-,-,-,47.45,0.70%,711
RRNW,2.49B,-,1.08%,8.91%,1.76%,0.43,0.40,4.05,6.14,56.45%,42.05%,8.09%,Aug 18/b,6.83,-0.29%,"1,744,458"
RRNXT,79.43M,-,-97.83%,-125.23%,-132.98%,5.74,5.53,0.03,0.04,84.41%,-685.22%,-621.71%,Aug 12/a,1.76,-0.56%,"1,167,878"
RROAD,5.66B,-,4.36%,15.05%,4.98%,1.57,1.26,1.75,1.82,15.85%,8.79%,4.10%,Aug 07/b,99.67,3.69%,"315,953"
RROAM,-,2.31%,-,-,-,-,-,-,-,-,-,-,-,36.56,0.45%,"2,920"
RROBN,-,7.32%,-,-,-,-,-,-,-,-,-,-,-,33.13,-1.22%,"810,541"
RROBO,-,0.37%,-,-,-,-,-,-,-,-,-,-,-,79.11,1.66%,"76,802"
RROBT,-,0.02%,-,-,-,-,-,-,-,-,-,-,-,57.38,1.10%,"38,474"
RROBX,-,-,-,-,-,-,-,-,-,-,-,-,-,22.83,1.58%,"5,225"
RROC,81.09M,-,-36.11%,-343.63%,-34.35%,5.37,5.36,0.04,0.06,79.75%,-33.96%,-38.69%,Aug 13/a,4.25,-1.16%,"40,036"
RROCK,1.37B,-,2.82%,6.24%,-6.67%,1.46,0.91,1.54,1.54,25.45%,10.94%,-10.43%,Aug 05/b,46.16,3.68%,"229,229"
RROCQ,-,5.21%,-,-,-,-,-,-,-,-,-,-,-,55.47,0.86%,"314,383"
RROCY,-,3.30%,-,-,-,-,-,-,-,-,-,-,-,54.97,0.92%,"171,570"
RRODM,-,2.76%,-,-,-,-,-,-,-,-,-,-,-,42.02,0.79%,"48,727"
RROE,-,0.99%,-,-,-,-,-,-,-,-,-,-,-,43.32,1.37%,"19,553"
RROG,2.44B,-,2.16%,2.60%,2.55%,3.99,3.03,0.02,0.02,32.44%,9.01%,3.75%,Jul 28/a,136.68,3.01%,"165,894"
RROIV,29.49B,-,-5.15%,-6.21%,-6.15%,16.72,16.72,0.02,0.03,43.37%,-18146.12%,-3534.96%,Aug 06/b,40.82,-0.29%,"5,963,910"
RROK,47.57B,1.27%,10.76%,34.47%,18.94%,1.08,0.74,0.81,1.03,49.18%,14.45%,13.36%,Aug 04/b,428.39,1.67%,"864,523"
RROKT,-,0.29%,-,-,-,-,-,-,-,-,-,-,-,107.64,0.88%,"9,339"
RROKU,23.01B,-,8.02%,13.12%,11.07%,2.86,2.77,0.14,0.17,45.50%,5.25%,6.82%,Aug 06/a,154.93,0.53%,"1,405,412"
RROL,16.71B,2.14%,16.27%,37.01%,24.28%,0.59,0.54,0.53,0.78,49.06%,18.91%,13.55%,Jul 22/a,34.73,0.49%,"3,265,234"
RROLR,67.83M,-,-3.17%,-4.82%,6.68%,4.14,4.14,0.02,0.02,50.58%,-58.66%,15.59%,Aug 11/a,6.15,-0.16%,"22,537"
RROM,-,0.06%,-,-,-,-,-,-,-,-,-,-,-,146.73,2.61%,"22,470"
RROMA,562.29M,-,-42.55%,-44.23%,-36.60%,22.19,22.19,0.00,0.00,16.22%,-314.86%,-287.60%,-,9.44,5.14%,"6,183"
RROMO,-,8.15%,-,-,-,-,-,-,-,-,-,-,-,34.56,0.95%,76
RRONB,-,-,-,-,-,-,-,-,-,-,-,-,-,23.60,1.20%,"227,571"
RROOT,828.32M,-,4.10%,15.37%,9.61%,1.76,-,0.45,0.45,-,5.51%,3.70%,Aug 05/a,53.49,1.32%,"119,965"
RROP,38.42B,0.92%,7.32%,13.07%,8.55%,0.55,0.51,0.57,0.61,69.53%,27.97%,30.24%,Jul 23/b,388.52,-0.02%,"570,687"
RROPE,-,1.89%,-,-,-,-,-,-,-,-,-,-,-,29.77,0.41%,885
RROSC,-,1.83%,-,-,-,-,-,-,-,-,-,-,-,54.85,0.61%,"2,792"
RROST,73.71B,0.77%,17.45%,42.63%,25.35%,1.61,0.98,0.56,0.70,28.64%,12.72%,10.85%,Aug 20/a,230.74,2.33%,"1,609,696"
RROUS,-,1.31%,-,-,-,-,-,-,-,-,-,-,-,67.60,1.11%,"35,327"
RRPAR,-,2.40%,-,-,-,-,-,-,-,-,-,-,-,22.12,0.20%,"2,162"
RRPAY,313.94M,-,-11.08%,-30.27%,-13.56%,1.45,1.43,1.61,1.64,42.57%,0.27%,-49.57%,Aug 10/a,3.56,0.00%,"322,120"
RRPC,894.05M,1.91%,2.63%,7.77%,3.13%,1.82,1.82,1.38,1.41,-,23.64%,8.75%,Aug 05/b,8.11,2.66%,"523,181"
RRPD,694.90M,-,1.19%,14.03%,3.71%,0.76,0.76,1.76,4.89,68.39%,1.54%,2.35%,Aug 10/a,10.31,-1.81%,"1,230,408"
RRPG,-,0.16%,-,-,-,-,-,-,-,-,-,-,-,57.02,0.99%,"377,478"
RRPGL,24.06M,-,-,-,-,1.68,1.68,0.00,0.02,-,-,-,-,1.49,2.76%,"53,394"
RRPID,61.70M,-,-76.40%,-141.65%,-128.81%,2.52,1.48,1.24,1.31,5.54%,-141.45%,-145.56%,Aug 07/b,1.23,2.50%,"205,698"
RRPM,12.79B,2.27%,8.17%,21.26%,11.40%,1.68,1.16,0.74,0.89,41.44%,12.48%,8.38%,Oct 06/b,100.21,0.91%,"921,644"
RRPRX,33.70B,1.76%,4.27%,12.36%,5.29%,2.80,2.80,1.26,1.31,99.81%,62.33%,32.13%,Aug 05/b,58.61,-0.24%,"2,596,056"
RRPT,96.85M,11.56%,0.31%,1.03%,0.49%,0.21,0.21,1.13,2.22,83.02%,90.70%,-4.38%,Jul 28/a,12.46,-0.40%,"7,486"
RRPV,-,2.23%,-,-,-,-,-,-,-,-,-,-,-,121.92,0.69%,"87,342"
RRQI,1.59B,9.93%,-,-,-,-,-,-,-,-,-,-,-,11.81,0.68%,"763,953"
RRR,371.42M,-,-23.85%,-24.12%,-15.51%,93.61,92.88,0.00,0.00,4.06%,-465.02%,-1063.57%,Sep 02,1.65,1.85%,"3,377,530"
RRRBI,681.32M,0.97%,1.42%,12.77%,11.91%,0.10,-,0.00,0.00,-,32.61%,26.21%,Jul 30/b,103.48,0.30%,"50,175"
RRRC,9.62B,0.94%,11.72%,19.45%,15.16%,0.65,0.65,0.20,0.22,38.00%,32.08%,26.28%,Jul 21/a,41.15,-1.74%,"1,976,449"
RRREV,330.83M,-,-,-,-,2.82,2.82,0.00,0.00,-,-,-,-,9.91,-0.30%,16
RRRGB,148.77M,-,-5.44%,-,-8.90%,0.71,0.62,-,-,10.37%,0.98%,-2.55%,Aug 12/a,7.87,4.10%,"200,740"
RRRR,5.87B,3.20%,4.02%,90.22%,4.48%,0.68,0.63,21.04,21.25,51.36%,28.58%,8.43%,Aug 04/a,55.90,2.21%,"935,382"
RRRX,10.81B,0.76%,2.34%,4.76%,2.79%,2.28,1.16,0.68,0.69,37.99%,12.12%,5.35%,Aug 05/b,162.29,3.69%,"820,193"
RRS,20.13B,1.26%,8.25%,12.21%,9.58%,4.30,2.27,0.26,0.27,26.45%,7.88%,5.65%,Jul 22/a,394.21,0.46%,"293,134"
RRSBA,-,3.48%,-,-,-,-,-,-,-,-,-,-,-,20.18,-0.08%,"3,319"
RRSBT,-,2.96%,-,-,-,-,-,-,-,-,-,-,-,19.37,-0.10%,"52,463"
RRSBY,-,1.75%,-,-,-,-,-,-,-,-,-,-,-,18.19,-1.32%,"2,707"
RRSDE,-,-,-,-,-,-,-,-,-,-,-,-,-,23.86,0.51%,123
RRSEE,-,-,-,-,-,-,-,-,-,-,-,-,-,39.07,1.26%,"6,275"
RRSF,50.07M,12.44%,9.66%,9.69%,9.46%,27.41,27.41,0.00,0.00,71.75%,75.33%,74.39%,Sep 02,14.47,-0.26%,"5,653"
RRSG,68.21B,1.15%,6.38%,18.15%,8.50%,0.64,0.62,1.14,1.19,30.26%,20.02%,12.94%,Aug 06/a,222.74,0.75%,"1,341,574"
RRSI,6.13B,-,4.78%,20.72%,16.29%,2.12,2.12,0.06,0.08,31.86%,10.09%,2.33%,Jul 29/a,26.43,0.27%,"2,180,020"
RRSIT,-,-,-,-,-,-,-,-,-,-,-,-,-,21.88,1.34%,"16,643"
RRSJN,-,-,-,-,-,-,-,-,-,-,-,-,-,37.60,0.50%,890
RRSKD,804.11M,-,-4.01%,-5.69%,-6.88%,3.62,3.62,0.08,0.11,50.64%,-4.46%,-4.23%,Aug 12/b,6.09,2.01%,"736,964"
RRSMC,-,-,-,-,-,-,-,-,-,-,-,-,-,28.17,0.89%,"49,097"
RRSMR,-,-,-,-,-,-,-,-,-,-,-,-,-,24.05,0.50%,"1,128"
RRSMV,-,0.96%,-,-,-,-,-,-,-,-,-,-,-,28.56,0.62%,12
RRSP,-,1.49%,-,-,-,-,-,-,-,-,-,-,-,214.87,0.80%,"5,319,046"
RRSPA,-,9.10%,-,-,-,-,-,-,-,-,-,-,-,53.22,0.87%,"250,707"
RRSPC,-,1.76%,-,-,-,-,-,-,-,-,-,-,-,36.90,1.06%,"17,663"
RRSPD,-,0.92%,-,-,-,-,-,-,-,-,-,-,-,53.77,0.75%,"44,480"
RRSPE,-,1.45%,-,-,-,-,-,-,-,-,-,-,-,34.32,0.96%,"7,086"
RRSPF,-,1.51%,-,-,-,-,-,-,-,-,-,-,-,82.98,0.46%,"7,420"
RRSPG,-,1.80%,-,-,-,-,-,-,-,-,-,-,-,116.04,0.17%,"38,640"
RRSPH,-,0.64%,-,-,-,-,-,-,-,-,-,-,-,36.08,0.45%,"75,811"
RRSPM,-,1.76%,-,-,-,-,-,-,-,-,-,-,-,39.16,0.20%,"34,620"
RRSPN,-,0.87%,-,-,-,-,-,-,-,-,-,-,-,59.90,0.98%,"769,827"
RRSPR,-,2.95%,-,-,-,-,-,-,-,-,-,-,-,35.24,1.25%,"6,421"
RRSPS,-,2.95%,-,-,-,-,-,-,-,-,-,-,-,30.06,0.10%,"28,255"
RRSPT,-,0.25%,-,-,-,-,-,-,-,-,-,-,-,64.77,2.52%,"317,811"
RRSPU,-,2.70%,-,-,-,-,-,-,-,-,-,-,-,75.02,-0.29%,"43,430"
RRSSB,-,3.22%,-,-,-,-,-,-,-,-,-,-,-,30.44,0.50%,"47,303"
RRSSE,-,-,-,-,-,-,-,-,-,-,-,-,-,23.68,0.72%,"9,112"
RRSSL,-,1.25%,-,-,-,-,-,-,-,-,-,-,-,113.11,0.42%,"6,535"
RRSSS,71.58M,-,6.15%,16.30%,13.63%,0.83,0.83,0.00,0.00,49.30%,7.54%,5.84%,Sep 09/a,2.14,0.47%,"34,974"
RRSST,-,0.91%,-,-,-,-,-,-,-,-,-,-,-,34.76,0.90%,"147,275"
RRSSX,-,1.45%,-,-,-,-,-,-,-,-,-,-,-,27.06,1.20%,"14,560"
RRSSY,-,1.49%,-,-,-,-,-,-,-,-,-,-,-,26.20,-0.42%,"16,243"
RRSVR,624.36M,-,0.97%,2.35%,1.03%,1.31,1.31,1.24,1.24,47.02%,21.20%,4.87%,Aug 04/b,9.47,7.37%,"119,724"
RRTAC,325.95M,-,3.13%,3.28%,3.21%,2.90,2.90,0.00,0.00,-,-,-,-,10.46,0.05%,"788,509"
RRTAI,-,5.17%,-,-,-,-,-,-,-,-,-,-,-,20.05,0.16%,"3,611"
RRTB,108.56M,-,-59.48%,-164.43%,-58.23%,1.37,1.37,0.09,0.11,10.35%,-138.16%,-184.17%,-,7.75,-5.72%,"98,413"
RRTH,-,0.94%,-,-,-,-,-,-,-,-,-,-,-,257.40,0.84%,"2,970"
RRTO,11.25B,2.91%,2.23%,5.96%,5.02%,1.06,0.98,0.72,1.10,13.95%,13.95%,6.70%,Jul 30/b,22.37,-0.22%,"938,079"
RRTOO,-,-,-,-,-,-,-,-,-,-,-,-,-,24.15,1.26%,"13,554"
RRTRE,-,4.70%,-,-,-,-,-,-,-,-,-,-,-,24.11,-0.10%,"3,900"
RRTX,266.42B,1.45%,4.54%,12.02%,7.76%,1.01,0.78,0.50,0.59,20.35%,10.68%,8.28%,Jul 23/b,197.68,-0.22%,"3,680,586"
RRTXG,-,6.12%,-,-,-,-,-,-,-,-,-,-,-,23.61,-0.32%,"7,003"
RRTYY,-,154.97%,-,-,-,-,-,-,-,-,-,-,-,8.46,-1.17%,"51,930"
RRUBI,2.71M,-,-,-,-,-,-,-,-,-,-,-,Aug 17/b,1.51,-9.04%,"170,663"
RRULE,-,-,-,-,-,-,-,-,-,-,-,-,-,30.17,1.48%,"1,899"
RRUM,3.55B,-,-12.65%,-19.18%,-8.80%,2.12,2.12,0.35,0.38,-15.88%,-100.96%,-134.60%,Aug 10/a,7.17,-2.65%,"4,412,649"
RRUN,2.06B,-,1.82%,12.62%,2.23%,1.42,1.00,4.20,4.36,32.12%,2.46%,11.65%,Aug 05/a,8.56,-0.81%,"6,449,640"
RRUNN,-,0.55%,-,-,-,-,-,-,-,-,-,-,-,33.53,0.91%,"17,351"
RRUSC,-,0.32%,-,-,-,-,-,-,-,-,-,-,-,37.46,0.62%,"10,322"
RRUSHA,5.68B,1.08%,5.66%,11.83%,9.46%,1.45,0.38,0.20,0.64,18.72%,5.13%,3.67%,Jul 28/a,48.31,0.25%,"521,081"
RRVER,-,0.06%,-,-,-,-,-,-,-,-,-,-,-,37.34,2.53%,"3,947"
RRVI,356.89M,-,-,-,-,0.26,0.26,0.00,0.00,-,-,-,-,28.28,-0.35%,"101,262"
RRVII,220.93M,-,-,-,-,-,-,-,-,-,-,-,-,24.30,0.21%,"551,792"
RRVLV,1.50B,-,9.28%,14.43%,13.02%,2.48,1.42,0.04,0.06,54.32%,6.30%,5.54%,Aug 04/a,21.13,3.17%,"622,474"
RRVMD,43.68B,-,-52.37%,-79.09%,-46.78%,11.38,11.38,0.45,0.46,-,-,-,Aug 05/a,203.77,0.21%,"1,378,678"
RRVNL,-,-,-,-,-,-,-,-,-,-,-,-,-,24.59,-0.39%,"90,604"
RRVNU,-,3.76%,-,-,-,-,-,-,-,-,-,-,-,23.88,0.25%,"13,863"
RRVP,20.36M,-,-2.33%,-4.52%,-4.61%,4.93,3.74,0.00,0.01,1.16%,-64.09%,-10.62%,-,0.68,-3.24%,"59,234"
RRVSB,106.75M,1.50%,-0.26%,-2.52%,-2.19%,1.22,-,0.22,0.34,-,-7.97%,-5.87%,Jul 28/a,5.35,0.56%,"35,885"
RRVSN,8.53M,-,-59.02%,-65.88%,-80.27%,9.60,9.27,0.00,0.00,29.89%,-620.71%,-559.65%,Aug 26/b,3.89,-0.51%,"14,220"
RRVT,2.21B,8.32%,-,-,-,-,-,-,-,-,-,-,-,17.78,-0.73%,"176,291"
RRVTY,13.87B,0.23%,1.94%,3.21%,2.38%,1.80,1.50,0.38,0.46,48.19%,15.45%,8.18%,Aug 04/b,124.31,2.79%,"1,151,578"
RRW,-,0.11%,-,-,-,-,-,-,-,-,-,-,-,24.62,1.29%,113
RRWAY,277.02M,19.93%,0.69%,1.55%,0.65%,1.05,1.05,1.38,1.38,72.30%,59.25%,8.87%,Aug 06/a,6.61,1.54%,"483,606"
RRWEM,-,1.75%,-,-,-,-,-,-,-,-,-,-,-,36.77,0.74%,"47,042"
RRWIN,-,0.97%,-,-,-,-,-,-,-,-,-,-,-,27.60,0.84%,13
RRWJ,-,1.02%,-,-,-,-,-,-,-,-,-,-,-,59.57,0.64%,"189,386"
RRWK,-,1.02%,-,-,-,-,-,-,-,-,-,-,-,145.96,1.12%,"18,085"
RRWL,-,1.20%,-,-,-,-,-,-,-,-,-,-,-,133.64,0.84%,"211,177"
RRWLC,-,0.57%,-,-,-,-,-,-,-,-,-,-,-,38.60,0.91%,"2,319"
RRWM,-,3.69%,-,-,-,-,-,-,-,-,-,-,-,13.95,-0.29%,"19,938,637"
RRWO,-,3.28%,-,-,-,-,-,-,-,-,-,-,-,48.77,0.35%,"60,710"
RRWR,-,3.44%,-,-,-,-,-,-,-,-,-,-,-,110.04,0.37%,"151,831"
RRWT,445.92M,20.32%,0.00%,0.02%,0.00%,0.22,0.18,25.95,29.44,97.26%,95.43%,-0.51%,Jul 28/b,3.55,-2.20%,"28,840,274"
RRWX,-,4.00%,-,-,-,-,-,-,-,-,-,-,-,26.87,0.26%,"55,391"
RRXD,-,3.40%,-,-,-,-,-,-,-,-,-,-,-,15.65,0.37%,"1,860"
RRXI,-,1.48%,-,-,-,-,-,-,-,-,-,-,-,191.93,1.19%,"4,957"
RRXL,-,1.25%,-,-,-,-,-,-,-,-,-,-,-,56.43,-0.28%,"3,951"
RRXO,3.21B,-,-3.15%,-6.79%,-4.92%,1.27,1.27,0.42,0.48,16.42%,-0.23%,-1.72%,Aug 06/b,19.49,-0.10%,"1,267,568"
RRXRX,1.72B,-,-41.26%,-56.58%,-54.11%,5.03,5.03,0.05,0.07,-88.39%,-991.72%,-945.92%,Aug 05/b,3.20,1.27%,"8,034,114"
RRXST,250.39M,-,-14.19%,-17.35%,-17.24%,4.07,3.61,0.03,0.04,77.50%,-43.20%,-36.80%,Aug 05/a,6.02,1.01%,"450,645"
RRXT,820.69M,-,-5.64%,-,-8.45%,0.76,0.76,-,-,12.15%,-1.70%,-5.88%,Aug 10/a,3.22,2.88%,"9,554,602"
RRY,285.50B,2.41%,0.97%,16.30%,4.19%,0.81,-,2.79,2.88,-,19.50%,15.69%,Aug 27/b,205.90,-0.04%,"823,192"
RRYAAY,27.88B,1.81%,10.51%,22.60%,20.06%,0.79,0.79,0.01,0.02,18.65%,13.61%,12.14%,Jul 20/b,53.80,1.51%,"2,442,082"
RRYAM,574.98M,-,-8.35%,-52.44%,-14.98%,1.37,0.85,3.83,3.98,5.90%,0.75%,-9.61%,Aug 04/a,8.50,1.80%,"616,046"
RRYAN,9.75B,1.34%,0.88%,17.69%,2.34%,1.00,1.00,7.30,7.47,-,20.48%,3.07%,Jul 30/a,38.12,-1.42%,"2,985,553"
RRYDE,108.05M,-,-74.73%,-98.46%,-56.47%,3.41,5.63,0.00,0.00,-68.69%,-120.24%,-142.18%,May 06/b,0.65,2.60%,"38,776"
RRYET,26.77M,-,-,-,-138.43%,1.33,1.33,0.00,0.75,26.17%,-97.77%,-104.96%,-,0.72,-12.42%,"228,180"
RRYLD,-,11.74%,-,-,-,-,-,-,-,-,-,-,-,15.97,0.25%,"415,216"
RRYLG,-,7.52%,-,-,-,-,-,-,-,-,-,-,-,24.23,0.57%,287
RRYM,47.18M,-,-3.08%,-10.51%,-8.10%,0.59,0.56,0.00,2.06,50.94%,-30.32%,-40.77%,-,21.65,-6.52%,"12,189"
RRYN,6.05B,5.23%,1.38%,2.02%,1.07%,3.56,2.18,0.36,0.36,24.22%,14.94%,7.83%,Aug 05/a,20.22,-0.30%,"3,319,148"
RRYOJ,53.71M,-,0.79%,3.05%,0.97%,2.70,2.68,1.25,1.50,26.56%,-7.91%,1.34%,-,4.65,-1.06%,"45,446"
RRYTM,7.21B,-,-50.70%,-199.95%,-65.46%,3.45,3.20,0.44,0.51,88.91%,-83.62%,-87.62%,Aug 04/b,104.71,2.46%,"573,721"
RRYZ,1.31B,2.97%,-1.03%,-3.11%,-1.27%,2.21,1.04,1.00,1.03,17.35%,0.34%,-0.56%,Jul 29/a,25.28,0.28%,"271,637"
RRZG,-,0.47%,-,-,-,-,-,-,-,-,-,-,-,65.49,0.49%,"1,414"
RRZLT,406.35M,-,-74.01%,-81.73%,-69.48%,15.84,15.84,0.00,0.01,-,-,-,May 12/a,4.22,1.20%,"1,352,742"
RRZLV,954.63M,-,-36.68%,-94.36%,-41.04%,0.49,0.49,0.11,0.43,36.75%,-94.06%,-106.87%,Sep 01/b,2.29,-0.43%,"8,967,833"
RRZV,-,1.42%,-,-,-,-,-,-,-,-,-,-,-,146.24,0.80%,"5,005"
SS,6.87B,-,-14.37%,-23.01%,-23.48%,1.34,1.34,0.00,0.00,72.31%,-26.28%,-30.95%,Aug 27/a,19.75,-0.30%,"5,867,985"
SSA,3.35B,-,2.07%,3.30%,2.14%,2.08,2.08,0.51,0.51,-,-,-,Aug 13/a,31.01,0.19%,"394,163"
SSAA,-,0.82%,-,-,-,-,-,-,-,-,-,-,-,34.28,1.02%,"1,420"
SSAAQ,477.63M,-,-,-,1.23%,32.55,32.55,0.00,0.00,-,-,-,-,10.10,0.00%,"68,626"
SSABA,217.48M,8.52%,5.81%,9.42%,9.48%,1.42,1.42,0.00,0.00,91.68%,75.61%,57.09%,-,8.13,0.12%,"50,922"
SSABR,875.78M,-,-1.76%,-,23.97%,1.02,1.02,-,-,56.18%,13.63%,25.14%,Aug 06/b,2.17,1.88%,"11,395,091"
SSABS,310.26M,-,-28.97%,-34.27%,-17.73%,9.22,9.22,0.02,0.02,-,-,-,Aug 06/b,3.41,-0.29%,"712,045"
SSAC,317.11M,-,-,-,1.75%,10.48,10.48,0.00,0.00,-,-,-,-,10.11,-0.00%,"60,027"
SSACH,44.71M,8.58%,-1.63%,-4.71%,-1.85%,1.66,1.66,1.70,1.93,98.99%,42.11%,-28.35%,Aug 05/a,0.93,0.24%,"129,323"
SSAFE,993.55M,5.10%,1.59%,4.83%,1.62%,-,-,1.94,1.94,90.61%,75.76%,28.07%,Jul 30/a,14.03,-2.30%,"497,402"
SSAFT,1.52B,3.56%,3.09%,7.84%,7.34%,0.65,-,0.07,0.07,-,6.49%,5.33%,Aug 05/a,103.42,0.10%,"95,661"
SSAFX,170.31M,-,-14.94%,-,-35.71%,0.05,0.02,3.56,6.91,-18.11%,-275.33%,-291.80%,Sep 02,0.41,-1.28%,"1,570,809"
SSAGP,-,0.51%,-,-,-,-,-,-,-,-,-,-,-,36.01,0.40%,444
SSAGT,12.65M,-,9.25%,11.23%,6.17%,2.83,2.83,0.05,0.06,22.40%,11.03%,8.95%,Jul 23/b,0.55,-3.69%,"131,448"
SSAGU,162.41M,-,-,-,-,0.01,0.01,-,-,-,-,-,-,10.05,0.40%,311
SSAH,2.40B,2.10%,3.44%,20.62%,6.61%,1.01,0.25,2.12,4.56,14.66%,3.29%,1.37%,Jul 30/b,75.90,-0.81%,"150,654"
SSAIA,9.36B,-,7.74%,10.77%,9.37%,1.58,1.58,0.09,0.10,10.75%,10.75%,8.19%,Jul 30/b,351.05,1.46%,"423,595"
SSAIC,5.44B,1.15%,7.15%,25.74%,9.25%,1.20,1.20,1.86,1.88,12.65%,7.82%,5.13%,Aug 31/b,129.90,0.89%,"268,657"
SSAIH,42.84M,-,-41.31%,-59.31%,-82.42%,2.30,2.29,0.06,0.57,-51.88%,-116.45%,-142.72%,-,23.60,-0.17%,"19,786"
SSAIL,9.84B,-,-2.62%,-2.88%,-2.87%,1.23,1.23,0.00,0.00,58.00%,-18.77%,-16.92%,Sep 09/b,17.24,-2.27%,"4,980,711"
SSAM,1.78B,-,-5.55%,-8.61%,-9.51%,1.05,0.81,0.03,0.04,48.88%,5.41%,-3.64%,Jul 23/a,172.55,1.79%,"186,280"
SSAMG,117.89M,8.64%,0.62%,1.64%,1.29%,1.09,1.09,0.52,0.60,-,2.20%,0.72%,Jul 30/a,9.95,-0.50%,"165,410"
SSAMM,-,0.91%,-,-,-,-,-,-,-,-,-,-,-,34.05,1.52%,"28,506"
SSAMO,282.61M,-,-,-,-,0.00,0.00,-,-,-,-,-,-,9.83,0.10%,605
SSAMT,-,0.65%,-,-,-,-,-,-,-,-,-,-,-,41.71,0.41%,"80,746"
SSAN,224.52B,2.06%,0.72%,12.99%,2.96%,1.76,-,4.12,4.12,-,15.19%,13.14%,Jul 22/b,14.96,2.26%,"6,576,798"
SSANA,937.00M,-,-53.41%,-152.87%,-99.07%,1.38,1.38,0.38,0.48,-,-,-,Aug 10/a,3.13,1.29%,"3,280,174"
SSANG,118.48M,-,-1.90%,-2.56%,-2.43%,0.90,0.74,0.07,0.16,52.97%,-2.12%,-3.04%,May 13/a,3.56,-3.78%,402
SSANM,11.58B,-,4.12%,12.70%,6.51%,1.78,1.06,0.85,0.95,8.98%,5.49%,2.41%,Jul 27/a,216.00,6.24%,"475,015"
SSAP,238.18B,1.46%,11.14%,18.71%,15.35%,1.15,1.15,0.18,0.22,75.80%,28.45%,20.85%,Jul 23/a,206.36,0.20%,"1,720,193"
SSAPH,-,3.16%,-,-,-,-,-,-,-,-,-,-,-,37.68,0.28%,770
SSAR,276.91M,17.46%,1.31%,4.07%,1.79%,0.22,0.22,1.33,2.12,74.58%,52.05%,12.40%,Jul 07/a,17.22,0.35%,"128,955"
SSARK,-,3.36%,-,-,-,-,-,-,-,-,-,-,-,25.37,-0.67%,"108,196"
SSARO,7.96B,-,4.86%,12.30%,6.15%,2.13,1.59,0.91,0.93,13.49%,9.75%,5.12%,Aug 06/a,24.04,1.65%,"2,529,203"
SSASS,-,-,-,-,-,-,-,-,-,-,-,-,-,24.18,1.26%,"1,040"
SSATA,2.58B,1.95%,-,-,-,-,-,-,-,-,-,-,-,99.75,-0.21%,"715,576"
SSATL,736.41M,-,-76.94%,-,-80.48%,2.34,2.30,2.81,2.85,60.93%,-66.80%,-325.65%,Aug 05/a,4.79,1.91%,"2,659,271"
SSATO,-,6.44%,-,-,-,-,-,-,-,-,-,-,-,18.44,2.31%,581
SSAUG,-,-,-,-,-,-,-,-,-,-,-,-,-,27.58,0.16%,"17,000"
SSAWG,-,0.25%,-,-,-,-,-,-,-,-,-,-,-,24.11,0.72%,677
SSAWS,-,0.02%,-,-,-,-,-,-,-,-,-,-,-,23.36,1.07%,691
SSB,866.60M,3.41%,6.13%,10.32%,7.19%,0.90,0.90,0.39,0.59,44.24%,33.28%,25.69%,Jul 28/a,8.51,1.55%,"1,368,347"
SSBAC,19.68B,2.70%,8.80%,-,21.91%,0.17,0.17,-,-,63.75%,53.70%,34.51%,Aug 03/a,185.47,2.23%,"909,490"
SSBAR,-,11.28%,-,-,-,-,-,-,-,-,-,-,-,25.54,0.04%,"48,812"
SSBB,-,3.61%,-,-,-,-,-,-,-,-,-,-,-,23.20,-0.56%,472
SSBC,458.70M,-,13.58%,19.29%,16.63%,3.31,3.20,0.12,0.18,71.02%,37.34%,27.99%,Aug 13/b,4.46,1.36%,"182,818"
SSBCF,3.29B,2.26%,0.84%,5.85%,3.89%,0.04,-,0.31,0.43,-,24.52%,14.43%,Jul 28/a,33.98,0.35%,"553,440"
SSBET,1.93B,-,-182.89%,-183.58%,-121.23%,10.45,10.45,0.00,0.00,97.04%,-18.64%,-3406.29%,Aug 10/b,8.88,5.34%,"13,366,724"
SSBFG,182.21M,2.06%,1.08%,11.93%,8.61%,0.18,-,0.32,0.40,-,21.87%,17.65%,Jul 23/a,29.14,-1.02%,"7,402"
SSBFM,4.11M,-,-17.78%,-21.92%,-20.82%,5.46,3.30,0.02,0.02,29.31%,-14.71%,-16.50%,Aug 05,1.06,-1.85%,"99,917"
SSBGI,1.01B,7.19%,0.93%,14.04%,1.15%,1.94,1.94,10.91,11.03,37.41%,5.87%,1.60%,Aug 05/a,13.90,0.58%,"358,899"
SSBH,1.49B,-,6.83%,23.53%,8.66%,2.37,0.57,1.55,1.74,52.06%,8.55%,5.16%,Aug 03/b,15.96,1.01%,"956,920"
SSBI,104.91M,6.77%,-,-,-,-,-,-,-,-,-,-,-,7.45,0.40%,"20,732"
SSBIL,-,3.70%,-,-,-,-,-,-,-,-,-,-,-,100.16,0.01%,"536,598"
SSBIO,-,-,-,-,-,-,-,-,-,-,-,-,-,63.29,-0.80%,"33,691"
SSBIT,-,8.23%,-,-,-,-,-,-,-,-,-,-,-,36.58,-0.49%,"902,258"
SSBLK,3.49B,12.53%,7.41%,11.68%,8.66%,1.91,1.91,0.32,0.41,35.36%,27.84%,23.87%,Aug 05/a,31.17,1.40%,"1,308,773"
SSBMT,240.95M,-,-14.64%,-15.46%,-10.47%,26.95,26.95,0.04,0.04,-,-,-,-,8.16,3.29%,"47,443"
SSBND,-,4.63%,-,-,-,-,-,-,-,-,-,-,-,18.49,-0.27%,"37,199"
SSBR,1.09B,6.38%,806.27%,914.24%,848.81%,7.25,7.25,0.00,0.00,-,94.71%,94.71%,-,74.85,0.08%,"16,210"
SSBRA,5.24B,5.85%,1.21%,2.40%,1.21%,2.05,2.05,0.96,0.96,37.40%,18.80%,7.62%,Aug 03/a,20.52,-1.49%,"1,912,552"
SSBS,18.55B,2.99%,7.63%,18.75%,8.56%,1.47,1.47,1.03,1.14,35.42%,30.97%,19.56%,Aug 12/b,5.29,-0.56%,"6,871,987"
SSBSI,955.94M,4.50%,0.89%,8.99%,6.87%,0.16,-,0.25,1.86,-,21.26%,17.64%,Jul 24/b,32.07,-0.06%,"81,660"
SSBSW,8.87B,6.96%,11.08%,35.70%,17.91%,2.72,1.37,0.69,0.70,29.29%,25.79%,10.11%,Sep 01/b,12.54,-0.24%,"5,876,136"
SSBTU,-,-,-,-,-,-,-,-,-,-,-,-,-,44.96,9.25%,"17,055"
SSBUX,112.56B,2.55%,6.40%,-,16.54%,0.76,0.54,-,-,16.53%,10.01%,5.17%,Jul 29/a,98.74,-0.48%,"5,578,921"
SSBXD,69.84M,-,2.51%,2.66%,2.63%,0.13,0.13,0.00,0.00,-,-,-,-,10.87,0.00%,13
SSBXE,351.29M,-,-3.79%,-4.11%,-2.06%,5.70,5.70,0.00,0.00,-,-,-,-,10.10,0.00%,55
SSCA,-,12.71%,-,-,-,-,-,-,-,-,-,-,-,25.46,2.64%,135
SSCAG,16.82M,-,-37.98%,-,-,0.32,0.27,-,-,2.39%,-72.22%,-71.84%,-,0.23,-3.58%,"94,576"
SSCAP,-,7.46%,-,-,-,-,-,-,-,-,-,-,-,37.81,-0.14%,"1,824"
SSCATU,129.21M,-,-,-,-,0.29,0.29,-,-,-,-,-,-,10.02,0.05%,"15,065"
SSCAU,-,-,-,-,-,-,-,-,-,-,-,-,-,24.87,0.27%,6
SSCC,-,3.28%,-,-,-,-,-,-,-,-,-,-,-,15.56,-1.89%,"16,162"
SSCCO,163.37B,2.07%,25.93%,50.07%,26.76%,5.06,4.56,0.68,0.68,57.82%,56.90%,35.87%,Jul 22/b,193.49,-0.33%,"774,363"
SSCCR,-,4.61%,-,-,-,-,-,-,-,-,-,-,-,24.74,0.02%,"368,693"
SSCD,351.61M,9.38%,-,-,-,-,-,-,-,-,-,-,-,15.35,0.59%,"42,078"
SSCDS,-,0.93%,-,-,-,-,-,-,-,-,-,-,-,73.87,0.66%,266
SSCDV,-,0.44%,-,-,-,-,-,-,-,-,-,-,-,26.49,0.65%,"4,573"
SSCEC,-,5.10%,-,-,-,-,-,-,-,-,-,-,-,24.18,-0.06%,"47,706"
SSCEP,-,5.05%,-,-,-,-,-,-,-,-,-,-,-,24.64,0.84%,"14,767"
SSCHA,-,1.06%,-,-,-,-,-,-,-,-,-,-,-,33.79,0.42%,"4,088,830"
SSCHB,-,1.02%,-,-,-,-,-,-,-,-,-,-,-,29.47,0.82%,"4,808,136"
SSCHC,-,3.32%,-,-,-,-,-,-,-,-,-,-,-,50.72,0.63%,"280,414"
SSCHD,-,3.07%,-,-,-,-,-,-,-,-,-,-,-,34.12,0.38%,"18,495,995"
SSCHE,-,2.57%,-,-,-,-,-,-,-,-,-,-,-,37.02,0.73%,"2,714,333"
SSCHF,-,2.99%,-,-,-,-,-,-,-,-,-,-,-,28.19,1.11%,"5,885,699"
SSCHG,-,0.38%,-,-,-,-,-,-,-,-,-,-,-,35.16,0.86%,"7,193,328"
SSCHH,-,2.85%,-,-,-,-,-,-,-,-,-,-,-,23.20,0.61%,"10,076,451"
SSCHI,-,5.21%,-,-,-,-,-,-,-,-,-,-,-,21.81,-0.05%,"5,823,580"
SSCHJ,-,4.57%,-,-,-,-,-,-,-,-,-,-,-,24.25,-0.08%,"212,921"
SSCHK,-,1.01%,-,-,-,-,-,-,-,-,-,-,-,36.82,0.88%,"1,205,605"
SSCHL,663.96M,2.86%,3.01%,6.68%,5.07%,1.23,0.78,0.49,0.56,52.68%,1.52%,3.58%,Sep 24/a,35.01,-0.74%,"258,943"
SSCHM,-,1.26%,-,-,-,-,-,-,-,-,-,-,-,35.13,0.69%,"2,296,367"
SSCHO,-,3.82%,-,-,-,-,-,-,-,-,-,-,-,23.92,-0.04%,"5,306,597"
SSCHP,-,5.01%,-,-,-,-,-,-,-,-,-,-,-,25.59,-0.43%,"8,842,085"
SSCHQ,-,4.98%,-,-,-,-,-,-,-,-,-,-,-,29.46,0.07%,"1,226,492"
SSCHR,-,4.03%,-,-,-,-,-,-,-,-,-,-,-,23.98,-0.21%,"4,148,461"
SSCHV,-,1.77%,-,-,-,-,-,-,-,-,-,-,-,34.49,0.79%,"2,608,920"
SSCHW,185.47B,1.19%,2.07%,20.27%,13.96%,1.16,1.16,0.44,0.74,85.03%,49.70%,33.10%,Jul 21/b,107.25,-0.07%,"4,756,133"
SSCHX,-,1.01%,-,-,-,-,-,-,-,-,-,-,-,30.11,0.84%,"6,550,264"
SSCHY,-,3.40%,-,-,-,-,-,-,-,-,-,-,-,32.66,0.28%,"469,948"
SSCHZ,-,4.27%,-,-,-,-,-,-,-,-,-,-,-,22.42,-0.13%,"3,245,502"
SSCI,11.20B,1.70%,2.89%,34.71%,8.09%,0.53,0.49,3.32,3.45,26.03%,22.42%,12.30%,Jul 29/a,82.21,3.11%,"1,191,787"
SSCII,252.46M,-,-,-,1.54%,3.48,3.48,0.00,0.00,-,-,-,-,10.17,0.35%,8
SSCIO,-,5.78%,-,-,-,-,-,-,-,-,-,-,-,20.34,-0.20%,"85,615"
SSCJ,-,2.65%,-,-,-,-,-,-,-,-,-,-,-,110.29,1.93%,"11,673"
SSCJL,-,-,-,-,-,-,-,-,-,-,-,-,-,24.82,0.30%,6
SSCJN,-,-,-,-,-,-,-,-,-,-,-,-,-,25.36,0.25%,6
SSCKT,4.34M,-,-75.44%,-155.71%,-391.20%,0.84,0.39,0.59,3.30,49.10%,-26.10%,-107.49%,Jul 30/a,0.52,-2.89%,"39,315"
SSCL,1.40B,2.57%,-0.11%,-0.22%,-0.18%,1.15,0.77,0.24,0.58,11.81%,3.32%,-0.11%,Jul 29/b,61.57,-0.15%,"184,740"
SSCLX,35.24M,-,-265.83%,-,-,0.07,0.06,-,-,29.18%,-903.52%,-1418.45%,-,5.01,-0.79%,"21,655"
SSCLZ,-,8.04%,-,-,-,-,-,-,-,-,-,-,-,56.73,0.88%,190
SSCM,232.97M,14.58%,2.95%,8.02%,3.08%,9.34,9.34,1.63,1.63,76.12%,67.23%,30.08%,Aug 10/a,8.18,-0.12%,"94,608"
SSCMB,-,3.66%,-,-,-,-,-,-,-,-,-,-,-,24.66,0.37%,"2,980,949"
SSCMC,-,3.48%,-,-,-,-,-,-,-,-,-,-,-,24.71,0.16%,"14,390"
SSCMY,-,-,-,-,-,-,-,-,-,-,-,-,-,25.55,0.25%,11
SSCNI,1.18M,-,-18.38%,-27.22%,-17.84%,1.56,1.56,0.27,0.31,-,-435.17%,-178.14%,Aug 24/b,1.66,-0.60%,"3,493,695"
SSCNM,-,2.45%,-,-,-,-,-,-,-,-,-,-,-,24.23,0.39%,"12,271"
SSCNX,14.29M,-,-20.29%,-24.07%,-27.90%,3.04,2.97,0.15,0.17,82.75%,-2648.49%,-3145.84%,Aug 14/b,0.35,-2.69%,"241,591"
SSCO,-,-,-,-,-,-,-,-,-,-,-,-,-,20.61,1.38%,"8,294,458"
SSCOP,-,-,-,-,-,-,-,-,-,-,-,-,-,11.65,-0.60%,"45,839"
SSCOR,75.31M,-,-4.72%,-9.62%,-9.71%,0.76,0.76,0.01,0.05,37.36%,-1.60%,6.90%,Aug 12/a,4.96,-1.20%,"35,277"
SSCOW,-,0.53%,-,-,-,-,-,-,-,-,-,-,-,22.82,0.64%,42
SSCPQ,138.13M,-,-,-,0.76%,4.27,4.27,0.00,0.00,-,-,-,-,10.12,0.00%,8
SSCSB,-,2.55%,-,-,-,-,-,-,-,-,-,-,-,24.69,-0.12%,"3,376"
SSCSC,1.17B,-,4.20%,8.68%,7.78%,1.76,1.15,0.11,0.12,12.85%,3.18%,2.44%,Aug 20/b,58.19,4.79%,"259,093"
SSCTX,563.03M,-,-,-,-,0.57,0.57,-,-,-,-,-,Sep 02/a,29.74,0.92%,"141,194"
SSCUB,-,2.15%,-,-,-,-,-,-,-,-,-,-,-,24.94,0.00%,13
SSCUS,-,3.89%,-,-,-,-,-,-,-,-,-,-,-,25.10,0.00%,"146,971"
SSCWO,57.41M,-,-162.48%,-232.63%,-253.85%,1.67,1.22,1.29,1.37,-432.90%,-922.63%,-911.01%,Aug 14/a,3.24,1.25%,"30,590"
SSCYB,-,6.98%,-,-,-,-,-,-,-,-,-,-,-,25.69,-0.08%,"774,564"
SSCYX,48.16M,-,-15.09%,-18.38%,-14.97%,9.56,9.56,0.02,0.03,-,-117.61%,-53.27%,Aug 10/a,4.84,2.98%,"30,448"
SSCZ,-,3.10%,-,-,-,-,-,-,-,-,-,-,-,86.09,0.87%,"1,687,828"
SSCZM,897.35M,-,9.83%,22.48%,19.82%,1.51,1.08,0.00,0.21,35.72%,29.97%,9.97%,Aug 15/a,9.65,-0.41%,"352,409"
SSD,542.41M,4.20%,13.06%,16.22%,15.29%,2.62,2.62,0.00,0.00,48.65%,41.73%,43.86%,Aug 05/a,14.63,-0.27%,"205,688"
SSDA,55.96M,-,0.07%,0.55%,0.53%,1.28,1.28,0.08,2.58,50.12%,1.90%,0.04%,May 27/b,0.55,-9.92%,"293,723"
SSDCI,-,2.57%,-,-,-,-,-,-,-,-,-,-,-,31.52,-1.19%,"433,346"
SSDCP,-,4.95%,-,-,-,-,-,-,-,-,-,-,-,25.33,-0.11%,10
SSDD,-,5.97%,-,-,-,-,-,-,-,-,-,-,-,8.81,-1.04%,"9,454"
SSDEM,-,4.87%,-,-,-,-,-,-,-,-,-,-,-,34.03,-0.39%,"1,963"
SSDEV,45.21M,-,-215.92%,-587.58%,-6.34%,28.94,28.94,0.00,0.00,51.27%,-249.12%,-285.09%,-,0.89,3.91%,"192,327"
SSDFI,-,4.55%,-,-,-,-,-,-,-,-,-,-,-,35.03,-0.10%,"1,520"
SSDG,-,1.68%,-,-,-,-,-,-,-,-,-,-,-,89.93,0.53%,"1,317"
SSDGR,1.42B,-,-8.18%,-16.18%,-12.92%,2.71,2.71,0.28,0.33,56.87%,-59.24%,-20.98%,Aug 05/a,19.02,1.17%,"464,979"
SSDHC,537.76M,-,1.11%,8.10%,4.38%,5.73,0.24,0.86,0.86,19.47%,4.51%,0.64%,Aug 06/b,10.58,1.54%,"121,256"
SSDHI,366.84M,-,3.55%,3.77%,3.70%,9.45,9.45,0.00,0.00,-,-,-,-,10.53,-0.28%,"26,147"
SSDHY,-,8.28%,-,-,-,-,-,-,-,-,-,-,-,15.65,0.06%,"44,532"
SSDIV,-,9.04%,-,-,-,-,-,-,-,-,-,-,-,24.74,-0.28%,"500,396"
SSDMF,-,0.38%,-,-,-,-,-,-,-,-,-,-,-,26.55,0.13%,"5,648"
SSDOG,-,3.29%,-,-,-,-,-,-,-,-,-,-,-,72.27,0.85%,"11,748"
SSDOT,18.03M,-,-81.97%,-480.15%,-,0.01,0.01,-,-,-6157.91%,-15991.48%,-14485.89%,Aug 14/b,12.39,-1.82%,"65,959"
SSDOW,-,5.45%,-,-,-,-,-,-,-,-,-,-,-,23.93,-2.76%,"6,188,754"
SSDP,-,3.71%,-,-,-,-,-,-,-,-,-,-,-,24.72,0.86%,"15,387"
SSDRL,2.98B,0.08%,0.02%,0.03%,0.03%,2.28,2.28,0.26,0.26,16.38%,9.33%,0.07%,Aug 10/b,47.90,-1.16%,"645,813"
SSDS,-,5.50%,-,-,-,-,-,-,-,-,-,-,-,55.03,-1.61%,"3,739,967"
SSDSI,-,4.67%,-,-,-,-,-,-,-,-,-,-,-,50.74,0.01%,"6,521"
SSDST,2.08M,-,-170.42%,-,-,0.05,0.05,-,-,-,-,-,Aug 13/a,0.14,-15.88%,"10,534,647"
SSDTY,-,26.64%,-,-,-,-,-,-,-,-,-,-,-,40.83,0.90%,"13,024"
SSDUR,-,0.26%,-,-,-,-,-,-,-,-,-,-,-,24.93,-0.11%,9
SSDVD,-,8.22%,-,-,-,-,-,-,-,-,-,-,-,22.71,1.11%,"1,150,149"
SSDVY,-,0.97%,-,-,-,-,-,-,-,-,-,-,-,42.67,0.80%,"1,043,601"
SSDY,-,2.44%,-,-,-,-,-,-,-,-,-,-,-,153.00,0.41%,"130,094"
SSE,60.23B,-,5.70%,14.50%,10.72%,1.49,1.48,0.18,0.32,44.34%,7.86%,5.91%,Aug 11/b,106.24,-1.35%,"2,899,663"
SSEA,-,4.76%,-,-,-,-,-,-,-,-,-,-,-,20.17,1.00%,"7,728"
SSEAT,55.64M,-,-34.02%,-557.00%,-107.06%,0.66,0.59,-,-,58.68%,-9.36%,-60.26%,Aug 04/b,4.95,5.10%,"110,657"
SSEB,4.11B,0.21%,7.67%,12.29%,9.45%,2.40,1.33,0.22,0.36,8.32%,3.63%,6.17%,May 05/a,4296.00,-0.04%,"8,985"
SSECR,-,6.09%,-,-,-,-,-,-,-,-,-,-,-,24.61,-0.22%,"1,803"
SSECT,-,0.73%,-,-,-,-,-,-,-,-,-,-,-,71.48,0.80%,"95,649"
SSECU,-,3.42%,-,-,-,-,-,-,-,-,-,-,-,49.04,-0.29%,"27,893"
SSECZ,1.35B,-,-10.37%,-20.77%,-64.61%,1.51,0.07,-,-,-0.65%,-88.63%,-142.99%,Aug 12/a,8.27,2.86%,"857,221"
SSEDG,2.13B,-,-11.28%,-58.42%,-33.54%,2.03,1.38,0.96,0.99,22.08%,-9.97%,-20.29%,Aug 05/b,34.68,-5.63%,"4,927,207"
SSEED,12.69M,-,-46.09%,-,-,0.39,0.16,-,-,5.68%,-60.94%,-61.16%,May 21/a,1.04,-0.48%,"25,613"
SSEEM,-,2.58%,-,-,-,-,-,-,-,-,-,-,-,39.59,1.19%,"33,414"
SSEER,107.98M,-,-23.47%,-26.45%,-27.70%,14.74,14.06,0.09,0.10,47.22%,-503.63%,-482.39%,Aug 11/a,1.95,1.04%,"84,222"
SSEF,-,3.44%,-,-,-,-,-,-,-,-,-,-,-,29.65,-0.60%,"13,385"
SSEG,325.87M,-,-19.78%,-27.04%,-25.13%,3.62,3.62,0.23,0.23,-29.49%,-86.09%,-102.53%,Aug 05/a,25.44,-1.59%,"41,563"
SSEGG,11.60M,-,-37.20%,-92.32%,-86.77%,0.40,0.40,0.00,0.27,-1237.33%,-3192.98%,-3609.48%,-,3.56,17.11%,"119,727"
SSEI,5.16B,0.71%,1.85%,8.09%,1.55%,4.12,4.03,2.77,2.79,35.47%,24.26%,6.91%,Aug 05/a,67.42,5.10%,"3,108,816"
SSEIC,12.83B,1.00%,23.76%,29.22%,27.68%,5.06,5.06,0.02,0.03,85.33%,29.48%,28.81%,Jul 22/a,106.93,0.15%,"579,707"
SSEIE,-,2.19%,-,-,-,-,-,-,-,-,-,-,-,36.75,1.01%,"78,033"
SSEIM,-,0.54%,-,-,-,-,-,-,-,-,-,-,-,53.73,1.53%,"49,909"
SSEIQ,-,0.90%,-,-,-,-,-,-,-,-,-,-,-,41.09,0.78%,"33,493"
SSEIS,-,0.34%,-,-,-,-,-,-,-,-,-,-,-,32.04,0.81%,"46,416"
SSEIV,-,1.39%,-,-,-,-,-,-,-,-,-,-,-,51.04,1.43%,"87,711"
SSEIX,-,7.04%,-,-,-,-,-,-,-,-,-,-,-,23.35,0.04%,"39,269"
SSELF,58.36M,5.64%,3.24%,4.45%,3.38%,23.99,23.99,0.33,0.33,47.32%,20.80%,16.30%,Aug 07/a,5.11,-0.78%,"10,089"
SSELV,-,1.65%,-,-,-,-,-,-,-,-,-,-,-,34.76,1.01%,"7,780"
SSEMG,-,0.05%,-,-,-,-,-,-,-,-,-,-,-,27.33,0.92%,"8,518"
SSEMI,-,-,-,-,-,-,-,-,-,-,-,-,-,38.18,0.74%,"5,734"
SSEMY,-,134.44%,-,-,-,-,-,-,-,-,-,-,-,12.90,-0.23%,"81,300"
SSENEA,1.29B,-,9.84%,16.80%,12.04%,3.77,0.88,0.28,0.31,13.42%,8.57%,6.74%,Aug 06/a,190.62,2.38%,"64,444"
SSENS,460.53M,-,-66.88%,-118.24%,-71.89%,6.74,6.40,0.68,0.70,54.87%,-223.22%,-225.34%,Aug 06/a,8.71,-0.91%,"395,168"
SSEPI,-,7.24%,-,-,-,-,-,-,-,-,-,-,-,28.90,0.84%,"44,037"
SSEPM,-,-,-,-,-,-,-,-,-,-,-,-,-,33.31,0.00%,"1,224"
SSEPN,1.80B,-,-4.94%,-6.34%,-5.96%,4.99,4.99,0.05,0.06,98.33%,-56.68%,-24.51%,Aug 10/a,38.51,2.01%,"354,801"
SSEPP,-,-,-,-,-,-,-,-,-,-,-,-,-,33.13,0.58%,"15,507"
SSEPQ,-,11.33%,-,-,-,-,-,-,-,-,-,-,-,27.35,0.87%,"15,369"
SSEPT,-,-,-,-,-,-,-,-,-,-,-,-,-,38.35,0.65%,"5,080"
SSEPU,-,-,-,-,-,-,-,-,-,-,-,-,-,31.61,0.51%,"6,854"
SSEPW,-,-,-,-,-,-,-,-,-,-,-,-,-,33.88,0.41%,"30,717"
SSEPZ,-,2.01%,-,-,-,-,-,-,-,-,-,-,-,46.15,0.64%,"4,036"
SSER,56.39M,-,-121.85%,-206.26%,-96.52%,6.65,6.65,0.17,0.17,-,-,-,Aug 13/a,2.22,-11.20%,"69,320"
SSERA,80.08M,-,-33.47%,-45.03%,-53.27%,1.98,1.98,0.05,0.05,-1228.57%,-53282.86%,-47475.71%,Aug 12/a,2.03,-0.98%,"26,356"
SSERV,388.45M,-,-60.86%,-64.55%,-50.24%,12.83,12.83,0.02,0.03,-370.09%,-2447.95%,-2315.80%,Aug 06/a,4.48,1.36%,"2,662,031"
SSES,196.86M,-,-25.81%,-31.15%,-35.37%,6.52,6.22,0.03,0.04,-17.50%,-312.83%,-289.64%,Aug 11/a,0.53,0.59%,"28,458,346"
SSETH,-,30.83%,-,-,-,-,-,-,-,-,-,-,-,32.15,-3.10%,"48,942"
SSETM,-,1.42%,-,-,-,-,-,-,-,-,-,-,-,31.95,-2.23%,"177,957"
SSEUS,-,-,-,-,-,-,-,-,-,-,-,-,-,26.13,1.36%,"22,947"
SSEV,91.63M,-,-125.38%,-163.62%,-164.94%,1.68,1.68,0.04,0.09,-,-,-,Aug 12/a,2.26,-2.16%,"185,502"
SSEVN,167.89M,15.11%,1.56%,3.93%,2.13%,0.29,0.29,0.69,1.47,82.12%,68.00%,19.32%,Jul 28/a,7.41,0.95%,"164,943"
SSEZL,4.00B,-,40.00%,88.84%,45.50%,4.02,4.02,0.52,0.52,74.65%,40.39%,30.35%,Aug 06/a,118.87,0.39%,"248,620"
SSF,12.04B,1.71%,2.25%,16.43%,12.04%,1.49,1.49,0.32,0.51,87.47%,21.25%,13.70%,Jul 22/b,79.76,0.09%,"724,865"
SSFBC,123.27M,1.71%,0.76%,7.35%,6.54%,0.16,-,0.09,0.10,-,15.60%,12.82%,-,48.00,-0.72%,"2,182"
SSFBS,4.60B,1.80%,1.80%,17.34%,15.74%,0.10,-,0.03,0.83,-,38.08%,30.95%,Jul 20/a,42.13,-0.50%,"467,402"
SSFD,7.98B,6.17%,9.12%,15.90%,12.13%,2.56,1.34,0.25,0.34,13.44%,8.56%,6.85%,Aug 11/b,20.26,-1.60%,"1,954,231"
SSFEB,-,-,-,-,-,-,-,-,-,-,-,-,-,26.21,0.21%,"1,453"
SSFGV,-,2.31%,-,-,-,-,-,-,-,-,-,-,-,36.25,0.75%,"11,913"
SSFHG,9.13M,-,-11.75%,-31.86%,-23.79%,1.14,1.00,0.61,1.16,20.64%,-12.72%,-11.67%,-,2.25,-2.60%,"6,558"
SSFIX,393.61M,-,-3.86%,-9.51%,-7.51%,1.50,0.97,0.26,0.37,41.86%,-2.13%,-1.43%,Sep 23/a,2.95,3.51%,"1,437,504"
SSFL,1.98B,6.68%,1.71%,6.25%,2.24%,0.38,0.38,1.75,2.30,30.90%,27.75%,8.76%,Aug 26/b,13.18,3.94%,"2,000,642"
SSFLO,-,0.72%,-,-,-,-,-,-,-,-,-,-,-,38.92,0.84%,"136,926"
SSFLR,-,0.28%,-,-,-,-,-,-,-,-,-,-,-,38.89,0.75%,"155,612"
SSFM,6.78B,-,12.39%,35.20%,14.68%,0.99,0.43,1.28,1.40,36.89%,7.49%,5.58%,Jul 29/a,72.76,0.78%,"1,770,050"
SSFNC,3.35B,3.71%,-1.36%,-9.94%,-9.09%,0.13,-,0.10,0.38,-,-74.60%,-56.67%,Jul 16/a,23.19,0.26%,"963,715"
SSFST,597.86M,-,0.88%,9.93%,5.41%,0.10,-,0.62,0.62,-,21.63%,16.78%,Jul 21/b,63.12,-0.47%,"76,159"
SSFTX,-,0.20%,-,-,-,-,-,-,-,-,-,-,-,31.51,0.99%,"53,162"
SSFTY,-,0.17%,-,-,-,-,-,-,-,-,-,-,-,31.61,0.83%,"68,494"
SSFWL,46.07M,-,3.63%,9.58%,7.10%,1.27,1.27,0.27,0.72,9.27%,2.95%,2.08%,-,8.38,-11.64%,"6,956"
SSFY,-,0.82%,-,-,-,-,-,-,-,-,-,-,-,151.52,0.76%,"8,661"
SSFYF,-,0.35%,-,-,-,-,-,-,-,-,-,-,-,63.62,0.88%,"3,029"
SSFYI,-,2.01%,-,-,-,-,-,-,-,-,-,-,-,24.92,0.51%,"1,988"
SSG,845.19M,-,1.58%,3.07%,1.75%,1.43,1.41,0.67,0.76,0.92%,-17.91%,2.01%,Aug 06/a,7.10,5.03%,"6,411,526"
SSGA,58.05M,8.21%,-4.07%,-5.43%,-5.55%,2.24,2.24,0.03,0.07,5.73%,-16.75%,-8.15%,Aug 13/b,9.13,2.58%,"6,685"
SSGC,199.79M,4.47%,1.99%,4.29%,3.01%,2.60,1.76,0.42,0.48,37.57%,2.91%,1.44%,Aug 04/b,12.53,1.95%,"36,122"
SSGDJ,-,7.24%,-,-,-,-,-,-,-,-,-,-,-,97.35,0.75%,"31,547"
SSGDM,-,0.90%,-,-,-,-,-,-,-,-,-,-,-,80.82,0.62%,"32,139"
SSGHC,7.03B,1.45%,29.79%,49.43%,40.79%,1.83,1.83,0.09,0.13,28.79%,21.27%,15.22%,Aug 04/a,13.84,1.47%,"1,848,206"
SSGHT,448.42M,-,-26.24%,-48.42%,-35.28%,4.95,4.67,0.59,0.79,87.96%,-33.43%,-35.69%,Aug 05/a,8.14,1.69%,"179,559"
SSGI,15.37B,1.02%,4.64%,17.57%,5.85%,0.75,0.37,1.82,1.99,44.65%,13.52%,7.00%,Aug 06/b,66.76,0.98%,"2,148,160"
SSGLC,-,0.20%,-,-,-,-,-,-,-,-,-,-,-,45.49,0.95%,"11,375"
SSGLD,76.16M,-,10.60%,19.09%,11.01%,1.58,1.58,0.00,0.00,-,-,-,-,4.40,-0.68%,"158,360"
SSGLY,8.59M,-,-32.65%,-57.83%,-68.59%,1.63,1.63,0.05,0.84,3.65%,-97.58%,-493.51%,-,1.59,-18.88%,"659,646"
SSGML,1.07B,-,-6.77%,-31.65%,-14.92%,0.34,0.24,1.25,3.26,42.70%,24.04%,-19.35%,Aug 14/b,9.50,-5.66%,"1,574,275"
SSGMT,670.11M,-,-23.49%,-24.37%,-18.25%,44.94,44.94,0.01,0.01,-,-,-,Aug 11/b,10.88,-1.63%,"639,392"
SSGOL,-,-,-,-,-,-,-,-,-,-,-,-,-,41.39,0.56%,"3,537,432"
SSGOV,-,3.69%,-,-,-,-,-,-,-,-,-,-,-,100.52,0.02%,"19,550,376"
SSGP,920.49M,-,-,-,-,25.06,25.06,0.01,0.01,-,-,-,Aug 06/a,27.52,0.77%,"169,467"
SSGRT,-,0.12%,-,-,-,-,-,-,-,-,-,-,-,33.21,1.25%,"19,554"
SSGRW,-,-,-,-,-,-,-,-,-,-,-,-,-,24.95,0.88%,859
SSGRX,1.38M,-,-260.97%,-234.92%,-165.81%,44.93,44.93,-,-,-,-5305.90%,-55986.51%,-,1.68,17.48%,"625,131"
SSGRY,1.88B,-,-1.11%,-5.18%,-1.59%,1.95,1.78,2.34,2.43,17.25%,13.64%,-2.63%,Aug 10/b,14.38,1.84%,"1,287,952"
SSGU,422.61M,5.95%,6.82%,18.22%,10.79%,0.86,0.69,0.58,0.68,29.96%,5.95%,3.52%,Aug 05/a,12.88,0.78%,"21,390"
SSGVA,-,-,-,-,-,-,-,-,-,-,-,-,-,100.85,0.02%,"4,530"
SSGVT,-,3.31%,-,-,-,-,-,-,-,-,-,-,-,100.60,0.00%,"449,183"
SSH,-,4.26%,-,-,-,-,-,-,-,-,-,-,-,32.62,-0.79%,"9,423,497"
SSHAG,-,4.26%,-,-,-,-,-,-,-,-,-,-,-,46.72,-0.15%,"1,465"
SSHAK,2.72B,-,2.13%,7.65%,2.79%,1.67,1.64,1.61,1.75,17.85%,5.45%,2.56%,Aug 05/b,63.65,3.16%,"1,407,224"
SSHAZ,2.13B,-,-6708.01%,-,-0.11%,10.55,10.55,0.89,0.90,-,-,-,Aug 06/b,59.41,5.02%,"1,060,909"
SSHBI,782.25M,2.30%,1.09%,11.21%,9.26%,0.08,-,0.16,0.16,-,24.67%,19.15%,Jul 23/a,23.44,0.17%,"138,284"
SSHC,5.24B,0.05%,5.01%,27.78%,5.62%,2.80,2.53,3.37,3.41,53.97%,36.90%,13.44%,Aug 06/b,18.37,0.60%,"1,308,043"
SSHDG,-,0.48%,-,-,-,-,-,-,-,-,-,-,-,33.41,0.79%,"2,671"
SSHE,-,1.11%,-,-,-,-,-,-,-,-,-,-,-,157.93,1.09%,"1,718"
SSHEH,-,1.75%,-,-,-,-,-,-,-,-,-,-,-,69.61,0.52%,512
SSHEL,277.19B,3.24%,6.75%,14.34%,10.57%,1.43,1.12,0.36,0.40,18.12%,13.68%,8.76%,Jul 30/b,96.77,0.84%,"5,251,079"
SSHEN,659.39M,0.92%,-2.37%,-5.09%,-2.83%,0.81,0.81,0.84,0.85,28.71%,-4.49%,-12.23%,Jul 29/b,11.91,-0.58%,"704,607"
SSHFS,1.90M,-,-36.76%,-229.75%,-56.57%,1.76,1.76,0.07,0.10,95.03%,-66.95%,-64.13%,Apr 01/b,0.15,0.00%,"299,362"
SSHG,39.02B,2.46%,0.65%,9.51%,4.22%,0.22,-,1.34,2.79,-,18.28%,12.19%,Jul 23/b,84.06,3.48%,"119,660"
SSHIM,142.20M,-,-7.78%,-,-54.98%,1.00,1.00,-,-,9.44%,-2.44%,-3.81%,Aug 10/a,3.44,0.00%,"62,014"
SSHIP,398.91M,7.39%,9.65%,20.97%,10.66%,0.89,0.87,0.79,0.94,50.70%,37.03%,30.69%,Jul 30/b,18.41,0.93%,"391,042"
SSHLD,-,0.54%,-,-,-,-,-,-,-,-,-,-,-,61.75,-0.05%,"841,446"
SSHLS,1.23B,-,3.51%,5.34%,3.74%,2.25,1.12,0.38,0.38,30.16%,10.63%,5.41%,Aug 04/b,7.30,2.67%,"3,638,190"
SSHM,-,2.71%,-,-,-,-,-,-,-,-,-,-,-,47.31,0.02%,"238,094"
SSHMD,225.05M,-,-91.40%,-,-367.95%,0.86,0.61,-,-,30.54%,-0.42%,-112.74%,Aug 25/b,3.38,4.64%,"595,697"
SSHNY,-,-,-,-,-,-,-,-,-,-,-,-,-,9.31,1.09%,"1,380,182"
SSHO,2.04B,3.28%,1.75%,2.74%,1.85%,6.54,6.54,0.52,0.52,19.63%,9.72%,4.18%,Aug 06/b,10.98,0.09%,"1,113,133"
SSHOC,-,0.13%,-,-,-,-,-,-,-,-,-,-,-,104.84,1.22%,"2,334"
SSHOE,345.51M,5.35%,2.09%,3.61%,2.48%,4.04,1.12,0.45,0.52,34.47%,2.85%,2.20%,Sep 10/b,12.71,3.50%,"1,234,431"
SSHOO,3.14B,1.32%,7.68%,16.16%,11.39%,1.91,1.13,0.34,0.40,44.75%,9.03%,5.23%,Jul 30/b,42.93,3.30%,"1,248,810"
SSHOP,165.71B,-,13.28%,15.54%,15.00%,5.35,5.35,0.01,0.01,47.61%,17.82%,14.53%,Aug 05/b,128.79,1.73%,"10,783,360"
SSHOT,287.13M,-,-,-,-,10.36,10.36,0.00,0.00,-,-,-,-,9.85,-0.12%,9
SSHPH,2.25M,-,-126.42%,-326.36%,-310.93%,0.30,0.30,0.04,0.06,-,-,-,-,3.53,0.00%,"10,920"
SSHPP,-,2.87%,-,-,-,-,-,-,-,-,-,-,-,34.15,0.57%,231
SSHPU,-,3.18%,-,-,-,-,-,-,-,-,-,-,-,12.87,3.62%,"187,363"
SSHRD,-,0.78%,-,-,-,-,-,-,-,-,-,-,-,24.34,-0.01%,359
SSHRT,-,0.07%,-,-,-,-,-,-,-,-,-,-,-,6.72,-0.00%,"7,955"
SSHRY,-,1.57%,-,-,-,-,-,-,-,-,-,-,-,47.31,1.36%,30
SSHV,-,3.70%,-,-,-,-,-,-,-,-,-,-,-,110.15,0.03%,"1,936,322"
SSHW,78.49B,0.92%,10.28%,65.12%,18.41%,0.73,0.46,2.79,3.90,48.26%,16.53%,11.01%,Jul 28/b,323.31,1.85%,"2,172,252"
SSHY,-,3.64%,-,-,-,-,-,-,-,-,-,-,-,81.37,-0.06%,"5,934,474"
SSHYD,-,3.69%,-,-,-,-,-,-,-,-,-,-,-,22.30,-0.04%,"149,663"
SSHYG,-,7.07%,-,-,-,-,-,-,-,-,-,-,-,41.79,0.00%,"1,379,920"
SSHYL,-,6.91%,-,-,-,-,-,-,-,-,-,-,-,43.66,-0.11%,"63,446"
SSHYM,-,4.40%,-,-,-,-,-,-,-,-,-,-,-,21.77,0.37%,"348,152"
SSI,385.78M,-,-30.49%,-40.54%,-25.18%,10.71,8.92,0.12,0.12,70.53%,-58.53%,-58.33%,Aug 06/a,18.53,-3.04%,"123,522"
SSIBN,823.77M,-,-6.10%,-8.30%,-6.51%,9.15,7.55,0.23,0.23,79.53%,-8.31%,-6.85%,Aug 03/a,18.38,0.44%,"590,905"
SSID,1.68B,0.81%,-2.63%,-20.40%,-4.46%,1.15,0.79,3.77,4.47,27.22%,9.89%,-5.86%,Aug 12/a,1.27,-7.97%,"8,486,571"
SSIDU,202.45M,-,-24.44%,-27.00%,-14.47%,33.29,33.29,0.00,0.01,-169.98%,-982.74%,-970.26%,Aug 14/a,2.00,0.00%,"2,806,205"
SSIEB,110.97M,-,-0.15%,-1.26%,-1.20%,0.36,0.36,0.06,0.13,94.84%,0.51%,-1.07%,-,2.70,-1.10%,"56,190"
SSIF,134.78M,-,4.97%,10.11%,7.49%,1.75,1.35,0.28,0.47,16.57%,5.18%,4.00%,-,21.55,3.06%,"53,177"
SSIFI,-,6.48%,-,-,-,-,-,-,-,-,-,-,-,42.69,-0.04%,12
SSIFY,998.09M,-,-1.59%,-8.53%,-1.86%,0.73,0.65,2.32,3.40,24.20%,6.96%,-1.97%,Jul 15/b,13.78,-2.89%,"78,328"
SSIG,3.84B,1.38%,6.47%,19.85%,12.74%,1.62,0.44,0.51,0.67,38.90%,7.44%,5.19%,Sep 09/b,100.26,2.61%,"1,035,179"
SSIGA,217.70M,-,-1.36%,-1.49%,-1.69%,21.72,16.48,0.00,0.00,54.35%,-20.76%,-5.19%,Aug 06/a,3.03,0.33%,"453,372"
SSIGI,5.38B,1.98%,3.59%,14.15%,10.90%,0.39,-,0.25,0.25,-,12.71%,8.90%,Jul 23/a,90.34,-0.24%,"297,147"
SSIHY,-,7.04%,-,-,-,-,-,-,-,-,-,-,-,44.96,0.05%,"9,569"
SSII,3.42B,1.23%,22.06%,28.57%,26.87%,3.43,3.43,0.00,0.00,92.49%,35.59%,26.00%,Aug 05/b,133.05,5.31%,"250,633"
SSIJ,-,4.40%,-,-,-,-,-,-,-,-,-,-,-,17.96,-2.16%,"7,935"
SSIL,-,1.05%,-,-,-,-,-,-,-,-,-,-,-,96.36,0.17%,"712,481"
SSILC,242.84M,-,-6.30%,-8.28%,-8.21%,3.06,1.31,0.04,0.06,30.16%,-14.17%,-12.98%,Jul 29/b,42.25,4.39%,"94,623"
SSILJ,-,1.82%,-,-,-,-,-,-,-,-,-,-,-,30.49,-0.52%,"3,938,181"
SSILO,3.34M,-,-70.96%,-91.23%,-91.52%,5.36,5.36,0.00,0.00,-1329.43%,-8250.46%,-8269.53%,-,2.10,-0.19%,"36,762"
SSIM,4.38B,-,5.00%,5.98%,5.69%,5.78,4.51,0.00,0.00,25.73%,16.45%,11.28%,Jul 21/a,26.40,-0.38%,452
SSIMA,91.65M,-,5.40%,5.68%,125.58%,0.30,0.30,0.00,0.14,-,-,-,-,11.15,2.67%,666
SSIMO,9.65B,0.68%,21.92%,31.51%,27.63%,2.52,1.13,0.00,0.06,48.87%,16.32%,22.08%,Jul 29/a,284.48,7.25%,"773,161"
SSIMS,-,0.58%,-,-,-,-,-,-,-,-,-,-,-,43.44,1.49%,287
SSIMX,-,-,-,-,-,-,-,-,-,-,-,-,-,15.57,14.26%,"41,150"
SSIND,2.42B,-,-,-,-,16.35,16.35,0.00,0.01,-,-,-,Aug 14/b,15.21,-4.88%,"229,463"
SSINT,12.00M,-,-114.97%,-255.86%,-151.36%,2.36,1.60,0.54,0.65,28.87%,-884.81%,-1423.01%,Aug 11/a,1.80,-3.23%,"17,710"
SSIO,-,5.18%,-,-,-,-,-,-,-,-,-,-,-,25.12,0.08%,"18,116"
SSION,354.92M,-,-30.66%,-32.34%,-35.74%,20.05,20.05,0.03,0.03,-,-,-,Aug 06/b,7.85,3.02%,"1,210,909"
SSIOO,-,11.22%,-,-,-,-,-,-,-,-,-,-,-,19.78,1.04%,"14,612"
SSIRI,9.83B,3.71%,3.23%,7.57%,4.12%,0.46,0.46,0.79,0.79,40.40%,22.53%,10.23%,Jul 30/b,29.15,0.95%,"3,047,413"
SSITC,147.98M,-,19.08%,32.87%,44.23%,5.39,5.39,0.01,0.01,22.55%,-32.22%,178.00%,Aug 03/a,2.82,-0.35%,"788,589"
SSITE,4.05B,-,4.75%,9.81%,6.09%,2.30,1.01,0.59,0.67,32.10%,4.86%,3.41%,Jul 29/b,92.82,-2.07%,"1,651,130"
SSITM,19.11B,-,0.75%,1.33%,0.60%,19.45,18.50,1.29,1.29,58.71%,0.19%,3.01%,Aug 05/a,635.66,5.54%,"380,336"
SSITX,-,-,-,-,-,-,-,-,-,-,-,-,-,20.00,10.33%,"8,925"
SSIVR,-,-,-,-,-,-,-,-,-,-,-,-,-,61.15,1.11%,"1,181,688"
SSIXA,-,1.91%,-,-,-,-,-,-,-,-,-,-,-,57.79,0.69%,"12,591"
SSIXD,-,-,-,-,-,-,-,-,-,-,-,-,-,31.42,0.56%,"22,842"
SSIXF,-,-,-,-,-,-,-,-,-,-,-,-,-,35.12,0.44%,543
SSIXH,-,1.73%,-,-,-,-,-,-,-,-,-,-,-,44.56,0.40%,"13,106"
SSIXJ,-,-,-,-,-,-,-,-,-,-,-,-,-,37.24,0.54%,"1,122"
SSIXL,-,2.19%,-,-,-,-,-,-,-,-,-,-,-,39.06,-0.12%,"2,758"
SSIXO,-,-,-,-,-,-,-,-,-,-,-,-,-,36.51,0.11%,"4,096"
SSIXP,-,-,-,-,-,-,-,-,-,-,-,-,-,34.44,0.51%,"9,685"
SSIXS,-,1.81%,-,-,-,-,-,-,-,-,-,-,-,57.56,0.31%,"5,834"
SSIXZ,-,-,-,-,-,-,-,-,-,-,-,-,-,32.26,0.50%,"3,765"
SSIZE,-,1.36%,-,-,-,-,-,-,-,-,-,-,-,179.22,0.72%,"2,753"
SSJ,29.72M,-,-54.34%,-63.90%,-88.84%,3.45,3.45,0.02,0.02,17.91%,-6.58%,-46.35%,Apr 23/a,0.70,-11.38%,"45,157"
SSJB,-,3.56%,-,-,-,-,-,-,-,-,-,-,-,15.32,0.07%,"173,875"
SSJCP,-,3.79%,-,-,-,-,-,-,-,-,-,-,-,25.08,-0.09%,106
SSJLD,-,4.40%,-,-,-,-,-,-,-,-,-,-,-,25.26,-0.16%,11
SSJM,12.94B,3.70%,1.35%,3.93%,1.86%,0.87,0.35,1.14,1.21,35.28%,18.69%,2.51%,Aug 26/b,121.14,0.06%,"1,060,481"
SSJNK,-,7.02%,-,-,-,-,-,-,-,-,-,-,-,24.60,0.00%,"1,430,430"
SSJT,149.15M,-,-28.99%,-36.80%,-29.19%,-,-,0.54,0.54,-,-74517.45%,-74517.45%,-,3.20,4.92%,"113,418"
SSK,-,-,-,-,-,-,-,-,-,-,-,-,-,30.45,1.33%,"277,791"
SSKAIU,-,-,-,-,-,-,-,-,-,-,-,-,-,-,-,0
SSKDD,-,-,-,-,-,-,-,-,-,-,-,-,-,6.96,-1.83%,"8,595,105"
SSKE,3.98B,-,-21.36%,-177.19%,-21.50%,3.15,3.15,5.95,6.57,-,-,-,-,31.72,1.54%,"299,882"
SSKF,-,4.65%,-,-,-,-,-,-,-,-,-,-,-,23.10,-1.16%,"23,702"
SSKHA,-,-,-,-,-,-,-,-,-,-,-,-,-,39.52,1.66%,"1,065"
SSKHL,-,-,-,-,-,-,-,-,-,-,-,-,-,11.86,1.98%,"1,392,111"
SSKHN,-,-,-,-,-,-,-,-,-,-,-,-,-,10.28,-1.91%,"94,072"
SSKHQ,-,-,-,-,-,-,-,-,-,-,-,-,-,10.14,-1.93%,"14,214"
SSKHU,-,-,-,-,-,-,-,-,-,-,-,-,-,24.10,1.86%,"526,538"
SSKHX,-,-,-,-,-,-,-,-,-,-,-,-,-,18.28,1.33%,"1,966,676"
SSKHY,1385.35B,0.26%,68.32%,93.70%,61.27%,2.59,2.29,0.06,0.08,75.63%,67.76%,84.95%,Jul 29/b,190.07,0.94%,"14,934,632"
SSKHZ,-,-,-,-,-,-,-,-,-,-,-,-,-,9.45,-0.79%,"1,835,071"
SSKIL,39.31M,-,-12.87%,-439.57%,-28.72%,0.87,0.87,-,-,52.27%,-2.89%,-30.08%,Sep 09/a,4.32,3.10%,"127,836"
SSKIN,91.10M,-,-5.72%,-43.88%,-9.01%,1.76,1.48,4.68,6.61,66.37%,-1.47%,-9.80%,Aug 06/a,0.70,1.45%,"190,327"
SSKK,12.51M,-,-10.17%,-40.17%,-17.29%,0.74,0.74,1.27,1.64,-0.11%,-28.23%,-22.31%,-,4.35,-3.12%,"23,003"
SSKM,14.40B,3.63%,2.27%,5.31%,3.12%,1.25,1.22,0.60,0.70,19.11%,7.33%,4.11%,Aug 04/a,37.87,2.21%,"781,128"
SSKOR,-,4.78%,-,-,-,-,-,-,-,-,-,-,-,47.28,-0.10%,"3,363,300"
SSKRE,-,0.36%,-,-,-,-,-,-,-,-,-,-,-,6.41,0.05%,"9,866"
SSKT,4.18B,3.39%,4.75%,19.26%,5.54%,0.62,0.62,2.38,2.90,43.48%,30.20%,20.59%,Aug 04/a,36.37,-0.27%,"679,607"
SSKUU,-,-,-,-,-,-,-,-,-,-,-,-,-,30.76,2.02%,"2,721,391"
SSKWD,2.52B,-,4.63%,17.34%,11.02%,0.80,-,0.34,0.34,-,15.19%,10.83%,Aug 04/a,56.74,0.78%,"310,162"
SSKY,4.51B,-,8.91%,12.18%,12.06%,2.74,1.97,0.01,0.08,25.47%,8.93%,7.16%,Aug 04/a,83.16,1.72%,"609,064"
SSKYA,59.68M,-,-434.20%,-448.39%,-251.79%,5.35,5.29,0.00,0.00,-4.85%,-939.25%,-3187.56%,Apr 06/b,1.38,6.15%,"130,322"
SSKYE,9.03M,-,-159.80%,-233.87%,-,0.95,0.95,-,-,-,-,-,Aug 14/b,2.04,-1.92%,"66,179"
SSKYH,817.11M,-,0.13%,0.76%,0.13%,4.76,4.76,4.79,4.81,-8.44%,-80.78%,2.73%,Aug 12/a,10.01,-2.53%,"99,001"
SSKYQ,27.47M,-,-50.98%,-132.79%,-91.18%,0.74,0.64,0.22,1.03,-210.77%,-557.78%,-805.90%,-,3.11,-2.51%,"2,956,671"
SSKYU,-,0.62%,-,-,-,-,-,-,-,-,-,-,-,48.75,2.35%,"1,448"
SSKYW,3.73B,-,5.62%,15.34%,9.17%,0.57,0.46,0.62,0.86,22.12%,14.03%,9.78%,Jul 23/a,96.14,0.38%,"372,395"
SSKYX,182.83M,-,-47.69%,-271.40%,-65.76%,1.46,1.28,1.69,1.91,25.23%,-30.26%,-35.46%,Aug 12/a,1.35,2.27%,"1,066,667"
SSKYY,-,-,-,-,-,-,-,-,-,-,-,-,-,158.47,1.19%,"129,866"
SSLAB,7.35B,-,-3.16%,-3.63%,-3.57%,5.41,4.41,0.00,0.00,59.10%,-2.63%,-4.57%,Aug 11/a,220.33,0.54%,"126,546"
SSLB,83.20B,2.09%,5.95%,13.37%,8.33%,1.44,1.05,0.43,0.49,16.81%,13.98%,8.54%,Jul 24/b,56.06,0.09%,"8,843,878"
SSLBT,1.16B,-,-,-,-,-,-,-,-,-,-,-,-,2.06,-1.90%,"44,437"
SSLDB,932.86M,-,-56.83%,-65.50%,-52.83%,13.82,13.82,0.05,0.05,-,-,-,Aug 06/a,8.70,-4.08%,"1,113,857"
SSLDE,2.90B,0.56%,20.86%,53.88%,45.21%,1.56,-,0.03,0.03,-,53.05%,40.02%,Jul 28/a,24.84,1.60%,"1,337,206"
SSLDP,577.30M,-,-19.41%,-20.57%,-17.64%,14.61,14.61,0.01,0.02,-113.97%,-978.25%,-816.40%,Aug 04/a,2.53,2.43%,"2,351,749"
SSLDR,-,3.66%,-,-,-,-,-,-,-,-,-,-,-,49.44,-0.05%,"1,089"
SSLE,12.14M,-,-170.08%,-526.79%,-179.36%,1.82,1.82,0.00,0.00,15.27%,-120.32%,-193.44%,Aug 14/b,4.91,7.44%,"348,565"
SSLF,44.37B,3.47%,0.85%,13.55%,9.95%,1.04,-,0.35,0.35,-,11.58%,7.47%,Aug 06/a,79.67,0.14%,"346,709"
SSLG,4.06B,4.68%,-1.46%,-4.43%,-1.78%,1.00,1.00,1.62,1.75,33.59%,11.15%,-18.25%,Jul 22/a,53.08,2.81%,"530,588"
SSLGB,15.70M,-,-,-,-13.18%,2.33,2.33,0.00,0.26,4.66%,-2.30%,-2.94%,-,0.37,-6.65%,"246,893"
SSLGL,215.89M,-,-35.11%,-40.85%,-33.79%,10.37,10.37,0.01,0.02,-,-989.97%,-910.14%,Aug 20/b,65.94,-1.27%,"25,000"
SSLGN,4.08B,2.18%,2.84%,11.75%,4.48%,1.27,0.80,1.54,2.03,17.07%,9.59%,4.05%,Jul 29/b,38.63,0.16%,"735,256"
SSLI,550.32M,-,-14.17%,-15.55%,-12.91%,17.87,17.87,0.00,0.00,-,-,-,Aug 10/b,2.23,-1.76%,"863,706"
SSLJY,-,22.93%,-,-,-,-,-,-,-,-,-,-,-,30.93,0.42%,"44,889"
SSLM,4.89B,1.77%,2.53%,30.33%,8.84%,14.47,14.47,2.36,2.36,73.55%,42.43%,23.39%,Jul 23/a,26.04,1.80%,"1,884,339"
SSLMT,39.08M,-,-430.35%,-512.39%,-258.11%,3.50,3.50,0.02,0.02,22.80%,-6766.25%,-8418.06%,-,3.55,0.00%,"44,989"
SSLN,809.19M,-,-44.03%,-90.18%,-155.41%,7.42,7.42,0.00,0.00,15.82%,-10478.17%,-9751.68%,Aug 10/b,13.02,-2.18%,"685,914"
SSLND,32.07M,-,-41.05%,-2697.94%,-,1.27,1.27,-,-,-44.13%,-54.61%,-67.05%,Aug 12/a,0.59,3.04%,"81,038"
SSLNG,97.26M,-,-8.60%,-12.68%,-12.08%,1.59,1.57,0.11,0.14,7.90%,-10.75%,-14.06%,Aug 11/a,5.23,-1.60%,"29,072"
SSLNH,293.58M,-,-39.77%,-112.33%,-46.46%,2.06,2.06,0.06,0.25,-6.72%,-126.87%,-219.50%,Aug 13/a,1.19,2.59%,"5,867,935"
SSLNZ,-,7.40%,-,-,-,-,-,-,-,-,-,-,-,45.65,0.22%,709
SSLON,-,12.62%,-,-,-,-,-,-,-,-,-,-,-,32.01,4.92%,"311,777"
SSLP,372.54M,-,5.64%,6.17%,5.81%,5.54,5.54,0.00,0.00,62.40%,14.63%,9.88%,Jul 09/a,18.42,0.00%,"133,568"
SSLQD,-,4.41%,-,-,-,-,-,-,-,-,-,-,-,49.71,-0.04%,"546,415"
SSLQT,88.29M,-,4.14%,10.15%,6.09%,1.82,1.82,0.57,0.61,35.50%,4.70%,-0.72%,Aug 25/b,0.50,-2.84%,"728,691"
SSLRC,659.02M,10.97%,2.89%,7.47%,3.95%,0.66,0.66,0.90,1.17,73.23%,67.37%,34.94%,Aug 04/a,12.08,-1.95%,"437,416"
SSLS,2.33B,-,-36.54%,-39.63%,-23.55%,18.83,18.83,0.00,0.01,-,-,-,Aug 11/a,11.55,-14.42%,"14,709,891"
SSLSN,57.13M,-,-3.54%,-12.00%,-9.30%,0.97,0.47,0.54,1.73,26.88%,-0.07%,-3.40%,Aug 19/b,0.81,-2.59%,"17,118"
SSLSR,1.32B,-,-34.04%,-,-,8.42,8.39,-,-,-,-,-,Aug 05/a,7.91,-0.75%,"170,339"
SSLTY,-,91.23%,-,-,-,-,-,-,-,-,-,-,-,20.70,-0.55%,"17,359"
SSLV,-,-,-,-,-,-,-,-,-,-,-,-,-,58.12,1.08%,"15,646,687"
SSLVM,1.40B,5.10%,2.74%,7.94%,4.12%,1.47,0.80,0.93,1.08,15.20%,5.82%,2.31%,Aug 07/b,35.29,0.74%,"218,443"
SSLVO,-,66.15%,-,-,-,-,-,-,-,-,-,-,-,69.00,1.10%,"324,612"
SSLVP,-,1.80%,-,-,-,-,-,-,-,-,-,-,-,39.11,-0.28%,"126,389"
SSLVR,-,3.41%,-,-,-,-,-,-,-,-,-,-,-,60.24,-1.08%,"186,104"
SSLVX,-,13.76%,-,-,-,-,-,-,-,-,-,-,-,15.55,-0.20%,"42,255"
SSLVY,-,1.12%,-,-,-,-,-,-,-,-,-,-,-,21.75,0.92%,68
SSLWS,-,3.94%,-,-,-,-,-,-,-,-,-,-,-,100.54,-0.01%,9
SSLX,-,1.21%,-,-,-,-,-,-,-,-,-,-,-,108.97,0.32%,"13,533"
SSLXN,2.06M,-,-277.96%,-17021.95%,-5169.63%,0.94,0.94,5.75,35.25,-,-,-,Aug 14/b,0.36,-15.43%,"2,578,242"
SSLYG,-,0.68%,-,-,-,-,-,-,-,-,-,-,-,111.15,0.53%,"131,948"
SSLYV,-,1.84%,-,-,-,-,-,-,-,-,-,-,-,107.41,0.49%,"280,558"
SSM,9.06B,2.55%,7.18%,16.13%,6.93%,0.62,0.62,0.85,0.90,42.41%,37.43%,18.20%,Aug 05/a,38.10,-0.21%,"3,515,413"
SSMA,1.91B,4.99%,1.19%,2.37%,1.29%,0.31,0.31,0.89,0.97,34.64%,22.45%,9.17%,Aug 05/a,32.12,0.22%,"393,241"
SSMAX,-,0.93%,-,-,-,-,-,-,-,-,-,-,-,28.33,0.17%,"1,439"
SSMAY,-,-,-,-,-,-,-,-,-,-,-,-,-,28.17,0.16%,"2,230"
SSMB,-,2.83%,-,-,-,-,-,-,-,-,-,-,-,17.06,0.06%,"88,944"
SSMBC,807.01M,1.47%,1.39%,12.60%,10.56%,0.04,-,0.15,0.29,-,27.52%,22.60%,Jul 22/a,73.26,0.04%,"81,822"
SSMBK,893.22M,0.64%,0.99%,10.47%,8.37%,0.20,-,0.19,0.19,-,21.69%,17.21%,Jul 20/a,52.24,1.34%,"66,523"
SSMBS,-,5.31%,-,-,-,-,-,-,-,-,-,-,-,24.51,-0.12%,"2,847,898"
SSMC,691.49M,-,0.32%,1.21%,0.42%,0.94,0.94,2.07,2.07,26.32%,15.95%,-2.29%,Aug 10/a,34.05,-0.53%,"54,722"
SSMCC,-,-,-,-,-,-,-,-,-,-,-,-,-,41.37,13.74%,519
SSMCF,-,3.23%,-,-,-,-,-,-,-,-,-,-,-,39.61,0.37%,15
SSMCI,26.34B,-,10.00%,21.26%,10.20%,3.87,2.07,0.50,0.64,10.82%,7.09%,5.62%,Aug 11/a,40.10,7.28%,"46,492,731"
SSMCL,-,-,-,-,-,-,-,-,-,-,-,-,-,18.93,14.24%,"707,900"
SSMCO,-,0.95%,-,-,-,-,-,-,-,-,-,-,-,28.39,0.63%,"15,130"
SSMCP,-,-,-,-,-,-,-,-,-,-,-,-,-,27.34,0.51%,"1,425"
SSMCX,-,7.37%,-,-,-,-,-,-,-,-,-,-,-,13.57,14.32%,"4,663,058"
SSMCY,-,118.31%,-,-,-,-,-,-,-,-,-,-,-,5.43,6.26%,"2,368,608"
SSMCZ,-,44.82%,-,-,-,-,-,-,-,-,-,-,-,5.27,-13.46%,"3,037,232"
SSMDD,-,5.44%,-,-,-,-,-,-,-,-,-,-,-,8.42,-2.27%,"3,805"
SSMDV,-,2.35%,-,-,-,-,-,-,-,-,-,-,-,74.96,0.01%,"103,102"
SSMDX,-,0.53%,-,-,-,-,-,-,-,-,-,-,-,26.21,0.86%,12
SSMFG,171.56B,2.58%,0.54%,11.16%,4.21%,2.27,-,1.67,3.67,-,22.06%,16.42%,Jul 31/a,27.29,2.79%,"1,340,855"
SSMG,3.29B,4.73%,5.35%,-,3.81%,1.21,0.78,-,-,32.31%,15.03%,2.19%,Jul 29/b,56.47,0.55%,"561,027"
SSMH,-,0.19%,-,-,-,-,-,-,-,-,-,-,-,568.53,1.47%,"5,204,920"
SSMHB,-,19.75%,-,-,-,-,-,-,-,-,-,-,-,3.96,1.72%,"9,337"
SSMHC,-,-,-,-,-,-,-,-,-,-,-,-,-,45.44,0.93%,"6,390"
SSMHD,-,-,-,-,-,-,-,-,-,-,-,-,-,41.24,-4.15%,233
SSMHI,258.58M,-,-2.76%,-6.98%,-3.35%,2.38,2.35,1.15,1.28,-3.51%,-26.01%,-8.62%,Jul 29/a,9.53,-1.35%,"75,701"
SSMHU,-,-,-,-,-,-,-,-,-,-,-,-,-,26.73,4.17%,"2,967"
SSMHX,-,0.02%,-,-,-,-,-,-,-,-,-,-,-,56.69,1.97%,"30,446"
SSMID,129.91M,-,9.21%,14.54%,12.76%,4.06,3.31,0.06,0.07,23.46%,12.07%,8.63%,Aug 14/a,24.49,1.07%,"11,302"
SSMIG,-,1.70%,-,-,-,-,-,-,-,-,-,-,-,32.12,0.69%,"126,314"
SSMIN,-,-,-,-,-,-,-,-,-,-,-,-,-,71.36,0.51%,"83,335"
SSMIZ,-,0.55%,-,-,-,-,-,-,-,-,-,-,-,41.66,1.09%,"9,713"
SSMJF,29.64M,-,-,-,-3.66%,4.64,3.69,0.34,0.48,34.07%,-5.53%,-5.33%,-,1.07,2.88%,"254,536"
SSMLF,-,1.02%,-,-,-,-,-,-,-,-,-,-,-,86.12,0.94%,"115,310"
SSMLL,-,0.70%,-,-,-,-,-,-,-,-,-,-,-,20.79,0.38%,304
SSMLV,-,2.27%,-,-,-,-,-,-,-,-,-,-,-,155.83,0.31%,"2,036"
SSMMD,-,1.08%,-,-,-,-,-,-,-,-,-,-,-,88.60,0.51%,"464,126"
SSMMT,14.00B,-,-159.09%,-192.50%,-132.35%,6.96,6.96,0.03,0.03,-,-,-,Jul 23/a,17.55,3.24%,"4,278,137"
SSMMU,-,2.89%,-,-,-,-,-,-,-,-,-,-,-,49.88,0.02%,"187,155"
SSMMV,-,1.67%,-,-,-,-,-,-,-,-,-,-,-,46.51,0.24%,"4,514"
SSMN,-,3.60%,-,-,-,-,-,-,-,-,-,-,-,20.22,-0.75%,147
SSMOG,-,1.46%,-,-,-,-,-,-,-,-,-,-,-,139.24,0.93%,811
SSMOM,-,0.14%,-,-,-,-,-,-,-,-,-,-,-,29.18,0.73%,"5,830"
SSMOT,-,1.27%,-,-,-,-,-,-,-,-,-,-,-,39.22,0.38%,"9,496"
SSMOX,-,0.07%,-,-,-,-,-,-,-,-,-,-,-,29.60,0.89%,"12,922"
SSMP,850.05M,3.42%,4.38%,12.67%,3.81%,2.00,0.80,0.87,0.97,31.48%,11.02%,2.78%,Aug 04/b,38.05,-1.07%,"197,146"
SSMPL,870.45M,-,-8.85%,-12.20%,-10.69%,4.80,3.10,0.31,0.32,31.46%,13.79%,-14.28%,Jul 09/b,9.84,-3.91%,"3,770,236"
SSMR,3.70B,-,-31.31%,-30.19%,-20.11%,37.88,37.88,0.00,0.00,16.03%,-6853.97%,-3888.70%,Aug 05/a,8.61,-15.67%,"92,557,885"
SSMRF,-,0.88%,-,-,-,-,-,-,-,-,-,-,-,23.93,-2.96%,"3,727"
SSMRI,-,0.79%,-,-,-,-,-,-,-,-,-,-,-,47.65,0.56%,"16,367"
SSMRT,222.27M,-,-6.05%,-8.45%,-8.51%,3.78,3.28,0.02,0.02,36.36%,-15.59%,-12.96%,Aug 05/b,1.16,0.00%,"405,255"
SSMRX,-,-,-,-,-,-,-,-,-,-,-,-,-,19.10,-30.99%,"2,637"
SSMSI,16.21M,-,-56.36%,-78.67%,-73.97%,1.45,1.45,0.22,0.26,46.46%,-86.42%,-97.66%,Aug 13/a,2.90,3.20%,"21,981"
SSMST,-,-,-,-,-,-,-,-,-,-,-,-,-,21.55,-3.58%,"852,480"
SSMTC,15.61B,-,10.09%,23.66%,13.69%,1.70,1.31,0.50,0.70,51.97%,12.35%,13.12%,Aug 25/a,167.24,5.10%,"2,631,081"
SSMTG,-,-,-,-,-,-,-,-,-,-,-,-,-,10.64,9.80%,"64,782"
SSMTH,-,4.47%,-,-,-,-,-,-,-,-,-,-,-,25.03,-0.14%,"367,793"
SSMTI,320.85M,-,-0.34%,-1.31%,-57.08%,2.58,2.30,6.06,6.11,90.77%,10.38%,-29.15%,Aug 11/a,34.92,-0.31%,"190,668"
SSMTK,1.27M,-,-390.78%,-598.72%,-295.43%,15.34,15.34,0.00,0.00,7.05%,-1471.15%,-4320.39%,-,2.24,-2.18%,"67,133"
SSMU,-,-,-,-,-,-,-,-,-,-,-,-,-,4.96,-31.21%,"7,248,758"
SSMUP,-,134.07%,-,-,-,-,-,-,-,-,-,-,-,3.93,-31.41%,"535,535"
SSMWB,706.94M,-,-8.26%,-94.02%,-36.80%,0.70,0.70,1.60,2.01,79.18%,-1.81%,-7.37%,Aug 12/b,8.07,-0.37%,"597,383"
SSMX,18.64M,-,-372.40%,-828.45%,-420.62%,4.20,4.20,0.01,0.07,-,-,-,-,17.12,-2.84%,"14,110"
SSMXT,11.10M,-,-7.37%,-,-92.19%,0.79,0.76,-,-,5.92%,-6.17%,-5.40%,-,2.34,-3.31%,"14,705"
SSMYY,-,227.66%,-,-,-,-,-,-,-,-,-,-,-,6.12,0.66%,"12,041"
SSMZ,-,-,-,-,-,-,-,-,-,-,-,-,-,17.43,35.54%,"121,699"
SSN,22.65B,-,13.72%,27.53%,18.70%,2.08,1.45,0.31,0.32,48.56%,13.88%,10.06%,Aug 05/b,160.80,-1.09%,"2,544,622"
SSNA,19.42B,2.67%,12.27%,17.58%,14.76%,3.43,2.64,0.16,0.22,51.82%,25.45%,19.60%,Jul 23/b,375.44,0.16%,"180,366"
SSNAG,-,-,-,-,-,-,-,-,-,-,-,-,-,5.91,4.48%,"53,852"
SSNAL,23.11M,-,-16.74%,-,-,0.55,0.55,-,-,33.57%,-12.44%,-11.21%,Aug 11/a,2.58,0.78%,"17,541"
SSNAP,9.61B,-,-4.19%,-15.58%,-5.23%,2.94,3.53,2.09,2.19,54.63%,-5.10%,-4.90%,Aug 03/a,5.68,2.90%,"29,155,928"
SSNAV,-,-,-,-,-,-,-,-,-,-,-,-,-,38.72,0.81%,"11,332"
SSND,220.90M,-,3.03%,4.38%,3.95%,1.69,1.11,0.11,0.18,12.87%,1.95%,2.71%,Aug 11/a,5.21,0.19%,"204,368"
SSNDA,1.90B,-,-7.20%,-25.25%,-5.06%,0.88,0.88,1.81,1.82,6.37%,-10.69%,-27.64%,Aug 10/b,39.52,-0.65%,"405,696"
SSNDC,-,-,-,-,-,-,-,-,-,-,-,-,-,8.04,-7.16%,"139,376"
SSNDG,-,-,-,-,-,-,-,-,-,-,-,-,-,9.44,-7.09%,"5,819,845"
SSNDK,239.15B,-,64.43%,91.64%,71.85%,2.29,1.81,0.01,0.01,71.47%,61.58%,56.46%,Aug 05/a,1633.35,-3.50%,"9,371,376"
SSNDL,332.72M,-,-1.71%,-2.05%,-1.88%,4.76,3.11,0.12,0.16,20.71%,-1.73%,-2.36%,Jul 28/b,1.34,0.00%,"2,023,333"
SSNDQ,-,-,-,-,-,-,-,-,-,-,-,-,-,13.15,6.82%,"24,240,840"
SSNDR,5.99B,1.17%,2.24%,3.68%,3.24%,2.03,1.94,0.13,0.13,5.22%,3.06%,1.92%,Jul 30/a,34.15,0.38%,"592,417"
SSNDU,-,-,-,-,-,-,-,-,-,-,-,-,-,23.52,-7.62%,"5,329,247"
SSNDX,1.62B,-,-33.97%,-255.93%,-36.55%,6.77,6.44,39.00,39.03,95.77%,-76.98%,-87.52%,Aug 04/a,18.18,-3.40%,"1,223,261"
SSNES,4.67M,-,-70.73%,-107.41%,-83.11%,6.78,5.81,0.39,0.43,61.50%,-303.66%,-294.73%,Aug 05/a,0.86,-3.76%,"30,055"
SSNEX,8.49B,-,1.16%,21.15%,10.43%,0.78,0.76,0.72,7.05,2.95%,1.65%,0.32%,Aug 05/a,70.37,0.86%,"575,341"
SSNFCA,239.62M,-,2.39%,9.47%,6.72%,2.81,-,0.28,0.28,-,15.60%,11.10%,Aug 13/b,8.79,0.00%,"16,023"
SSNGX,7.92M,-,-125.95%,-241.65%,-149.97%,2.77,2.77,0.03,0.05,-,-,-,Aug 07/b,0.36,1.08%,"147,621"
SSNK,-,-,-,-,-,-,-,-,-,-,-,-,-,14.86,-3.69%,"2,866,772"
SSNN,11.51B,2.87%,5.82%,11.80%,7.51%,2.14,1.11,0.62,0.73,68.21%,17.05%,10.08%,Aug 04/b,27.50,-0.43%,"1,140,458"
SSNOA,6.25M,-,-13.85%,-42.52%,-32.19%,2.99,2.29,0.07,0.11,38.91%,-6.41%,-10.33%,Aug 06/b,1.30,-0.38%,"23,040"
SSNOU,-,3.90%,-,-,-,-,-,-,-,-,-,-,-,63.82,-0.58%,"65,306"
SSNOV,-,-,-,-,-,-,-,-,-,-,-,-,-,27.44,0.22%,"6,771"
SSNOW,116.07B,-,-12.92%,-48.24%,-22.47%,0.88,0.88,1.26,1.29,66.00%,-22.34%,-20.07%,Sep 02/a,328.99,-0.22%,"4,488,774"
SSNOY,-,64.49%,-,-,-,-,-,-,-,-,-,-,-,11.22,-0.09%,"99,138"
SSNPD,-,3.23%,-,-,-,-,-,-,-,-,-,-,-,29.76,0.21%,129
SSNPE,-,0.94%,-,-,-,-,-,-,-,-,-,-,-,69.96,0.66%,"109,442"
SSNPG,-,0.47%,-,-,-,-,-,-,-,-,-,-,-,58.49,0.70%,582
SSNPS,76.15B,-,2.24%,3.66%,2.64%,1.33,1.23,0.31,0.35,62.88%,12.10%,11.44%,Aug 26/a,397.38,0.05%,"1,178,231"
SSNSC,-,-,-,-,-,-,-,-,-,-,-,-,-,1.14,8.57%,"52,628"
SSNSR,-,0.48%,-,-,-,-,-,-,-,-,-,-,-,47.81,2.14%,"6,444"
SSNT,38.50M,-,-,-,1.17%,3.58,2.69,0.00,0.01,63.42%,1.98%,1.34%,Aug 25/b,1.65,-0.60%,"5,525"
SSNTG,4.84M,-,-21.13%,-25.15%,-23.77%,2.14,2.14,0.22,0.22,-66.91%,-3301.30%,-3305.24%,-,1.73,-1.43%,"1,821"
SSNTH,-,5.71%,-,-,-,-,-,-,-,-,-,-,-,29.74,0.78%,"144,509"
SSNTI,9.53M,-,-97.52%,-466.46%,-530.66%,0.83,0.83,-,-,-5630.91%,-102761.82%,-90116.36%,Aug 18,0.31,1.93%,"112,518"
SSNTQ,-,-,-,-,-,-,-,-,-,-,-,-,-,24.09,0.50%,"2,141"
SSNWV,35.27M,-,41.10%,-,80.01%,1.28,0.89,5.41,7.42,73.96%,1.54%,32.60%,Aug 06/a,4.10,2.50%,"42,660"
SSNX,21.53B,0.72%,3.26%,13.02%,8.98%,1.20,0.64,0.40,0.53,6.44%,2.57%,1.61%,Sep 24/b,269.21,5.35%,"533,686"
SSNXX,-,-,-,-,-,-,-,-,-,-,-,-,-,15.27,-7.06%,"56,525,545"
SSNY,101.94B,5.72%,3.12%,5.70%,4.80%,0.99,0.64,0.24,0.34,66.29%,27.17%,8.78%,Jul 30/b,42.77,0.12%,"2,373,013"
SSNYR,1.50M,-,-142.75%,-,-,0.93,0.43,-,-,64.89%,-39.61%,-56.98%,Aug 13,0.10,-6.85%,"28,742,694"
SSO,100.28B,3.48%,3.00%,12.66%,4.25%,0.79,0.58,1.77,1.95,29.22%,24.18%,15.43%,Jul 30/b,87.17,-0.66%,"5,142,076"
SSOAR,10.23M,-,-52.10%,-,-101.22%,1.11,1.11,0.02,0.03,25.02%,-14.26%,-11.82%,-,0.19,-2.20%,"43,900,564"
SSOBO,7.51B,5.56%,3.80%,16.39%,5.17%,1.52,1.44,2.15,2.15,23.14%,23.90%,28.41%,Aug 05/a,35.99,-1.10%,"932,914"
SSOBR,2.24M,-,-182.08%,-266.74%,-,0.56,0.56,-,-,-81.54%,-2523.89%,-2941.22%,-,0.42,-3.24%,"65,679"
SSOC,991.97M,-,-24.55%,-103.21%,-38.49%,0.24,0.18,1.85,2.45,68.07%,-292.82%,-313.44%,Aug 10/a,5.17,5.08%,"9,221,461"
SSOCA,242.59M,-,5.44%,5.70%,2.85%,2.42,2.42,0.00,0.00,-,-,-,-,10.35,-0.34%,"150,036"
SSOCL,-,0.49%,-,-,-,-,-,-,-,-,-,-,-,44.16,1.44%,"15,937"
SSOEZ,-,1.66%,-,-,-,-,-,-,-,-,-,-,-,17.69,2.58%,"4,732"
SSOFA,-,0.80%,-,-,-,-,-,-,-,-,-,-,-,12.81,0.85%,"59,804"
SSOFC,-,-,-,-,-,-,-,-,-,-,-,-,-,19.94,0.69%,931
SSOFI,22.37B,-,1.25%,7.09%,4.39%,3.93,3.93,0.31,0.31,62.02%,15.25%,11.40%,Jul 29/b,17.32,0.64%,"24,556,558"
SSOFR,-,3.77%,-,-,-,-,-,-,-,-,-,-,-,100.24,-0.01%,"2,060"
SSOFX,-,41.98%,-,-,-,-,-,-,-,-,-,-,-,8.57,1.42%,"685,576"
SSOGP,35.94M,-,39.10%,70.35%,54.57%,2.18,2.18,0.02,0.05,29.97%,7.92%,8.12%,Aug 26/b,11.86,-0.08%,"15,536"
SSOHU,356.51M,-,13.89%,19.51%,17.88%,3.02,3.02,0.00,0.00,78.50%,-6.77%,38.22%,Aug 10/b,13.68,1.30%,"43,418"
SSOLC,-,-,-,-,-,-,-,-,-,-,-,-,-,20.58,2.37%,"11,832"
SSOLM,-,38.54%,-,-,-,-,-,-,-,-,-,-,-,10.00,3.37%,"5,132"
SSOLS,9.78B,0.49%,-,-,5.73%,1.46,1.08,1.31,1.53,30.62%,16.90%,5.13%,Jul 30/b,61.53,-0.05%,"1,741,343"
SSOLT,-,2.69%,-,-,-,-,-,-,-,-,-,-,-,57.63,4.84%,"647,543"
SSOLV,14.89B,-,9.78%,33.96%,14.97%,1.02,0.74,1.00,1.10,55.21%,8.48%,17.26%,Aug 05/a,87.45,-0.23%,"774,434"
SSOLZ,-,2.54%,-,-,-,-,-,-,-,-,-,-,-,10.16,2.52%,"1,409,491"
SSON,4.73B,4.47%,5.62%,18.93%,8.83%,0.99,0.55,1.05,1.33,20.87%,9.96%,8.67%,Jul 22/a,47.84,-1.22%,"1,557,884"
SSONM,4.70M,-,-74.71%,-455.82%,-,0.57,0.57,-,-,18.33%,-53.14%,-56.48%,Apr 15/b,3.16,-0.32%,"15,569"
SSONO,1.79B,-,6.63%,14.18%,12.54%,1.61,1.18,0.12,0.14,46.52%,6.28%,3.82%,Jul 29/a,15.12,3.35%,"1,861,538"
SSONY,140.35B,0.90%,4.23%,13.29%,-2.32%,1.25,0.97,0.19,0.22,31.79%,13.30%,-1.72%,Jul 31/b,23.90,1.62%,"2,435,391"
SSOPH,669.96M,-,-43.02%,-101.22%,-56.87%,2.69,2.55,0.71,0.74,66.63%,-84.33%,-93.86%,Aug 04/b,7.87,3.42%,"243,557"
SSOR,383.19M,5.36%,-,-,-,-,-,-,-,-,-,-,-,46.56,0.66%,"4,750"
SSORA,55.70M,-,-,-,-,6.51,5.07,0.60,0.65,-,-,-,-,2.24,0.90%,"5,597"
SSORN,347.33M,-,-,-,1.40%,26.46,26.46,0.00,0.00,-,-,-,-,10.00,-0.60%,"26,306"
SSOS,13.88M,-,-20.54%,-22.50%,-23.00%,11.05,10.48,0.00,0.00,1.46%,-63.90%,-63.08%,-,0.76,2.58%,"56,343"
SSOTK,72.14M,-,8.37%,10.61%,10.00%,4.37,3.59,0.00,0.00,49.90%,10.44%,9.62%,Jul 08/b,4.59,1.77%,"65,476"
SSOUL,272.21M,-,2.89%,3.03%,3.00%,0.72,0.72,0.00,0.01,-,-,-,-,10.46,-0.01%,"6,287"
SSOUN,2.82B,-,-21.98%,-32.24%,-27.79%,3.91,3.91,0.01,0.01,33.03%,-95.75%,-67.45%,Aug 05/a,6.26,-0.32%,"13,676,178"
SSOUX,-,95.49%,-,-,-,-,-,-,-,-,-,-,-,9.25,-1.09%,"26,711"
SSOVF,-,0.72%,-,-,-,-,-,-,-,-,-,-,-,31.43,1.45%,"3,750"
SSOWG,67.13M,-,-52.53%,-84.22%,-,0.07,0.07,-,-,-126.90%,-319.05%,-300.69%,-,3.34,-2.34%,"6,475"
SSOXL,-,0.01%,-,-,-,-,-,-,-,-,-,-,-,121.82,5.23%,"53,536,224"
SSOXQ,-,0.31%,-,-,-,-,-,-,-,-,-,-,-,93.10,1.78%,"786,661"
SSOXS,-,51.37%,-,-,-,-,-,-,-,-,-,-,-,44.14,-5.56%,"63,890,838"
SSOXX,-,0.28%,-,-,-,-,-,-,-,-,-,-,-,527.07,1.86%,"5,665,978"
SSOXY,-,10.05%,-,-,-,-,-,-,-,-,-,-,-,90.26,1.48%,"4,976"
SSOYB,-,-,-,-,-,-,-,-,-,-,-,-,-,27.50,-2.27%,"128,850"
SSPAB,-,4.20%,-,-,-,-,-,-,-,-,-,-,-,24.74,-0.08%,"1,402,469"
SSPAI,91.43M,-,-168.79%,-198.18%,-118.89%,8.76,8.23,0.01,0.01,-187.78%,-485.00%,-499.96%,Sep 02,4.49,-1.97%,"39,950"
SSPAL,-,-,-,-,-,-,-,-,-,-,-,-,-,17.38,3.95%,"1,365,779"
SSPAM,-,0.05%,-,-,-,-,-,-,-,-,-,-,-,42.73,-0.74%,"23,075"
SSPAQ,-,15.37%,-,-,-,-,-,-,-,-,-,-,-,93.75,0.00%,41
SSPAX,-,-,-,-,-,-,-,-,-,-,-,-,-,10.41,3.89%,"1,614,899"
SSPB,1.98B,2.18%,2.23%,4.25%,3.10%,2.41,1.61,0.39,0.40,40.33%,9.07%,2.77%,Aug 07/b,86.22,0.70%,"185,617"
SSPBC,-,0.80%,-,-,-,-,-,-,-,-,-,-,-,49.77,0.93%,632
SSPBO,-,5.28%,-,-,-,-,-,-,-,-,-,-,-,27.98,-0.11%,"247,161"
SSPBU,-,-,-,-,-,-,-,-,-,-,-,-,-,30.57,0.66%,"15,122"
SSPBW,-,-,-,-,-,-,-,-,-,-,-,-,-,29.27,0.53%,"6,599"
SSPBX,-,-,-,-,-,-,-,-,-,-,-,-,-,29.81,0.52%,"3,900"
SSPCB,62.55M,-,1.21%,2.02%,1.24%,5.75,5.18,0.45,0.48,55.77%,7.90%,2.92%,Aug 13/b,9.96,1.12%,"27,386"
SSPCE,442.66M,-,-28.89%,-75.13%,-39.79%,1.62,1.62,0.57,0.67,-10646.53%,-24587.76%,-23867.44%,Aug 12/a,2.92,0.34%,"3,497,365"
SSPCF,-,-,-,-,-,-,-,-,-,-,-,-,-,17.12,3.69%,"1,285,188"
SSPCG,-,-,-,-,-,-,-,-,-,-,-,-,-,15.38,-4.47%,"663,202"
SSPCH,-,-,-,-,-,-,-,-,-,-,-,-,-,10.26,3.95%,"25,239,503"
SSPCI,-,25.44%,-,-,-,-,-,-,-,-,-,-,-,19.85,-0.39%,"15,243"
SSPCK,-,16.29%,-,-,-,-,-,-,-,-,-,-,-,22.05,0.00%,232
SSPCL,-,-,-,-,-,-,-,-,-,-,-,-,-,20.86,0.34%,"54,179"
SSPCM,-,-,-,-,-,-,-,-,-,-,-,-,-,17.70,4.18%,"552,416"
SSPCQ,-,-,-,-,-,-,-,-,-,-,-,-,-,11.14,-2.96%,"657,128"
SSPCT,-,0.82%,-,-,-,-,-,-,-,-,-,-,-,27.34,0.65%,"2,481"
SSPCU,-,-,-,-,-,-,-,-,-,-,-,-,-,13.63,3.57%,"1,450,659"
SSPCX,2052.08B,-,-,-,-,5.12,4.99,0.29,0.31,-,-,-,Aug 04/a,151.21,2.04%,"79,273,366"
SSPD,-,0.95%,-,-,-,-,-,-,-,-,-,-,-,41.99,0.86%,"5,056"
SSPDF,-,-,-,-,-,-,-,-,-,-,-,-,-,28.01,0.90%,"1,850"
SSPDG,-,2.67%,-,-,-,-,-,-,-,-,-,-,-,46.81,1.63%,487
SSPDN,-,3.39%,-,-,-,-,-,-,-,-,-,-,-,8.58,-0.69%,"31,501,771"
SSPDV,-,3.20%,-,-,-,-,-,-,-,-,-,-,-,41.17,0.85%,"7,743"
SSPDW,-,2.94%,-,-,-,-,-,-,-,-,-,-,-,51.56,1.12%,"1,687,861"
SSPE,146.81M,15.11%,-,-,-,-,-,-,-,-,-,-,-,13.32,0.00%,"63,423"
SSPEG,158.85M,-,1.71%,1.86%,0.93%,1.78,1.78,0.00,0.00,-,-,-,-,10.36,-0.19%,"122,641"
SSPEM,-,2.48%,-,-,-,-,-,-,-,-,-,-,-,52.51,0.67%,"1,254,370"
SSPEU,-,3.39%,-,-,-,-,-,-,-,-,-,-,-,55.67,0.59%,"20,249"
SSPFF,-,6.77%,-,-,-,-,-,-,-,-,-,-,-,9.31,0.76%,"27,204"
SSPFI,843.24M,1.55%,1.33%,12.01%,9.43%,0.30,-,0.10,0.10,-,26.32%,20.80%,Jul 17/b,44.76,0.27%,"89,674"
SSPG,66.27B,4.39%,12.77%,135.38%,15.48%,0.51,0.51,5.79,6.64,57.24%,47.39%,25.29%,Aug 10/a,204.83,0.08%,"1,121,537"
SSPGI,121.08B,0.95%,7.98%,15.17%,11.05%,0.95,0.95,0.41,0.50,63.43%,44.58%,30.53%,Jul 28/b,410.71,0.07%,"1,583,177"
SSPGM,-,1.77%,-,-,-,-,-,-,-,-,-,-,-,87.35,0.92%,"42,725"
SSPGP,-,0.82%,-,-,-,-,-,-,-,-,-,-,-,122.61,1.01%,"44,716"
SSPH,1.14B,7.62%,5.59%,19.23%,6.50%,0.78,0.52,1.82,1.86,21.88%,15.05%,9.37%,Aug 06/b,17.07,-1.84%,"391,204"
SSPHB,-,0.55%,-,-,-,-,-,-,-,-,-,-,-,148.16,2.09%,"396,313"
SSPHD,-,4.76%,-,-,-,-,-,-,-,-,-,-,-,51.31,0.33%,"495,798"
SSPHL,28.33M,-,-21.19%,-36.11%,-31.64%,3.37,3.37,0.07,0.30,13.27%,-32.00%,-30.34%,-,2.31,-3.35%,"7,610"
SSPHQ,-,1.10%,-,-,-,-,-,-,-,-,-,-,-,84.57,0.98%,"931,404"
SSPHR,5.15B,-,-1.87%,-3.38%,-2.50%,1.21,1.18,0.38,0.41,29.40%,-1.52%,-5.66%,Jul 30/b,143.50,1.17%,"456,645"
SSPHY,-,7.27%,-,-,-,-,-,-,-,-,-,-,-,23.00,-0.04%,"4,112,980"
SSPIB,-,4.58%,-,-,-,-,-,-,-,-,-,-,-,32.63,-0.09%,"3,848,033"
SSPIN,-,4.92%,-,-,-,-,-,-,-,-,-,-,-,33.11,0.74%,987
SSPIP,-,6.05%,-,-,-,-,-,-,-,-,-,-,-,24.80,-0.48%,"1,011,586"
SSPIR,463.91M,-,-38.81%,-61.64%,-59.88%,1.87,1.87,0.05,0.07,37.74%,-108.15%,-145.03%,Aug 12/a,11.42,1.24%,"429,940"
SSPIT,-,-,-,-,-,-,-,-,-,-,-,-,-,31.40,0.58%,"2,344"
SSPKL,100.27M,-,-3.45%,-3.94%,-14.49%,0.08,0.08,0.00,0.27,-,-,-,-,11.58,0.00%,"21,743"
SSPLB,-,5.72%,-,-,-,-,-,-,-,-,-,-,-,21.02,-0.05%,"3,153,620"
SSPLS,-,0.54%,-,-,-,-,-,-,-,-,-,-,-,55.34,0.80%,"1,249"
SSPLV,-,2.21%,-,-,-,-,-,-,-,-,-,-,-,73.79,0.16%,"2,020,185"
SSPMB,-,4.24%,-,-,-,-,-,-,-,-,-,-,-,21.57,-0.19%,"1,392,660"
SSPMC,198.83M,20.45%,-28.41%,-43.51%,-63.53%,0.09,0.09,0.00,0.30,72.03%,-169.34%,-190.44%,Aug 12/b,9.68,0.41%,"7,912"
SSPMD,-,1.24%,-,-,-,-,-,-,-,-,-,-,-,65.24,0.80%,"1,176,037"
SSPMO,-,0.71%,-,-,-,-,-,-,-,-,-,-,-,148.31,0.53%,"1,223,443"
SSPNT,2.81B,-,5.15%,23.08%,17.00%,0.70,-,0.31,0.31,-,21.03%,15.23%,Jul 29/a,24.20,-0.66%,"826,082"
SSPOG,-,-,-,-,-,-,-,-,-,-,-,-,-,7.80,1.90%,"13,403"
SSPOK,222.78M,11.72%,6.06%,8.42%,8.54%,1.09,1.09,0.02,0.04,62.53%,13.55%,9.00%,Jul 29/a,10.65,0.19%,"86,396"
SSPOT,108.24B,-,24.71%,44.85%,38.75%,2.11,2.11,0.05,0.06,32.70%,14.65%,18.44%,Aug 04/b,525.75,0.77%,"1,018,257"
SSPPL,18.10M,-,-47.76%,-144.02%,-107.05%,0.91,0.78,0.12,0.99,49.64%,-59.65%,-71.23%,-,1.85,6.32%,"16,091"
SSPPP,-,-,-,-,-,-,-,-,-,-,-,-,-,14.47,1.12%,"196,948"
SSPRB,154.33M,-,-82.38%,-105.98%,-57.98%,9.23,9.23,0.06,0.09,-,-,-,Aug 12/b,53.70,-1.20%,"88,507"
SSPRC,2.91M,-,-135.56%,-196.55%,-287.31%,2.41,2.38,0.00,0.09,46.38%,-1022.08%,-1422.78%,-,5.08,2.63%,"11,578"
SSPRE,-,3.97%,-,-,-,-,-,-,-,-,-,-,-,20.22,0.39%,"15,734"
SSPRO,65.81M,-,12.85%,19.17%,16.69%,6.12,6.12,0.00,0.05,-,6.00%,17.18%,Aug 12/a,1.13,0.89%,"310,631"
SSPRU,31.57M,-,-0.87%,-5.94%,-1.41%,0.40,0.40,3.29,5.54,65.03%,21.42%,-6.71%,Aug 12/a,1.64,-3.53%,"31,323"
SSPRX,-,-,-,-,-,-,-,-,-,-,-,-,-,45.49,1.75%,"28,606"
SSPRY,473.37M,-,-76.53%,-210.35%,-197.30%,3.48,3.28,7.73,7.73,71.37%,-184.96%,-184.24%,Aug 13/a,4.76,-5.93%,"2,573,537"
SSPSB,-,4.38%,-,-,-,-,-,-,-,-,-,-,-,29.69,-0.10%,"8,710,394"
SSPSC,2.98B,-,6.94%,8.26%,8.27%,1.82,1.82,0.01,0.01,64.93%,15.83%,10.10%,Jul 30/a,82.68,7.06%,"1,807,312"
SSPSK,-,4.65%,-,-,-,-,-,-,-,-,-,-,-,17.70,-0.51%,"140,734"
SSPSM,-,1.42%,-,-,-,-,-,-,-,-,-,-,-,55.31,0.55%,"1,427,943"
SSPT,654.83M,-,-6.25%,-14.30%,-10.88%,0.90,0.90,0.19,0.20,77.45%,-5.56%,-6.13%,Aug 06/a,10.80,1.79%,"893,291"
SSPTB,-,4.24%,-,-,-,-,-,-,-,-,-,-,-,29.20,-0.12%,"95,058"
SSPTE,-,0.69%,-,-,-,-,-,-,-,-,-,-,-,47.94,0.93%,"20,354"
SSPTI,-,3.97%,-,-,-,-,-,-,-,-,-,-,-,27.61,-0.14%,"1,975,781"
SSPTL,-,4.44%,-,-,-,-,-,-,-,-,-,-,-,24.69,-0.04%,"5,984,640"
SSPTM,-,1.04%,-,-,-,-,-,-,-,-,-,-,-,92.55,0.81%,"313,615"
SSPTS,-,3.88%,-,-,-,-,-,-,-,-,-,-,-,28.72,-0.14%,"1,897,523"
SSPTU,-,3.27%,-,-,-,-,-,-,-,-,-,-,-,25.03,-0.02%,576
SSPTX,1.25B,-,-,-,-,18.00,18.00,0.01,0.01,-,-,-,Aug 03/b,23.34,0.26%,"134,166"
SSPUC,-,3.52%,-,-,-,-,-,-,-,-,-,-,-,49.26,0.70%,"18,833"
SSPUS,-,0.52%,-,-,-,-,-,-,-,-,-,-,-,58.51,0.74%,"269,633"
SSPUT,-,4.89%,-,-,-,-,-,-,-,-,-,-,-,28.59,0.52%,173
SSPUU,-,0.44%,-,-,-,-,-,-,-,-,-,-,-,222.54,1.56%,"17,955"
SSPVM,-,1.93%,-,-,-,-,-,-,-,-,-,-,-,77.10,0.34%,"3,745"
SSPWH,46.58M,-,-5.38%,-25.76%,-10.16%,1.17,0.07,1.88,2.99,27.85%,-1.18%,-3.94%,Sep 01/a,1.19,-4.03%,"273,008"
SSPWO,-,1.08%,-,-,-,-,-,-,-,-,-,-,-,33.24,0.82%,"80,954"
SSPWR,70.30M,-,-7.32%,-,-16.62%,0.67,0.65,-,-,46.90%,-24.30%,-5.78%,Jul 28/b,0.34,-3.77%,"2,997,320"
SSPXC,9.61B,-,7.87%,14.68%,9.96%,1.82,1.21,0.23,0.26,36.50%,17.42%,11.58%,Jul 30/a,191.82,2.60%,"304,853"
SSPXD,-,1.36%,-,-,-,-,-,-,-,-,-,-,-,29.41,0.89%,524
SSPXE,-,0.92%,-,-,-,-,-,-,-,-,-,-,-,82.09,0.88%,831
SSPXL,-,0.50%,-,-,-,-,-,-,-,-,-,-,-,282.93,2.43%,"1,503,431"
SSPXN,-,0.88%,-,-,-,-,-,-,-,-,-,-,-,83.72,0.91%,574
SSPXS,-,4.73%,-,-,-,-,-,-,-,-,-,-,-,25.05,-2.42%,"15,673,392"
SSPXT,-,1.34%,-,-,-,-,-,-,-,-,-,-,-,110.20,0.79%,"5,478"
SSPXU,-,7.22%,-,-,-,-,-,-,-,-,-,-,-,35.10,-2.42%,"9,600,295"
SSPXV,-,0.91%,-,-,-,-,-,-,-,-,-,-,-,83.89,1.01%,260
SSPXX,2.61B,7.58%,-,-,-,-,-,-,-,-,-,-,-,18.95,0.85%,"262,197"
SSPY,-,0.98%,-,-,-,-,-,-,-,-,-,-,-,764.29,0.85%,"45,513,391"
SSPYA,-,0.34%,-,-,-,-,-,-,-,-,-,-,-,30.56,0.79%,14
SSPYC,-,0.87%,-,-,-,-,-,-,-,-,-,-,-,46.11,0.94%,"3,634"
SSPYD,-,4.19%,-,-,-,-,-,-,-,-,-,-,-,48.49,0.48%,"596,929"
SSPYG,-,0.48%,-,-,-,-,-,-,-,-,-,-,-,120.62,0.82%,"2,596,066"
SSPYH,-,7.64%,-,-,-,-,-,-,-,-,-,-,-,56.50,0.61%,"16,469"
SSPYI,-,11.82%,-,-,-,-,-,-,-,-,-,-,-,53.58,0.74%,"2,494,670"
SSPYM,-,1.01%,-,-,-,-,-,-,-,-,-,-,-,89.72,0.57%,"43,435,011"
SSPYQ,-,-,-,-,-,-,-,-,-,-,-,-,-,192.58,1.67%,404
SSPYT,-,20.89%,-,-,-,-,-,-,-,-,-,-,-,17.12,0.74%,"95,208"
SSPYU,-,-,-,-,-,-,-,-,-,-,-,-,-,34.07,2.90%,"742,026"
SSPYV,-,1.66%,-,-,-,-,-,-,-,-,-,-,-,63.04,0.88%,"1,059,275"
SSPYX,-,0.84%,-,-,-,-,-,-,-,-,-,-,-,62.57,0.79%,"56,263"
SSQBA,-,-,-,-,-,-,-,-,-,-,-,-,-,30.70,0.15%,9
SSQFT,1.94M,-,-7.35%,-49.46%,-11.41%,4.75,4.75,4.47,4.47,35.91%,20.72%,-68.67%,-,1.35,0.37%,"6,805"
SSQLT,-,0.19%,-,-,-,-,-,-,-,-,-,-,-,28.39,0.84%,15
SSQLV,-,0.95%,-,-,-,-,-,-,-,-,-,-,-,53.03,0.65%,"2,278"
SSQM,9.98B,3.00%,9.85%,23.79%,12.44%,2.61,1.96,0.77,0.84,42.07%,38.95%,20.62%,Aug 19/b,69.88,-3.60%,"1,014,622"
SSQMX,-,-,-,-,-,-,-,-,-,-,-,-,-,34.77,0.46%,84
SSQNS,43.61M,-,-183.76%,-379.77%,-348.69%,1.39,1.27,0.09,0.17,57.78%,-161.75%,-638.18%,Aug 04/b,2.86,-2.72%,"33,466"
SSQQQ,-,10.28%,-,-,-,-,-,-,-,-,-,-,-,38.87,-2.58%,"49,413,140"
SSQS,-,-,-,-,-,-,-,-,-,-,-,-,-,28.11,0.73%,"46,479"
SSR,4.74B,4.11%,1.80%,6.50%,5.87%,0.37,0.27,1.61,2.03,28.69%,19.71%,20.93%,Aug 05/b,80.20,-1.56%,"500,627"
SSRAD,4.02B,-,0.70%,1.98%,2.09%,0.98,0.98,0.06,0.08,20.56%,12.51%,1.23%,Aug 03/b,12.91,1.65%,"1,497,564"
SSRBK,143.05M,1.08%,0.29%,1.79%,1.34%,0.58,-,0.37,0.37,-,8.49%,6.47%,Jul 28/a,19.49,-0.76%,"21,135"
SSRCE,2.10B,1.98%,1.85%,13.55%,12.10%,0.04,-,0.07,0.22,-,36.47%,27.99%,Jul 23/a,87.16,0.54%,"87,351"
SSRE,54.50B,3.16%,2.12%,7.08%,3.58%,1.64,1.62,0.95,1.12,31.22%,25.31%,16.99%,Aug 06/b,83.34,-0.79%,"1,740,497"
SSRET,-,8.72%,-,-,-,-,-,-,-,-,-,-,-,21.33,-0.32%,"40,090"
SSRFM,62.96M,-,-83.41%,-,-,0.26,0.26,-,-,-6.96%,-67.30%,-101.58%,Aug 10/a,0.51,-11.96%,"4,485,983"
SSRG,108.14M,-,-11.61%,-16.77%,-15.75%,103.97,103.97,0.17,0.17,-13.81%,-175.70%,-465.39%,Aug 14/a,1.92,0.52%,"519,180"
SSRHQ,-,0.68%,-,-,-,-,-,-,-,-,-,-,-,48.45,0.54%,128
SSRHR,-,6.44%,-,-,-,-,-,-,-,-,-,-,-,56.97,0.59%,166
SSRI,207.36M,-,-18.56%,-51.92%,-35.84%,1.89,1.27,1.05,1.05,19.60%,-2.16%,-14.47%,Aug 05/a,7.27,1.25%,"73,206"
SSRL,85.72M,-,-0.61%,-0.87%,-0.77%,5.10,5.10,0.13,0.13,50.97%,-11.80%,-7.28%,-,5.63,-0.18%,"1,294"
SSRLN,-,7.27%,-,-,-,-,-,-,-,-,-,-,-,40.53,0.07%,"1,754,312"
SSROI,-,0.54%,-,-,-,-,-,-,-,-,-,-,-,37.32,1.09%,18
SSRPT,2.16B,-,-7.75%,-18.45%,-10.34%,4.42,2.62,0.68,0.68,56.58%,-3.15%,-13.48%,Aug 05/a,20.45,-0.34%,"1,810,736"
SSRRK,6.75B,-,-94.63%,-167.77%,-90.54%,7.02,7.02,0.78,0.80,-,-,-,Aug 06/b,55.41,-0.47%,"994,404"
SSRS,-,3.36%,-,-,-,-,-,-,-,-,-,-,-,41.79,-1.67%,"14,296"
SSRTA,459.59M,-,-7.84%,-9.22%,-5.82%,2.64,2.64,0.01,0.02,16.67%,-3.04%,-6.42%,Aug 04/b,5.20,1.27%,"770,733"
SSRTS,51.86M,-,-30.94%,-34.83%,-41.93%,8.71,4.30,0.00,0.01,36.39%,-75.72%,-88.45%,Aug 13/a,3.15,0.96%,"8,166"
SSRTY,-,7.90%,-,-,-,-,-,-,-,-,-,-,-,24.20,-1.02%,"2,026,502"
SSRV,291.46M,11.65%,-,-,-,-,-,-,-,-,-,-,-,46.75,-1.79%,"41,817"
SSRVR,-,4.55%,-,-,-,-,-,-,-,-,-,-,-,30.31,0.94%,"36,903"
SSRXH,31.30M,-,-,-,-,27.55,26.45,0.00,0.00,-,-,-,Aug 13/a,1.59,1.92%,"571,306"
SSRZN,223.32M,-,-320.90%,-130.27%,-,12.14,12.14,-,-,98.08%,-385.28%,-3042.91%,Aug 06/a,19.00,-2.31%,"145,344"
SSSAC,240.06M,-,1.43%,1.55%,0.77%,0.49,0.49,0.00,0.00,-,-,-,-,10.10,0.10%,"47,902"
SSSB,10.28B,2.33%,1.41%,10.60%,8.94%,0.09,-,0.16,0.23,-,33.04%,25.06%,Jul 23/a,105.98,0.13%,"469,933"
SSSBI,82.65M,-,0.23%,2.26%,2.08%,0.18,-,0.07,0.07,-,5.08%,3.88%,-,12.20,-0.37%,"4,890"
SSSCP,-,-,-,-,-,-,-,-,-,-,-,-,-,26.58,0.34%,685
SSSD,7.11B,0.68%,12.41%,18.72%,15.00%,3.29,2.14,0.19,0.21,45.20%,19.79%,15.65%,Jul 27/a,173.49,0.61%,"204,101"
SSSEA,79.26M,-,2.89%,2.92%,1.46%,0.34,0.34,0.00,0.00,-,-,-,-,10.38,0.68%,"3,006"
SSSFI,-,3.69%,-,-,-,-,-,-,-,-,-,-,-,20.80,-0.08%,325
SSSG,-,10.19%,-,-,-,-,-,-,-,-,-,-,-,12.10,-1.14%,"333,689"
SSSII,663.58M,-,-14.89%,-26.06%,-22.22%,2.24,1.66,0.05,0.33,45.14%,-16.24%,-23.76%,Aug 13/b,3.31,0.30%,"85,120"
SSSK,-,22.93%,-,-,-,-,-,-,-,-,-,-,-,13.78,2.68%,"23,515"
SSSL,9.25B,4.55%,3.49%,7.98%,4.91%,1.79,1.17,0.51,0.68,30.90%,21.76%,4.57%,Sep 01/b,14.59,-0.41%,"1,610,767"
SSSM,5.71M,-,-218.70%,-,-,0.56,0.56,-,-,29.90%,-6391.81%,-8275.87%,-,2.11,7.11%,"64,058"
SSSMG,-,-,-,-,-,-,-,-,-,-,-,-,-,25.28,1.65%,166
SSSMR,2.43B,-,-,-,-,24.53,24.48,0.00,0.00,-,-,-,Aug 12/a,16.92,0.53%,"379,963"
SSSNC,18.84B,1.35%,4.36%,12.73%,6.10%,1.06,1.06,1.13,1.17,48.10%,24.36%,13.16%,Jul 23/a,80.27,1.71%,"1,437,111"
SSSO,-,0.65%,-,-,-,-,-,-,-,-,-,-,-,69.63,1.65%,"3,298,855"
SSSP,292.83M,-,-27.81%,-174.66%,-44.91%,1.34,1.34,25.86,26.05,33.40%,5.92%,-61.13%,Aug 06/a,3.16,1.94%,"1,039,251"
SSSPC,-,-,-,-,-,-,-,-,-,-,-,-,-,9.02,-4.04%,"9,251,917"
SSSPY,-,1.22%,-,-,-,-,-,-,-,-,-,-,-,98.86,0.85%,"1,668"
SSSRM,7.39B,0.19%,12.63%,19.14%,6.99%,9.79,7.77,0.00,0.00,48.92%,42.30%,12.26%,Aug 04/a,36.24,0.08%,"1,619,028"
SSSS,-,0.08%,-,-,-,-,-,-,-,-,-,-,-,22.48,1.31%,"1,131"
SSST,35.87M,-,-25.44%,-581.58%,-46.88%,0.77,0.77,-,-,-8.46%,-30.18%,-50.66%,Aug 05/a,3.42,-10.94%,"372,653"
SSSTI,73.85M,-,-13.10%,-23.66%,-25.01%,0.70,0.70,0.01,0.08,50.99%,-14.76%,-16.92%,Aug 13/a,5.61,-0.53%,"112,240"
SSSTK,186.22M,27.38%,-16.70%,-43.41%,-41.87%,0.48,0.48,0.35,0.79,56.11%,9.36%,-22.87%,Aug 04/a,5.04,-0.20%,"707,523"
SSSUS,-,0.45%,-,-,-,-,-,-,-,-,-,-,-,56.04,0.88%,"11,001"
SSSXU,-,2.52%,-,-,-,-,-,-,-,-,-,-,-,36.33,1.14%,"2,273"
SSSYS,676.17M,-,-10.53%,-13.39%,-13.75%,3.48,2.58,0.02,0.03,41.81%,-14.05%,-21.05%,Aug 13/b,7.72,1.98%,"448,989"
SST,6.35B,1.16%,1.30%,3.08%,1.66%,2.29,1.58,0.83,0.83,27.38%,14.24%,2.39%,Jul 29/a,43.64,3.44%,"1,901,600"
SSTAA,1.14B,-,0.84%,1.09%,0.97%,4.66,4.03,0.08,0.10,74.76%,18.00%,1.13%,Aug 12/a,22.66,-3.25%,"838,688"
SSTAG,7.16B,4.16%,3.45%,6.98%,3.46%,1.78,1.78,0.96,0.96,43.86%,37.58%,28.03%,Jul 28/a,37.14,0.73%,"963,838"
SSTAK,-,-,-,-,-,-,-,-,-,-,-,-,May 13/a,1.18,-4.84%,"284,391"
SSTAX,-,3.17%,-,-,-,-,-,-,-,-,-,-,-,25.05,0.12%,201
SSTBA,1.76B,2.93%,1.42%,9.87%,9.51%,0.05,-,0.05,0.20,-,30.65%,24.53%,Jul 23/b,49.99,-0.28%,"235,876"
SSTBF,-,4.67%,-,-,-,-,-,-,-,-,-,-,-,25.16,-0.04%,"35,058"
SSTBQ,-,-,-,-,-,-,-,-,-,-,-,-,-,23.12,1.13%,"1,039"
SSTC,2.02B,3.17%,4.44%,8.69%,5.53%,1.15,-,0.46,0.46,-,6.65%,4.12%,Jul 22/a,66.24,-0.48%,"173,408"
SSTCE,-,1.67%,-,-,-,-,-,-,-,-,-,-,-,68.07,2.57%,"75,717"
SSTDN,1.89B,-,-,-,-,12.68,12.68,0.00,0.00,-,-,-,Aug 27/b,12.05,-1.15%,"695,475"
SSTE,20.55B,1.27%,7.62%,11.37%,8.97%,1.91,1.35,0.24,0.28,45.00%,19.61%,13.34%,Aug 05/a,210.76,-0.80%,"595,422"
SSTEM,45.44M,-,-22.18%,-,-87.28%,0.83,0.77,-,-,38.21%,-30.47%,-49.37%,Aug 12/a,4.72,-7.81%,"206,507"
SSTEN,-,0.17%,-,-,-,-,-,-,-,-,-,-,-,28.35,0.89%,"1,106"
SSTEP,5.90B,3.72%,-9.77%,-750.11%,-60.35%,0.20,0.20,-,-,63.96%,-53.39%,-29.88%,Aug 06/a,48.92,-0.85%,"754,923"
SSTEW,1.77B,4.17%,-,-,-,-,-,-,-,-,-,-,-,18.33,1.16%,"61,956"
SSTEX,77.02M,-,-371.95%,-704.38%,-342.13%,20.21,20.21,0.00,0.01,-3954.79%,-67570.55%,-343045.89%,Aug 14/a,0.66,-3.16%,"883,452"
SSTFS,4.72M,-,-107.73%,-164.34%,-133.28%,3.10,3.10,0.00,0.04,6.86%,-91.32%,-92.42%,-,3.95,-4.13%,"37,022"
SSTG,13.20M,-,15.68%,34.53%,26.30%,1.60,1.60,0.12,0.12,86.99%,22.99%,17.62%,Aug 20/b,2.96,0.00%,"1,587"
SSTGW,2.10B,-,0.38%,2.28%,0.70%,0.81,0.81,2.47,2.55,29.80%,4.53%,0.53%,Jul 30/b,8.60,0.35%,"1,078,839"
SSTHH,-,0.99%,-,-,-,-,-,-,-,-,-,-,-,10.38,1.29%,"3,236"
SSTHO,112.48M,-,2.52%,4.97%,2.82%,2.31,2.31,0.74,0.74,33.11%,21.22%,12.81%,-,9.31,-2.31%,"7,505"
SSTI,61.55M,-,-256.97%,-982.93%,-212.36%,2.66,2.66,0.00,0.09,-35.13%,-5072.03%,-23852.79%,-,7.23,1.83%,"61,803"
SSTIM,230.88M,-,-22.87%,-135.26%,-30.67%,1.88,1.69,4.56,4.85,47.56%,-14.74%,-19.62%,Aug 11/b,3.03,0.66%,"749,107"
SSTIP,-,5.39%,-,-,-,-,-,-,-,-,-,-,-,100.30,-0.33%,"827,145"
SSTK,913.95M,3.58%,-,-,-,-,-,-,-,-,-,-,-,51.65,1.10%,"38,268"
SSTKE,41.46M,-,-79.70%,-154.04%,-189.76%,0.08,0.08,0.67,1.40,-,449.34%,732.29%,Aug 17/b,1.05,-11.76%,"808,107"
SSTKH,2.60M,-,-156.68%,-221.11%,-474.11%,1.82,1.75,0.00,0.04,-,-,-,-,2.34,1.30%,"30,004"
SSTKS,50.39M,-,-9.01%,-52.03%,-10.88%,0.38,0.30,5.36,5.56,12.50%,5.49%,-14.84%,Aug 05/a,1.59,1.92%,"37,350"
SSTLA,15.63B,0.55%,-11.67%,-35.15%,-23.26%,1.04,0.76,0.73,1.02,-1.68%,-14.87%,-14.94%,Jul 30/b,5.40,2.27%,"23,890,981"
SSTLD,34.37B,0.88%,9.84%,17.58%,11.82%,3.18,1.45,0.44,0.44,14.51%,10.01%,7.83%,Jul 20/a,239.79,1.14%,"697,061"
SSTLL,-,-,-,-,-,-,-,-,-,-,-,-,-,13.34,10.38%,"24,269"
SSTLN,616.89M,-,-18.06%,-3407.86%,-42.21%,1.36,1.15,-,-,14.54%,-4.44%,-5.20%,Aug 06/a,6.17,-0.48%,"790,888"
SSTLR,-,0.76%,-,-,-,-,-,-,-,-,-,-,-,20.84,0.73%,"2,000"
SSTLU,-,0.46%,-,-,-,-,-,-,-,-,-,-,-,16.27,1.47%,"257,064"
SSTM,45.97B,0.68%,1.77%,2.62%,2.25%,2.78,2.08,0.17,0.23,34.29%,5.23%,3.55%,Jul 23/b,51.51,1.52%,"7,597,131"
SSTMX,-,-,-,-,-,-,-,-,-,-,-,-,-,14.25,2.13%,"2,561"
SSTN,7.83B,1.01%,6.72%,15.82%,8.85%,1.50,1.50,0.73,0.81,38.87%,9.62%,5.91%,Aug 12/a,69.66,-0.54%,"291,708"
SSTNC,-,0.92%,-,-,-,-,-,-,-,-,-,-,-,36.64,1.43%,"6,599"
SSTNE,2.46B,16.30%,6.19%,34.18%,19.77%,1.26,1.26,0.85,1.81,-32.78%,-130.09%,110.88%,Aug 13/a,10.10,-1.94%,"4,669,758"
SSTNG,4.23B,2.16%,18.95%,24.62%,19.64%,6.93,6.89,0.14,0.20,59.14%,46.72%,67.16%,Jul 30/b,84.52,0.01%,"1,133,700"
SSTOK,1.87B,-,-53.41%,-61.10%,-60.02%,7.69,7.69,0.00,0.01,84.67%,-809.69%,-753.60%,Aug 03/a,29.03,-1.06%,"587,515"
SSTOT,-,4.43%,-,-,-,-,-,-,-,-,-,-,-,46.55,-0.07%,"75,300"
SSTOX,-,0.17%,-,-,-,-,-,-,-,-,-,-,-,31.92,0.90%,"17,423"
SSTPZ,-,5.30%,-,-,-,-,-,-,-,-,-,-,-,52.27,-0.36%,"51,536"
SSTRA,1.81B,3.01%,6.47%,8.15%,7.79%,1.07,1.07,0.06,0.07,49.06%,15.70%,10.46%,Jul 29/b,81.66,0.78%,"397,745"
SSTRC,50.32B,-,-,-,-,-,-,-,-,-,-,-,-,98.64,0.68%,"1,391,249"
SSTRL,15.63B,-,16.11%,38.54%,25.92%,1.11,1.11,0.23,0.25,23.00%,18.27%,12.55%,Aug 03/a,511.04,5.40%,"468,766"
SSTRN,-,0.15%,-,-,-,-,-,-,-,-,-,-,-,26.47,1.70%,"4,171"
SSTRO,279.56M,-,-79.08%,-1810.01%,-129.15%,3.32,3.32,-,-,86.73%,-288.52%,-395.25%,Aug 12/b,16.86,-5.44%,"942,335"
SSTRR,38.37M,-,-11.13%,-18.24%,-11.64%,1.96,1.73,0.31,0.47,41.41%,-3.40%,-5.27%,Aug 14/b,10.40,-0.48%,"3,713"
SSTRT,284.45M,-,5.25%,8.95%,8.57%,2.90,2.27,0.01,0.01,16.46%,4.77%,3.56%,Aug 25/a,71.38,0.42%,"76,998"
SSTRW,773.38M,4.85%,0.95%,71.36%,1.40%,1.71,1.71,72.52,97.25,60.95%,54.49%,5.30%,Aug 06/a,13.82,-0.72%,"23,876"
SSTRZ,443.00M,-,-,-,-,0.25,0.25,2.20,2.66,-,-,-,Aug 07/b,25.87,2.17%,"95,272"
SSTSM,-,-,-,-,-,-,-,-,-,-,-,-,-,33.24,-2.12%,167
SSTT,53.13B,1.82%,0.87%,12.43%,6.40%,4.29,-,0.91,1.08,-,20.24%,14.78%,Jul 16/b,193.40,1.10%,"1,645,350"
SSTTK,622.25M,-,-36.88%,-39.21%,-24.69%,27.59,27.59,0.01,0.01,-256.50%,-5570.60%,-5256.80%,Aug 11/b,6.20,0.81%,"846,933"
SSTUB,2.30B,-,-32.37%,-102.25%,-50.87%,1.04,1.04,0.67,0.67,80.51%,-64.54%,-95.44%,Aug 12/a,6.03,1.34%,"4,288,059"
SSTVN,5.71B,0.22%,5.46%,9.20%,7.35%,1.61,1.08,0.21,0.29,28.29%,16.65%,10.99%,Aug 04/b,20.90,-0.24%,"885,745"
SSTWD,5.78B,12.29%,0.35%,3.38%,0.76%,0.39,0.39,3.44,3.65,82.98%,73.33%,10.77%,Aug 06/b,15.62,0.00%,"3,796,395"
SSTX,188.77B,0.37%,35.39%,371.53%,54.52%,1.67,1.17,1.69,1.80,45.58%,34.65%,26.11%,Jul 28/a,830.17,-3.73%,"3,846,318"
SSTXD,-,1.13%,-,-,-,-,-,-,-,-,-,-,-,39.21,0.77%,"7,756"
SSTXE,-,1.75%,-,-,-,-,-,-,-,-,-,-,-,51.32,1.58%,"21,130"
SSTXF,-,0.98%,-,-,-,-,-,-,-,-,-,-,-,49.39,0.80%,"50,880"
SSTXG,-,0.47%,-,-,-,-,-,-,-,-,-,-,-,55.95,1.00%,"2,349"
SSTXK,-,1.17%,-,-,-,-,-,-,-,-,-,-,-,37.37,0.53%,"10,805"
SSTXL,-,-,-,-,-,-,-,-,-,-,-,-,-,30.10,-7.64%,"238,512"
SSTXS,129.26M,-,-46.14%,-184.27%,-101.65%,1.41,0.94,0.26,0.30,55.57%,-65.23%,-78.45%,Aug 11/a,1.29,-0.77%,"527,810"
SSTXT,-,4.65%,-,-,-,-,-,-,-,-,-,-,-,19.32,-0.21%,"3,161"
SSTXU,-,-,-,-,-,-,-,-,-,-,-,-,-,11.48,-7.27%,"56,313"
SSTXV,-,2.02%,-,-,-,-,-,-,-,-,-,-,-,39.37,0.50%,"4,529"
SSTXX,-,-,-,-,-,-,-,-,-,-,-,-,-,38.00,-7.50%,"64,354"
SSTYL,-,-,-,-,-,-,-,-,-,-,-,-,-,24.07,1.81%,"1,090"
SSTZ,15.86B,3.37%,8.22%,23.51%,10.51%,0.91,0.48,1.10,1.28,50.60%,30.29%,20.15%,Oct 06/a,122.45,-1.10%,"2,022,714"
SSU,80.51B,2.51%,9.81%,19.40%,14.91%,1.65,1.08,0.28,0.30,46.66%,21.94%,15.78%,Aug 04/a,68.83,-0.15%,"4,075,507"
SSUB,-,2.58%,-,-,-,-,-,-,-,-,-,-,-,105.51,0.08%,"797,830"
SSUGP,1.51M,-,-12.93%,-20.03%,-20.55%,2.82,2.06,0.04,0.09,15.99%,-9.33%,-9.59%,-,0.65,5.20%,"462,134"
SSUI,13.94B,3.91%,1.54%,2.89%,-8.93%,0.54,0.47,0.73,0.73,14.92%,3.99%,-39.18%,Jul 27/a,114.48,-0.39%,"712,141"
SSUIG,74.29M,-,-601.31%,-683.94%,-424.60%,0.37,0.37,0.00,0.00,-,637.64%,633.70%,Aug 06/a,0.99,0.66%,"303,426"
SSUIL,-,0.19%,-,-,-,-,-,-,-,-,-,-,-,5.88,-2.92%,"43,616"
SSUIS,-,-,-,-,-,-,-,-,-,-,-,-,-,18.85,-1.59%,"4,183"
SSUJA,341.83M,-,-,-,-,1.53,0.96,1.60,1.63,-,-,-,Aug 04/a,8.85,-3.59%,"221,774"
SSUMA,233.41M,-,-,-,-,3.40,3.40,0.00,0.00,-,-,-,-,9.97,0.30%,12
SSUN,15.91B,5.18%,4.08%,14.54%,3.93%,1.29,0.83,1.76,1.78,9.72%,4.92%,1.58%,Aug 04/b,77.67,1.74%,"375,284"
SSUNB,29.78B,1.59%,-,-,-,0.94,0.87,1.42,1.53,-,-,-,Sep 09/b,72.68,-0.68%,"6,498,562"
SSUNC,4.18B,4.97%,-,-,-,1.29,0.83,5.75,5.83,-,-,-,Aug 04/b,81.16,-0.02%,"564,831"
SSUNE,20.84M,-,-12.27%,-24.48%,-19.89%,0.77,0.57,0.28,0.40,32.09%,-6.96%,-8.48%,Mar 18/a,3.20,-5.04%,"3,024,517"
SSUNS,98.26M,16.51%,4.43%,7.11%,4.02%,1.19,1.19,0.78,0.78,87.23%,65.90%,38.55%,Aug 06/b,7.27,-0.14%,"63,165"
SSUPL,-,2.52%,-,-,-,-,-,-,-,-,-,-,-,46.10,0.23%,156
SSUPN,2.42B,-,-7.82%,-10.49%,-10.36%,2.08,1.84,0.03,0.04,75.83%,-7.73%,-13.23%,Aug 03/b,41.64,-0.12%,"707,159"
SSUPP,-,0.31%,-,-,-,-,-,-,-,-,-,-,-,78.19,1.51%,96
SSUPV,647.62M,-,-0.99%,-6.88%,-5.56%,0.46,-,0.23,0.85,-,0.58%,-3.47%,Aug 10/a,8.50,-2.63%,"325,228"
SSUPX,188.40M,-,-72.19%,-86.31%,-43.74%,6.58,6.17,0.01,0.01,12.53%,-965.15%,-1596.63%,-,7.74,-5.26%,"1,169,509"
SSURE,-,0.87%,-,-,-,-,-,-,-,-,-,-,-,148.03,0.71%,23
SSURG,9.16M,-,-262.65%,-313.72%,-,0.19,0.18,-,-,-20.69%,-48.51%,-47.89%,Aug 14/b,0.17,5.23%,"210,598,272"
SSURI,-,14.16%,-,-,-,-,-,-,-,-,-,-,-,19.21,-0.36%,"4,508"
SSUSA,-,0.83%,-,-,-,-,-,-,-,-,-,-,-,156.16,0.86%,"25,426"
SSUSB,-,4.59%,-,-,-,-,-,-,-,-,-,-,-,24.55,-0.16%,"146,538"
SSUSC,-,4.69%,-,-,-,-,-,-,-,-,-,-,-,22.33,-0.04%,"258,715"
SSUSL,-,0.92%,-,-,-,-,-,-,-,-,-,-,-,135.46,0.72%,"14,101"
SSUZ,11.54B,3.21%,4.99%,17.76%,5.59%,3.38,2.75,1.90,1.95,27.22%,18.80%,17.19%,Aug 12/a,9.36,-0.74%,"3,143,907"
SSVAL,-,2.02%,-,-,-,-,-,-,-,-,-,-,-,43.08,0.58%,"16,433"
SSVAQ,295.41M,-,-,-,1.17%,1.51,1.51,0.00,0.00,-,-,-,-,10.07,0.00%,48
SSVC,880.66M,4.90%,-6.62%,-56.28%,-7.85%,15.36,15.36,5.68,5.68,13.78%,10.81%,-25.49%,Aug 05/a,6.80,-1.02%,"1,553,401"
SSVCC,168.62M,-,3.13%,3.25%,3.19%,0.27,0.27,0.00,0.00,-,-,-,-,10.69,0.09%,119
SSVCO,227.37M,-,-18.16%,-27.03%,-25.83%,1.69,1.69,0.02,0.06,80.48%,-28.37%,-30.44%,Aug 06/a,6.71,3.07%,"513,356"
SSVIV,312.19M,-,-,-,-,12.80,12.80,0.00,0.00,-,-,-,-,10.17,-0.10%,209
SSVIX,-,-,-,-,-,-,-,-,-,-,-,-,-,28.12,4.73%,"1,804,149"
SSVM,2.63B,0.25%,2.30%,3.66%,2.83%,3.51,3.46,0.12,0.12,60.77%,56.51%,6.32%,Aug 10/a,11.91,-1.73%,"1,485,852"
SSVOL,-,16.91%,-,-,-,-,-,-,-,-,-,-,-,16.77,0.90%,"385,862"
SSVRA,1.09B,-,-78.28%,-105.48%,-80.17%,10.13,10.13,0.21,0.21,-,-,-,Aug 11/a,5.30,-0.38%,"1,063,668"
SSVRE,5.59M,-,-121.47%,-149.85%,-108.73%,8.39,7.53,0.00,0.01,-52.59%,-6262.21%,-7041.48%,-,2.42,0.41%,"21,952"
SSVRN,22.42M,-,-,-,-,-,-,-,-,-,-,-,-,11.95,15.01%,"274,633"
SSVV,1.50B,-,1.24%,5.72%,1.39%,0.84,0.66,3.01,3.23,30.61%,7.98%,1.42%,Aug 06/a,9.75,1.14%,"918,541"
SSVXY,-,-,-,-,-,-,-,-,-,-,-,-,-,62.88,2.28%,"1,547,227"
SSW,22.60B,4.24%,1.09%,2.74%,1.59%,1.45,0.96,0.73,0.79,17.93%,5.76%,1.59%,Jul 29/b,43.22,2.39%,"3,971,989"
SSWAG,31.50M,-,0.09%,0.18%,0.17%,1.96,1.51,0.05,0.07,29.74%,-0.91%,0.05%,Aug 12/b,1.69,-1.17%,"4,210"
SSWAN,-,3.25%,-,-,-,-,-,-,-,-,-,-,-,32.68,0.47%,"7,504"
SSWBI,589.64M,3.95%,4.54%,6.63%,5.51%,3.62,0.98,0.19,0.19,27.44%,6.61%,4.44%,Sep 03/a,13.15,-1.05%,"403,178"
SSWIM,743.52M,-,0.63%,1.32%,0.75%,2.16,1.44,0.74,0.76,28.35%,6.25%,0.92%,Aug 04/a,6.32,-0.16%,"854,693"
SSWK,13.48B,3.77%,2.91%,6.89%,4.54%,1.43,0.55,0.53,0.53,31.47%,9.15%,4.07%,Jul 29/b,89.24,0.01%,"1,855,198"
SSWKS,13.29B,2.81%,3.83%,5.09%,4.54%,3.10,1.94,0.11,0.12,40.71%,8.70%,7.23%,Jul 28/a,88.35,5.14%,"11,126,782"
SSWMR,630.95M,-,-,-,-,12.28,12.28,0.00,0.00,-,-,-,Aug 13/a,39.59,10.00%,"627,314"
SSWP,-,5.80%,-,-,-,-,-,-,-,-,-,-,-,28.25,0.77%,"2,488"
SSWRD,624.92M,-,-29.83%,-,-25.11%,0.85,0.85,57.89,59.20,-0.71%,-100.23%,-195.39%,-,2.96,32.74%,"27,754,049"
SSWVL,70.90M,-,7.22%,32.06%,18.97%,1.08,1.08,0.17,0.33,16.19%,-14.37%,5.43%,-,7.11,-10.39%,"678,420"
SSWX,6.24B,2.96%,2.27%,6.59%,6.89%,1.12,0.99,0.83,0.85,34.19%,28.68%,29.83%,Aug 05/b,86.11,-0.91%,"475,731"
SSWZ,76.81M,-,-,-,-,-,-,-,-,-,-,-,-,5.92,0.17%,"19,300"
SSXC,850.45M,4.79%,-3.23%,-8.66%,-4.40%,2.25,1.37,1.12,1.13,7.94%,3.16%,-2.88%,Jul 30/b,10.02,-1.09%,"975,057"
SSXI,3.31B,0.51%,6.65%,14.29%,7.99%,2.40,1.84,0.73,0.75,41.65%,17.13%,11.74%,Jul 30/a,269.17,0.86%,"72,740"
SSXQG,-,-,-,-,-,-,-,-,-,-,-,-,-,32.62,0.57%,"1,355"
SSXT,5.47B,1.30%,6.90%,13.07%,7.81%,4.39,1.72,0.61,0.61,34.65%,14.05%,9.27%,Jul 24/b,128.60,-1.88%,"439,783"
SSXTC,3.38M,-,-22.00%,-27.49%,-20.41%,7.93,7.25,0.02,0.04,21.85%,-630.63%,-545.24%,-,2.56,32.64%,"14,162,896"
SSXTP,3.17M,-,-191.39%,-321.29%,-293.13%,2.32,1.78,0.06,0.06,26.32%,-708.59%,-709.19%,Aug 14/b,0.90,-3.23%,"57,963"
SSY,230.38M,-,-9.09%,-15.18%,-14.35%,1.61,1.33,0.13,0.26,44.35%,-15.44%,-13.60%,Aug 31/b,2.71,3.44%,"466,272"
SSYBT,2.48B,1.62%,1.53%,13.28%,9.32%,0.17,-,0.29,0.38,-,32.72%,25.43%,Jul 29/b,79.74,1.00%,"175,971"
SSYF,24.72B,1.69%,2.90%,20.79%,12.14%,3.72,3.72,0.72,0.97,81.40%,28.54%,18.12%,Jul 21/b,75.99,0.73%,"2,461,812"
SSYFI,-,5.98%,-,-,-,-,-,-,-,-,-,-,-,35.31,-0.03%,"46,773"
SSYK,105.70B,1.28%,7.91%,16.51%,9.68%,2.16,1.33,0.61,0.64,62.97%,24.27%,14.43%,Jul 30/a,275.56,2.06%,"3,724,210"
SSYLD,-,1.70%,-,-,-,-,-,-,-,-,-,-,-,85.61,0.75%,"30,280"
SSYM,25.48B,-,0.47%,2.75%,1.74%,1.30,1.20,0.03,0.04,20.34%,1.43%,0.48%,Aug 05/a,42.13,2.51%,"1,525,053"
SSYNA,3.95B,-,-20.95%,-42.23%,-36.15%,1.12,0.90,0.46,0.94,45.52%,-2.93%,-41.00%,Aug 06/a,101.03,8.09%,"530,293"
SSYNX,5.46M,-,-34.79%,-55.75%,-47.67%,3.25,1.88,0.18,0.21,36.26%,-53.05%,-52.77%,-,0.82,2.82%,"4,122"
SSYPR,43.29M,-,-10.09%,-70.01%,-31.98%,1.26,0.44,1.84,2.26,5.43%,-9.64%,-9.25%,Aug 18/b,1.88,2.17%,"26,777"
SSYRE,7.99B,-,-19.65%,-21.61%,-15.28%,18.53,18.53,0.00,0.00,-,-,-,Aug 04/a,90.60,2.13%,"886,055"
SSYSB,-,4.64%,-,-,-,-,-,-,-,-,-,-,-,85.83,-0.09%,"51,721"
SSYY,39.87B,2.66%,6.37%,78.11%,10.80%,1.28,0.77,5.10,5.61,18.37%,4.17%,2.08%,Aug 04/b,83.21,1.09%,"3,486,997"
SSYZ,-,0.24%,-,-,-,-,-,-,-,-,-,-,-,29.85,0.94%,"1,115"
SSZK,-,2.66%,-,-,-,-,-,-,-,-,-,-,-,22.00,-0.62%,352
SSZZL,219.39M,-,3.31%,3.47%,3.41%,1.13,1.13,0.00,0.00,-,-,-,-,10.46,0.00%,92
TT,178.57B,4.26%,5.19%,20.05%,8.17%,0.87,0.83,1.39,1.47,43.71%,21.23%,16.83%,Jul 22/b,26.06,2.00%,"43,222,670"
TTABD,-,2.97%,-,-,-,-,-,-,-,-,-,-,-,24.31,-0.06%,"5,852"
TTAC,3.82B,1.64%,-0.26%,-1.37%,-0.46%,0.84,0.77,1.85,2.38,39.84%,-1.16%,-3.34%,Jul 31/b,12.08,-0.82%,"2,625,282"
TTACH,362.25M,-,3.01%,3.16%,3.11%,0.25,0.25,0.00,0.00,-,-,-,-,10.50,0.00%,"4,782"
TTACK,-,1.28%,-,-,-,-,-,-,-,-,-,-,-,32.14,0.55%,"9,800"
TTACN,-,-,-,-,-,-,-,-,-,-,-,-,-,29.17,1.27%,"3,907"
TTACO,393.38M,-,3.03%,3.17%,3.12%,0.13,0.13,0.00,0.00,-,-,-,-,10.48,0.00%,"11,100"
TTACT,53.27M,-,-0.84%,-1.25%,-1.13%,2.65,2.06,0.08,0.19,48.69%,-0.80%,-0.75%,Aug 11/a,5.16,-2.46%,"12,992"
TTACU,-,-,-,-,-,-,-,-,-,-,-,-,-,27.98,0.90%,"4,731"
TTAFI,-,3.14%,-,-,-,-,-,-,-,-,-,-,-,24.86,0.12%,"464,115"
TTAFL,-,4.24%,-,-,-,-,-,-,-,-,-,-,-,24.07,0.29%,"138,344"
TTAFM,-,3.74%,-,-,-,-,-,-,-,-,-,-,-,24.60,0.12%,"761,535"
TTAGG,-,4.64%,-,-,-,-,-,-,-,-,-,-,-,41.26,-0.18%,"245,938"
TTAGS,-,-,-,-,-,-,-,-,-,-,-,-,-,28.00,-1.89%,"31,915"
TTAIL,-,3.09%,-,-,-,-,-,-,-,-,-,-,-,10.10,-0.69%,"207,784"
TTAJX,-,-,-,-,-,-,-,-,-,-,-,-,-,24.62,1.77%,7
TTAK,58.11B,3.51%,-1.08%,-2.22%,-1.42%,1.14,0.62,0.58,0.65,54.53%,15.28%,-3.49%,Jul 30/a,18.26,0.83%,"2,150,055"
TTAL,3.95B,-,14.58%,23.80%,20.85%,1.69,1.61,0.07,0.10,56.01%,12.44%,28.43%,Jul 30/b,11.81,2.70%,"6,200,784"
TTALO,2.95B,-,-7.13%,-17.80%,-12.09%,1.61,1.61,0.65,0.66,15.84%,6.28%,-20.46%,Aug 04/a,17.68,0.80%,"1,249,777"
TTALV,-,0.43%,-,-,-,-,-,-,-,-,-,-,-,28.88,0.80%,509
TTAN,-,-,-,-,-,-,-,-,-,-,-,-,-,47.15,0.23%,"444,497"
TTANH,13.68M,-,-23.20%,-25.62%,-27.93%,6.59,6.57,0.01,0.04,18.56%,-31.82%,-80.88%,-,20.45,-13.86%,"107,250"
TTAOP,7.42M,-,-26.98%,-56.83%,-39.71%,1.87,1.08,0.30,0.50,10.93%,-28.99%,-32.65%,Apr 30/b,0.77,4.22%,"4,906"
TTAOX,29.18M,-,-81.43%,-94.45%,-96.28%,19.99,19.99,0.00,0.00,99.59%,-955.39%,-2856.13%,-,3.90,2.63%,"109,921"
TTAOZ,-,-,-,-,-,-,-,-,-,-,-,-,-,89.85,0.64%,21
TTAP,7.31B,4.95%,-9.01%,-19.58%,-14.46%,0.88,0.72,0.58,0.78,33.76%,12.02%,-20.81%,Aug 06/b,38.93,1.27%,"2,597,781"
TTAPR,-,-,-,-,-,-,-,-,-,-,-,-,-,26.79,0.15%,16
TTARA,225.74M,-,-42.05%,-45.80%,-43.01%,10.97,10.97,0.01,0.02,-,-,-,Aug 11/b,3.82,0.79%,"532,026"
TTARK,-,29.89%,-,-,-,-,-,-,-,-,-,-,-,49.21,1.23%,"3,377"
TTARS,3.48B,-,-8.40%,-13.68%,-10.67%,3.20,3.17,0.26,0.26,93.28%,-8.00%,-7.67%,Aug 06/b,79.31,-2.23%,"490,786"
TTASK,746.33M,14.70%,10.65%,25.43%,13.38%,2.95,2.95,1.68,1.82,31.03%,12.36%,8.75%,Aug 05/a,8.14,6.54%,"720,421"
TTATT,499.91M,-,9.14%,11.86%,10.31%,4.83,2.61,0.08,0.09,24.98%,9.85%,11.26%,Aug 05/b,38.46,1.61%,"76,716"
TTAVI,94.10M,-,2.91%,2.98%,5.50%,0.10,0.10,0.00,0.02,-,-,-,-,10.75,0.09%,14
TTAWN,-,-,-,-,-,-,-,-,-,-,-,-,-,29.06,5.53%,56
TTAX,-,0.32%,-,-,-,-,-,-,-,-,-,-,-,30.81,1.20%,"1,310"
TTAXE,-,3.78%,-,-,-,-,-,-,-,-,-,-,-,49.53,0.09%,"30,346"
TTAXF,-,3.95%,-,-,-,-,-,-,-,-,-,-,-,48.63,0.39%,"59,560"
TTAXI,-,2.69%,-,-,-,-,-,-,-,-,-,-,-,49.90,0.09%,"1,582"
TTAXM,-,3.34%,-,-,-,-,-,-,-,-,-,-,-,48.52,0.40%,"7,278"
TTAXS,-,2.39%,-,-,-,-,-,-,-,-,-,-,-,49.81,0.04%,78
TTAXT,-,3.37%,-,-,-,-,-,-,-,-,-,-,-,49.92,0.23%,"5,533"
TTAXX,-,3.00%,-,-,-,-,-,-,-,-,-,-,-,50.22,0.04%,"12,930"
TTAYD,193.44M,-,11.28%,12.70%,11.75%,12.76,11.22,0.00,0.00,44.05%,17.63%,20.56%,Aug 18/b,59.98,1.01%,"26,982"
TTBBB,5.48B,-,-10.91%,-66.67%,-17.26%,0.68,0.44,2.16,2.65,16.38%,-0.92%,-3.68%,Aug 12/a,50.46,-1.71%,"272,279"
TTBBK,2.07B,-,2.57%,29.63%,25.22%,0.02,-,0.30,1.36,-,37.46%,27.72%,Jul 30/a,50.63,0.66%,"599,848"
TTBCH,229.42M,-,-1.40%,-3.23%,-2.03%,2.38,1.30,0.95,1.00,34.54%,4.00%,-1.07%,Aug 06/a,12.81,8.19%,"393,626"
TTBCVU,305.62M,-,-,-,-,0.26,0.26,-,-,-,-,-,-,9.94,0.05%,68
TTBF,-,2.62%,-,-,-,-,-,-,-,-,-,-,-,25.85,0.00%,"144,782"
TTBFC,-,2.94%,-,-,-,-,-,-,-,-,-,-,-,29.31,0.39%,"2,869"
TTBFG,-,2.37%,-,-,-,-,-,-,-,-,-,-,-,32.92,0.68%,"2,819"
TTBG,-,2.42%,-,-,-,-,-,-,-,-,-,-,-,37.96,0.50%,"36,493"
TTBI,266.39M,-,-8.74%,-20.23%,-14.83%,2.28,2.28,0.50,0.54,19.77%,-1.69%,-3.35%,Aug 04/a,8.75,-3.42%,"298,744"
TTBIL,-,4.00%,-,-,-,-,-,-,-,-,-,-,-,49.92,0.02%,"2,521,987"
TTBJL,-,-,-,-,-,-,-,-,-,-,-,-,-,18.85,0.09%,"3,382"
TTBLA,1.03B,-,7.72%,12.75%,11.19%,1.11,1.11,0.13,0.17,29.15%,2.63%,6.05%,Aug 05/b,3.80,1.88%,"1,229,771"
TTBLD,685.91M,5.84%,-,-,-,-,-,-,-,-,-,-,-,21.38,-0.23%,"39,718"
TTBLL,-,3.63%,-,-,-,-,-,-,-,-,-,-,-,105.72,0.01%,"161,474"
TTBLU,-,3.58%,-,-,-,-,-,-,-,-,-,-,-,49.65,0.38%,"4,495"
TTBN,1.36B,-,-6.53%,-10.82%,-7.64%,2.00,2.00,0.14,0.18,-,-,-,May 13/a,39.13,-0.51%,"189,233"
TTBPH,883.14M,-,12.01%,20.91%,15.36%,13.54,13.54,0.21,0.25,94.45%,2.12%,51.58%,Aug 10/b,17.01,-0.06%,"426,795"
TTBT,-,2.45%,-,-,-,-,-,-,-,-,-,-,-,39.51,0.00%,"379,110"
TTBUX,-,4.29%,-,-,-,-,-,-,-,-,-,-,-,49.76,-0.06%,"441,372"
TTBX,-,2.17%,-,-,-,-,-,-,-,-,-,-,-,29.44,0.24%,"23,341"
TTBXU,-,0.81%,-,-,-,-,-,-,-,-,-,-,-,38.36,-1.38%,"7,280"
TTC,3.35M,-,-100.70%,-1080.13%,-331.48%,1.49,1.49,0.35,1.27,73.24%,-217.46%,-406.11%,-,1.95,-1.52%,"15,325"
TTCAF,-,0.45%,-,-,-,-,-,-,-,-,-,-,-,42.40,0.71%,"463,033"
TTCAI,-,0.03%,-,-,-,-,-,-,-,-,-,-,-,47.47,3.18%,"28,840"
TTCAL,-,11.60%,-,-,-,-,-,-,-,-,-,-,-,22.35,0.31%,"105,496"
TTCAN,-,-,-,-,-,-,-,-,-,-,-,-,-,16.53,-1.22%,"10,990"
TTCBI,4.31B,0.61%,1.11%,10.19%,8.79%,0.48,-,0.14,0.23,-,23.39%,17.05%,Jul 22/a,99.09,0.19%,"502,253"
TTCBK,1.71B,2.71%,1.36%,10.38%,9.63%,0.03,-,0.05,0.06,-,33.89%,24.68%,Jul 23/b,53.53,-0.26%,"342,001"
TTCBS,49.93M,1.27%,0.75%,6.16%,3.27%,0.52,-,0.84,0.84,-,14.84%,12.68%,-,17.38,-0.17%,"2,064"
TTCBX,749.47M,-,1.27%,12.74%,8.97%,0.09,-,0.24,0.24,-,22.29%,17.07%,Jul 22/a,45.00,-0.24%,"113,427"
TTCGX,151.92M,-,-,-,-,0.02,0.02,-,-,-,-,-,-,13.44,-1.97%,"28,833"
TTCHI,-,2.41%,-,-,-,-,-,-,-,-,-,-,-,22.47,0.38%,"2,941"
TTCHP,-,-,-,-,-,-,-,-,-,-,-,-,-,50.19,0.62%,"155,884"
TTCI,343.06M,-,0.71%,0.96%,0.76%,97.05,97.05,0.25,0.25,-6.82%,-18.34%,16.08%,-,39.10,-0.18%,"43,971"
TTCMD,507.41M,-,9.00%,11.88%,10.58%,4.12,3.68,0.05,0.06,76.08%,10.00%,7.10%,Aug 10/a,22.40,0.36%,"240,358"
TTCOM,25.35B,0.25%,12.21%,20.05%,17.28%,1.53,1.53,0.07,0.19,80.31%,24.91%,48.36%,Sep 15/a,39.02,0.83%,"4,566,861"
TTCPB,-,4.58%,-,-,-,-,-,-,-,-,-,-,-,49.26,-0.13%,"43,939"
TTCPC,341.48M,16.46%,-6.36%,-16.78%,-7.51%,6.74,6.74,1.62,1.65,143.95%,101.36%,262.23%,Aug 06/b,4.07,1.50%,"574,015"
TTCRT,3.84M,-,-128.30%,-185.95%,-615.03%,0.77,0.77,0.00,0.00,-700.00%,-135266.67%,-142700.00%,-,1.51,-3.18%,"18,275"
TTCRX,21.72M,-,-50.09%,-95.80%,-83.79%,3.37,3.37,1.04,1.32,59.47%,-1695.15%,-1655.35%,Aug 12/b,0.32,0.79%,"873,124"
TTCV,-,0.24%,-,-,-,-,-,-,-,-,-,-,-,32.76,1.49%,"5,124"
TTCX,120.88M,-,-11.38%,-,-23.42%,0.28,0.27,-,-,25.72%,-1.87%,-21.20%,Aug 06/a,10.81,-0.87%,"37,298"
TTD,204.38B,2.64%,0.78%,12.89%,8.81%,0.53,-,0.46,2.35,-,18.15%,13.80%,Aug 27/b,120.97,0.69%,"1,956,863"
TTDAC,209.69M,-,3.30%,3.44%,3.70%,0.06,0.06,0.00,0.01,-,-,-,-,10.86,-0.37%,"15,575"
TTDAQ,-,15.33%,-,-,-,-,-,-,-,-,-,-,-,26.88,1.09%,"411,147"
TTDAX,-,14.72%,-,-,-,-,-,-,-,-,-,-,-,23.48,1.25%,"41,596"
TTDAY,933.76M,-,-2.12%,-20.62%,-3.46%,0.81,0.78,6.58,7.23,33.07%,5.57%,-1.81%,Aug 06/b,6.36,1.11%,"2,265,632"
TTDC,2.59B,-,26.98%,119.12%,71.12%,0.91,0.91,0.09,0.17,61.21%,7.92%,27.08%,Aug 04/a,27.84,1.75%,"1,799,837"
TTDCL,-,-,-,-,-,-,-,-,-,-,-,-,-,14.24,3.58%,742
TTDEC,-,-,-,-,-,-,-,-,-,-,-,-,-,27.28,0.56%,476
TTDF,260.54M,4.33%,-,-,-,-,-,-,-,-,-,-,-,10.39,0.39%,"26,075"
TTDG,63.03B,0.02%,7.73%,-,8.38%,3.02,2.01,-,-,57.39%,46.67%,19.09%,Aug 04/b,1140.32,1.19%,"375,326"
TTDI,-,1.59%,-,-,-,-,-,-,-,-,-,-,-,47.16,1.04%,"29,044"
TTDIC,7.84M,-,-102.97%,-1011.48%,-468.33%,1.23,1.23,1.78,3.30,1.21%,-124.23%,-146.21%,-,2.25,0.45%,"18,328"
TTDIV,-,1.29%,-,-,-,-,-,-,-,-,-,-,-,116.88,2.22%,"77,035"
TTDOC,1.12B,-,-6.28%,-12.99%,-13.24%,0.81,0.78,0.02,0.79,54.25%,-5.85%,-7.13%,Jul 29/a,6.16,1.15%,"2,566,158"
TTDOG,-,-,-,-,-,-,-,-,-,-,-,-,-,16.98,0.64%,484
TTDOT,-,1.17%,-,-,-,-,-,-,-,-,-,-,-,12.60,-4.75%,"3,172"
TTDS,4.03B,0.44%,4.90%,10.56%,6.06%,3.82,3.81,0.23,0.24,31.03%,-2.69%,25.23%,Aug 07/b,37.46,0.05%,"1,338,278"
TTDSB,-,2.26%,-,-,-,-,-,-,-,-,-,-,-,24.73,-0.05%,"1,831"
TTDSC,-,1.57%,-,-,-,-,-,-,-,-,-,-,-,28.41,0.42%,"2,811"
TTDTF,-,5.91%,-,-,-,-,-,-,-,-,-,-,-,23.02,-0.48%,"113,667"
TTDTH,1.90B,-,-503.87%,-,-,0.11,0.11,-,-,-248.66%,-11884.05%,-14045.63%,-,1.68,1.82%,"42,320"
TTDTT,-,5.63%,-,-,-,-,-,-,-,-,-,-,-,23.41,-0.34%,"170,797"
TTDUP,342.78M,-,-12.93%,-36.76%,-21.05%,0.99,0.99,0.74,0.83,75.33%,-6.68%,-6.65%,Aug 05/a,2.61,0.38%,"1,822,483"
TTDV,-,1.02%,-,-,-,-,-,-,-,-,-,-,-,102.30,2.62%,"5,019"
TTDVG,-,0.97%,-,-,-,-,-,-,-,-,-,-,-,49.35,0.69%,"47,489"
TTDVI,-,7.28%,-,-,-,-,-,-,-,-,-,-,-,31.90,2.28%,"770,577"
TTDW,4.63B,0.21%,11.12%,19.49%,12.10%,3.58,3.47,0.46,0.47,28.36%,17.77%,18.34%,Aug 03/a,92.97,1.07%,"452,365"
TTDWD,237.80M,-,3.70%,3.86%,1.93%,4.81,4.81,0.00,0.00,-,-,-,-,10.10,-0.30%,"10,253"
TTDY,27.99B,-,6.41%,9.16%,7.53%,2.18,1.39,0.19,0.19,39.82%,19.43%,15.30%,Jul 22/b,603.79,1.22%,"243,236"
TTE,1.36B,-,-20.53%,-123.16%,-39.08%,1.30,0.67,2.57,2.83,8.35%,-16.98%,-39.80%,Aug 12/b,4.61,0.66%,"14,260,947"
TTEAD,45.97M,-,-36.03%,-196.24%,-83.31%,0.98,0.98,85.42,87.75,33.18%,-1.51%,-43.32%,Aug 06/b,0.47,-2.33%,"47,158"
TTEAM,45.49B,-,-0.89%,-4.48%,-2.40%,0.76,0.76,1.12,1.16,85.30%,4.22%,-0.82%,Aug 06/a,179.70,0.07%,"1,791,698"
TTEC,-,-,-,-,-,-,-,-,-,-,-,-,-,33.17,1.12%,85
TTECB,-,0.29%,-,-,-,-,-,-,-,-,-,-,-,75.41,0.84%,"3,935"
TTECH,11.31B,0.44%,6.95%,9.03%,7.63%,4.55,3.35,0.13,0.14,66.03%,22.42%,14.97%,Aug 12/b,72.12,0.06%,"2,723,696"
TTECK,32.60B,0.59%,5.53%,9.69%,6.98%,3.12,2.33,0.33,0.35,33.97%,29.32%,17.85%,Jul 23/b,66.44,0.82%,"2,117,241"
TTECL,-,0.15%,-,-,-,-,-,-,-,-,-,-,-,206.01,3.90%,"352,560"
TTECS,-,9.17%,-,-,-,-,-,-,-,-,-,-,-,59.99,-3.77%,"463,230"
TTECX,567.91M,-,-32.23%,-33.80%,-37.85%,22.29,22.29,0.01,0.02,-,-,-,Aug 06/a,29.05,1.54%,"154,980"
TTECY,-,19.46%,-,-,-,-,-,-,-,-,-,-,-,21.16,0.03%,266
TTEI,313.12M,8.76%,-,-,-,-,-,-,-,-,-,-,-,6.63,-0.60%,"150,486"
TTEK,-,1.23%,-,-,-,-,-,-,-,-,-,-,-,38.76,0.98%,"2,160"
TTEKX,-,0.22%,-,-,-,-,-,-,-,-,-,-,-,64.04,2.34%,"4,987"
TTEKY,-,0.17%,-,-,-,-,-,-,-,-,-,-,-,43.76,0.96%,14
TTEL,61.37B,1.35%,11.85%,23.55%,16.06%,1.88,1.23,0.42,0.43,36.85%,21.23%,15.61%,Jul 22/b,211.96,3.58%,"1,774,687"
TTELA,43.55M,-,-64.71%,-616.62%,-102.40%,2.99,2.38,-,-,67.81%,-42.56%,-51.53%,Aug 10/a,0.97,7.17%,"254,212"
TTELG,-,-,-,-,-,-,-,-,-,-,-,-,-,13.68,7.49%,11
TTELO,80.47M,-,-189.68%,-213.10%,-116.74%,16.14,16.14,0.00,0.03,-,-,-,-,1.17,-0.85%,"33,259"
TTEM,10.65B,-,-12.75%,-67.44%,-13.56%,3.30,3.16,3.22,3.25,62.92%,-18.92%,-17.77%,Jul 30/a,59.01,0.46%,"3,690,132"
TTEMC,-,-,-,-,-,-,-,-,-,-,-,-,-,19.63,0.97%,21
TTEMD,-,4.24%,-,-,-,-,-,-,-,-,-,-,-,24.70,0.22%,61
TTEMT,-,-,-,-,-,-,-,-,-,-,-,-,-,21.35,1.18%,"99,608"
TTEMX,-,0.85%,-,-,-,-,-,-,-,-,-,-,-,37.88,0.83%,195
TTEN,1.41B,4.18%,7.88%,16.89%,7.76%,0.95,0.92,1.02,1.02,43.10%,38.29%,30.79%,Sep 10/b,47.90,7.13%,"1,060,662"
TTENB,3.32B,-,0.42%,2.46%,1.11%,0.72,0.72,2.06,2.12,78.05%,4.20%,0.65%,Jul 29/a,30.11,-5.99%,"17,164,052"
TTEND,-,0.09%,-,-,-,-,-,-,-,-,-,-,-,27.92,0.62%,315
TTENJ,-,0.23%,-,-,-,-,-,-,-,-,-,-,-,28.20,0.66%,192
TTENM,-,0.27%,-,-,-,-,-,-,-,-,-,-,-,27.67,0.45%,13
TTENX,69.61M,-,-57.02%,-59.80%,-57.10%,15.07,15.07,0.00,0.00,-,-,-,Jul 31/b,1.86,-4.62%,"2,724,582"
TTEO,1.66B,2.69%,4.00%,9.02%,5.50%,0.58,0.55,0.54,0.64,29.89%,9.36%,7.30%,Aug 07/b,13.25,-2.14%,"865,235"
TTEQI,-,1.45%,-,-,-,-,-,-,-,-,-,-,-,52.38,0.63%,"207,712"
TTER,59.37B,0.14%,26.48%,36.66%,32.68%,2.12,1.39,0.02,0.03,59.06%,30.88%,25.77%,Jul 28/a,379.72,2.57%,"2,394,327"
TTERC,-,-,-,-,-,-,-,-,-,-,-,-,-,21.94,4.64%,179
TTERG,-,-,-,-,-,-,-,-,-,-,-,-,-,40.66,4.67%,"17,822"
TTESC,-,-,-,-,-,-,-,-,-,-,-,-,-,21.39,1.15%,19
TTESL,-,34.30%,-,-,-,-,-,-,-,-,-,-,-,13.97,0.62%,"8,956"
TTEST,-,23.92%,-,-,-,-,-,-,-,-,-,-,-,37.60,0.23%,"1,622"
TTETH,-,0.25%,-,-,-,-,-,-,-,-,-,-,-,12.67,3.09%,"2,949,242"
TTEUP,-,-,-,-,-,-,-,-,-,-,-,-,-,26.98,0.67%,"5,608"
TTEVA,43.22B,-,1.75%,9.60%,3.48%,0.88,0.67,1.60,2.18,52.53%,18.79%,4.01%,Jul 29/b,37.09,2.04%,"2,855,425"
TTEX,6.95B,1.07%,1.76%,4.21%,1.91%,1.82,0.93,0.54,0.55,16.25%,7.04%,2.17%,Jul 30/b,60.82,1.98%,"776,025"
TTEXN,-,1.33%,-,-,-,-,-,-,-,-,-,-,-,33.98,1.14%,"2,126"
TTEXU,-,1.15%,-,-,-,-,-,-,-,-,-,-,-,45.29,0.44%,"1,218"
TTEXX,-,-,-,-,-,-,-,-,-,-,-,-,-,30.62,0.32%,26
TTFC,61.57B,4.16%,1.06%,9.06%,5.39%,0.47,-,0.69,1.11,-,22.31%,18.07%,Jul 17/b,50.40,0.14%,"3,789,601"
TTFFI,-,-,-,-,-,-,-,-,-,-,-,-,-,21.37,-0.82%,"5,588"
TTFGZ,-,-,-,-,-,-,-,-,-,-,-,-,-,34.98,1.00%,92
TTFI,-,3.68%,-,-,-,-,-,-,-,-,-,-,-,43.78,0.25%,"1,155,643"
TTFII,10.79B,1.22%,4.57%,12.41%,6.18%,1.09,1.08,0.98,1.11,12.38%,7.09%,4.13%,Jul 27/a,131.24,0.08%,"254,160"
TTFIN,1.58B,-,0.56%,4.12%,3.59%,0.17,-,0.12,0.12,-,9.29%,6.56%,Jul 21/a,66.04,-1.31%,"172,068"
TTFJL,-,-,-,-,-,-,-,-,-,-,-,-,-,18.60,-0.08%,11
TTFLO,-,3.75%,-,-,-,-,-,-,-,-,-,-,-,50.57,0.06%,"1,925,163"
TTFLR,-,6.59%,-,-,-,-,-,-,-,-,-,-,-,50.81,0.12%,"90,358"
TTFNS,-,0.46%,-,-,-,-,-,-,-,-,-,-,-,29.39,0.62%,252
TTFPM,6.96B,0.70%,18.64%,20.15%,16.36%,3.67,3.67,0.10,0.10,70.51%,64.33%,84.32%,Aug 05/a,33.78,2.49%,"929,232"
TTFPN,-,-,-,-,-,-,-,-,-,-,-,-,-,30.28,0.31%,"7,103"
TTFSL,4.77B,6.88%,0.57%,5.25%,1.30%,0.19,-,2.97,2.97,-,15.66%,12.21%,Jul 30/a,17.01,-0.41%,"555,293"
TTFX,5.55B,0.87%,-5.30%,-10.51%,-18.13%,2.60,2.12,0.96,0.99,60.89%,11.02%,-39.67%,Aug 06/b,130.99,-0.77%,"572,746"
TTG,250.20M,-,8.34%,15.47%,11.43%,1.73,1.01,0.25,0.27,13.72%,4.18%,4.19%,Aug 07/b,7.16,-3.24%,"126,087"
TTGB,2.98B,-,0.64%,2.23%,0.89%,1.24,0.76,1.11,1.18,32.71%,28.30%,1.60%,Aug 05/a,8.14,1.50%,"2,769,386"
TTGE,43.13M,-,-0.59%,-1.11%,-0.72%,1.67,1.67,0.47,0.54,-68.32%,-105.86%,-14.27%,Apr 29/a,0.89,-0.39%,"4,554"
TTGEN,92.07M,-,-34.67%,-77.52%,-53.24%,2.93,1.46,0.10,0.15,36.22%,-38.26%,-42.28%,Aug 12/a,3.05,0.66%,"88,382"
TTGHL,23.96M,-,-,-,-,-,-,-,-,-,-,-,-,0.95,-1.32%,"197,645"
TTGL,5.34M,-,-117.44%,-136.20%,-198.62%,3.57,3.57,0.00,0.00,15.30%,-293.86%,-791.47%,-,2.73,-8.39%,"45,849"
TTGLB,-,0.17%,-,-,-,-,-,-,-,-,-,-,-,30.33,1.15%,56
TTGLR,-,0.60%,-,-,-,-,-,-,-,-,-,-,-,39.78,0.81%,"3,522"
TTGLS,1.70B,1.57%,9.94%,17.02%,12.87%,1.86,1.17,0.28,0.29,38.72%,18.13%,12.36%,Aug 06/b,38.32,0.03%,"430,704"
TTGRT,-,0.08%,-,-,-,-,-,-,-,-,-,-,-,46.00,0.99%,"86,916"
TTGRW,-,-,-,-,-,-,-,-,-,-,-,-,-,47.12,0.82%,"227,648"
TTGRZ,-,-,-,-,-,-,-,-,-,-,-,-,-,15.36,-5.67%,"18,423"
TTGS,2.06B,0.34%,10.32%,16.37%,10.58%,3.67,3.43,0.39,0.42,53.44%,43.73%,27.57%,Aug 04/b,29.66,-3.51%,"448,596"
TTGT,70.79B,2.62%,7.38%,26.41%,12.41%,0.99,0.36,0.98,1.07,26.83%,5.74%,4.08%,Aug 19/b,155.83,0.06%,"2,644,548"
TTGTX,8.25B,-,37.70%,100.28%,32.54%,4.27,3.72,1.25,1.25,82.37%,17.05%,55.22%,Aug 03/b,53.89,-2.71%,"1,368,582"
TTH,1.92B,-,-6.34%,-9.77%,-9.13%,0.65,0.65,0.11,0.13,5.16%,-9.44%,-10.85%,Aug 10/b,19.25,0.68%,"1,459,979"
TTHC,21.23B,-,7.55%,53.31%,12.63%,1.41,1.35,2.81,2.84,16.47%,16.47%,10.27%,Jul 23/a,263.69,0.09%,"588,193"
TTHCH,43.57M,-,-42.07%,-,-,0.28,0.25,-,-,4.91%,-21.65%,-42.48%,Aug 18/b,1.36,0.29%,"4,393"
TTHD,-,3.41%,-,-,-,-,-,-,-,-,-,-,-,74.11,-0.08%,"44,635"
TTHEO,205.08M,-,-,-,-,0.00,0.00,-,-,-,-,-,-,9.88,0.00%,"1,428"
TTHEQ,-,0.48%,-,-,-,-,-,-,-,-,-,-,-,30.13,0.72%,"1,009"
TTHFF,1.24B,2.88%,1.44%,13.42%,12.36%,0.08,-,0.01,0.90,-,28.83%,23.30%,Jul 28/b,77.84,0.05%,"107,663"
TTHG,7.86B,1.71%,5.28%,21.88%,16.92%,0.37,-,0.22,0.23,-,14.98%,11.17%,Jul 28/a,225.84,0.82%,"341,255"
TTHH,8.36M,-,-,-,-,-,-,-,-,-,-,-,-,1.67,-1.18%,"33,164"
TTHIR,-,0.33%,-,-,-,-,-,-,-,-,-,-,-,33.97,0.86%,"12,800"
TTHLV,-,1.66%,-,-,-,-,-,-,-,-,-,-,-,31.90,0.38%,"8,749"
TTHM,627.94M,-,-2.79%,-2.82%,-1.91%,46.12,46.12,0.00,0.00,-,-,-,Aug 12/a,2.40,-0.83%,"629,339"
TTHMR,-,-,-,-,-,-,-,-,-,-,-,-,-,25.70,0.54%,"6,732"
TTHMZ,-,0.23%,-,-,-,-,-,-,-,-,-,-,-,34.32,1.29%,"2,774"
TTHNQ,-,0.15%,-,-,-,-,-,-,-,-,-,-,-,89.54,1.00%,"68,412"
TTHNR,-,1.61%,-,-,-,-,-,-,-,-,-,-,-,25.59,-0.44%,"1,155"
TTHO,3.79B,2.86%,3.66%,6.15%,5.03%,1.71,0.80,0.21,0.23,12.06%,2.54%,2.67%,Sep 22/b,72.86,1.18%,"636,005"
TTHOR,-,-,-,-,-,-,-,-,-,-,-,-,-,26.17,0.19%,"20,958"
TTHQ,784.00M,11.42%,-,-,-,-,-,-,-,-,-,-,-,18.92,0.05%,"80,974"
TTHRM,1.19B,-,1.86%,3.74%,2.56%,2.06,1.49,0.44,0.45,23.70%,5.01%,1.68%,Jul 23/b,38.85,1.36%,"176,155"
TTHRO,-,0.25%,-,-,-,-,-,-,-,-,-,-,-,43.92,0.94%,"401,696"
TTHRV,-,6.84%,-,-,-,-,-,-,-,-,-,-,-,23.77,-0.15%,"5,451"
TTHRY,79.55M,-,-2.40%,-7.56%,-3.84%,0.94,0.94,0.99,1.15,66.14%,9.20%,-2.27%,Aug 04/b,1.79,-2.19%,"399,158"
TTHTA,-,10.73%,-,-,-,-,-,-,-,-,-,-,-,15.73,0.10%,"33,191"
TTHW,540.22M,10.49%,-,-,-,-,-,-,-,-,-,-,-,13.39,-0.81%,"67,420"
TTHY,-,5.22%,-,-,-,-,-,-,-,-,-,-,-,21.45,-0.00%,"17,410"
TTHYF,-,6.93%,-,-,-,-,-,-,-,-,-,-,-,50.73,-0.04%,"7,236"
TTHYM,-,3.45%,-,-,-,-,-,-,-,-,-,-,-,48.81,0.24%,"12,873"
TTHYP,-,0.08%,-,-,-,-,-,-,-,-,-,-,-,46.82,0.77%,"94,839"
TTIC,2.09B,-,-3.53%,-7.04%,-3.08%,2.91,2.91,0.79,0.81,25.90%,-0.96%,-5.94%,Aug 06/b,9.56,3.13%,"942,575"
TTIER,-,0.64%,-,-,-,-,-,-,-,-,-,-,-,32.85,1.07%,"3,655"
TTIGO,16.20B,4.22%,3.72%,22.16%,5.15%,0.53,0.51,4.26,4.85,53.43%,23.01%,9.19%,Aug 06/b,96.68,0.22%,"460,565"
TTIGR,837.23M,-,1.22%,13.63%,11.87%,1.10,1.10,0.06,0.07,95.25%,43.97%,16.21%,Aug 26/b,4.83,-1.43%,"1,599,961"
TTIH,-,-,-,-,-,-,-,-,-,-,-,-,-,24.80,1.24%,521
TTII,291.99M,-,-12.91%,-59.85%,-21.27%,1.82,1.22,0.63,1.02,26.24%,8.73%,-10.58%,Aug 12/b,2.95,-1.01%,"256,763"
TTIIV,-,2.87%,-,-,-,-,-,-,-,-,-,-,-,30.65,1.13%,569
TTIL,50.05M,-,-14.13%,-25.33%,-15.58%,21.67,21.67,0.81,0.81,-,-,-,Aug 13/a,7.38,0.27%,"33,973"
TTILC,-,-,-,-,-,-,-,-,-,-,-,-,-,25.74,1.02%,"123,420"
TTILE,1.97B,0.35%,11.42%,23.23%,15.45%,2.53,1.35,0.39,0.43,39.40%,12.32%,10.10%,Aug 07/b,34.13,0.83%,"350,576"
TTILL,-,4.02%,-,-,-,-,-,-,-,-,-,-,-,20.60,-1.95%,"142,227"
TTILT,-,1.06%,-,-,-,-,-,-,-,-,-,-,-,281.46,0.78%,"6,539"
TTIMB,9.02B,11.12%,7.59%,17.29%,10.90%,0.85,0.82,0.55,0.66,51.25%,25.00%,15.72%,Jul 27/a,18.89,-1.51%,"520,658"
TTIME,-,0.68%,-,-,-,-,-,-,-,-,-,-,-,27.27,0.80%,"2,071"
TTINS,-,0.21%,-,-,-,-,-,-,-,-,-,-,-,29.18,0.99%,10
TTINT,-,1.16%,-,-,-,-,-,-,-,-,-,-,-,38.97,1.05%,89
TTINY,-,0.19%,-,-,-,-,-,-,-,-,-,-,-,74.61,0.58%,336
TTIP,-,5.03%,-,-,-,-,-,-,-,-,-,-,-,105.84,-0.46%,"2,662,033"
TTIPA,-,4.41%,-,-,-,-,-,-,-,-,-,-,-,98.43,-0.25%,344
TTIPB,-,5.42%,-,-,-,-,-,-,-,-,-,-,-,96.72,-0.37%,24
TTIPC,-,6.45%,-,-,-,-,-,-,-,-,-,-,-,94.89,-0.47%,926
TTIPD,-,7.83%,-,-,-,-,-,-,-,-,-,-,-,93.15,-0.50%,14
TTIPE,-,-,-,-,-,-,-,-,-,-,-,-,-,99.07,-0.36%,8
TTIPF,-,-,-,-,-,-,-,-,-,-,-,-,-,98.44,-0.43%,"2,459"
TTIPG,-,-,-,-,-,-,-,-,-,-,-,-,-,97.88,-0.50%,16
TTIPH,-,-,-,-,-,-,-,-,-,-,-,-,-,97.63,-0.52%,10
TTIPT,662.87M,1.35%,-0.66%,-2.34%,-9.18%,5.07,-,0.01,0.01,-,4.96%,-15.51%,Jul 29/b,17.80,-0.28%,"125,647"
TTIPX,-,5.71%,-,-,-,-,-,-,-,-,-,-,-,18.42,-0.49%,"131,663"
TTIPZ,-,6.38%,-,-,-,-,-,-,-,-,-,-,-,50.51,-0.43%,"13,555"
TTISC,-,-,-,-,-,-,-,-,-,-,-,-,-,24.09,1.20%,"3,573"
TTISI,118.52M,-,-6.37%,-336.96%,-9.19%,2.29,1.96,43.63,46.19,22.28%,1.14%,-4.78%,Aug 10/a,25.86,-2.49%,"29,186"
TTITN,546.43M,-,-3.24%,-9.72%,-7.20%,1.35,0.21,0.41,1.59,15.69%,-0.22%,-2.46%,Aug 27/b,23.22,-1.78%,"197,462"
TTJAN,-,-,-,-,-,-,-,-,-,-,-,-,-,28.55,0.12%,730
TTJGC,113.02M,-,-61.36%,-130.83%,-187.56%,1.08,1.08,1.04,2.61,21.53%,-73.82%,-81.88%,-,11.19,4.87%,"1,794,491"
TTJUL,-,-,-,-,-,-,-,-,-,-,-,-,-,30.60,0.16%,"12,519"
TTJUN,-,-,-,-,-,-,-,-,-,-,-,-,-,23.22,0.70%,954
TTJX,138.62B,1.47%,17.33%,62.17%,27.26%,1.15,0.56,1.09,1.34,31.87%,12.45%,9.73%,Aug 19/b,126.02,-0.32%,"5,933,721"
TTK,1.26B,-,7.41%,25.64%,23.24%,10.36,10.10,0.03,0.05,-,47.50%,15.78%,Jul 29/a,14.38,1.99%,"627,071"
TTKC,4.68B,4.02%,3.53%,7.43%,4.35%,1.49,1.48,0.57,0.69,27.33%,15.36%,7.22%,Aug 13/a,5.37,1.90%,"1,373,062"
TTKLF,7.32M,6.94%,0.36%,1.69%,1.16%,1.30,1.22,0.49,1.83,7.53%,0.87%,0.19%,-,1.73,0.29%,"1,346"
TTKNO,360.25M,-,-16.25%,-24.19%,-19.04%,4.49,3.48,0.41,0.44,31.97%,-35.08%,-38.37%,Aug 05/a,6.71,-2.89%,"100,062"
TTKNQ,-,-,-,-,-,-,-,-,-,-,-,-,-,25.14,0.73%,"5,581"
TTKNS,-,-,-,-,-,-,-,-,-,-,-,-,-,26.46,1.13%,270
TTKNZ,-,-,-,-,-,-,-,-,-,-,-,-,-,30.59,1.22%,"3,910"
TTKO,36.02B,0.82%,1.45%,5.99%,2.78%,1.22,1.20,1.43,1.46,49.51%,21.93%,4.33%,Aug 03/a,190.31,0.35%,"834,129"
TTKR,8.27B,1.20%,3.79%,8.23%,4.86%,3.10,1.74,0.67,0.69,31.14%,15.03%,5.43%,Aug 04/b,119.40,1.05%,"1,414,725"
TTKVA,-,-,-,-,-,5.85,5.85,-,-,-,-,-,-,-,-,0
TTLA,-,11.36%,-,-,-,-,-,-,-,-,-,-,-,24.34,0.37%,376
TTLACU,104.10M,-,-,-,-,0.00,0.00,0.00,0.02,-,-,-,-,10.01,0.10%,163
TTLCI,-,0.58%,-,-,-,-,-,-,-,-,-,-,-,26.88,0.50%,"1,683"
TTLDR,-,2.17%,-,-,-,-,-,-,-,-,-,-,-,25.02,0.04%,"45,690"
TTLF,21.46M,-,-2.09%,-3.17%,-2.31%,4.55,0.76,0.52,0.60,50.71%,-0.49%,-2.14%,Aug 11/a,2.62,0.77%,"4,490"
TTLG,-,-,-,-,-,-,-,-,-,-,-,-,-,27.43,1.67%,"5,869"
TTLH,-,4.69%,-,-,-,-,-,-,-,-,-,-,-,95.01,-0.03%,"1,346,213"
TTLIH,16.91M,-,7.63%,48.83%,22.71%,0.87,0.56,0.45,1.86,22.67%,9.90%,7.35%,-,5.75,-0.78%,831
TTLK,14.73B,7.86%,5.90%,14.00%,11.22%,0.78,0.77,0.39,0.68,30.72%,23.86%,11.61%,Aug 05,14.94,-0.33%,"514,001"
TTLN,14.98B,-,-1.77%,-12.93%,-1.66%,0.78,0.55,5.91,5.92,61.66%,31.09%,-3.95%,Aug 05/a,312.74,0.39%,"351,893"
TTLNC,348.28M,-,4.59%,4.80%,2.40%,3.40,3.40,0.00,0.00,-,-,-,-,10.25,-0.19%,"810,884"
TTLPH,64.36M,-,-69.60%,-143.36%,-72.12%,4.29,4.29,0.45,0.45,-,-,-,Aug 12/a,1.24,0.00%,"151,336"
TTLRY,547.54M,-,-5.43%,-7.77%,-6.15%,2.21,1.37,0.22,0.25,26.31%,-6.04%,-13.26%,Jul 28/a,4.02,-2.90%,"3,995,750"
TTLS,295.21M,-,-10.33%,-14.86%,-16.06%,2.04,1.92,0.05,0.07,36.66%,-1.96%,-8.13%,Aug 10/b,3.95,-15.60%,"1,317,106"
TTLSA,123.18M,-,-161.82%,-924.32%,-6444.41%,0.76,0.76,4.60,9.20,-,-,-,Jun 18,0.96,-0.41%,"277,705"
TTLSI,287.25M,-,-54.38%,-,-69.26%,5.35,4.97,5.22,5.26,85.79%,-67.68%,-130.17%,Aug 06/a,4.66,-0.74%,"100,262"
TTLT,-,4.81%,-,-,-,-,-,-,-,-,-,-,-,80.87,0.11%,"32,431,033"
TTLTD,-,3.21%,-,-,-,-,-,-,-,-,-,-,-,104.15,1.23%,"4,840"
TTLTE,-,3.19%,-,-,-,-,-,-,-,-,-,-,-,78.18,1.12%,"2,982"
TTLTI,-,6.47%,-,-,-,-,-,-,-,-,-,-,-,42.77,0.14%,"2,768"
TTLTP,-,14.01%,-,-,-,-,-,-,-,-,-,-,-,19.62,0.02%,"14,005"
TTLTW,-,10.75%,-,-,-,-,-,-,-,-,-,-,-,20.87,0.10%,"1,094,173"
TTLTX,-,19.39%,-,-,-,-,-,-,-,-,-,-,-,21.03,-0.07%,"7,750"
TTLX,3.84B,-,2.63%,7.39%,3.20%,2.01,1.85,1.16,1.19,52.13%,-0.81%,3.76%,Aug 19/a,11.29,-5.13%,"415,338"
TTLYS,140.70M,-,0.57%,2.32%,0.95%,1.16,0.59,1.39,1.95,32.29%,-8.73%,0.34%,Sep 02/a,4.60,7.23%,"607,480"
TTM,234.70B,3.31%,4.53%,12.09%,7.43%,1.17,1.00,0.70,1.18,16.74%,7.05%,8.61%,Aug 04/b,198.20,2.97%,"392,582"
TTMAR,-,-,-,-,-,-,-,-,-,-,-,-,-,26.89,0.49%,"5,864"
TTMAT,-,0.02%,-,-,-,-,-,-,-,-,-,-,-,28.03,1.01%,"10,957"
TTMB,-,4.34%,-,-,-,-,-,-,-,-,-,-,-,24.93,-0.16%,"53,180"
TTMC,1.74B,-,-172.41%,-1123.19%,-259.98%,1.93,1.93,-,-,-,-,-,Aug 13/a,3.93,-1.87%,"3,538,705"
TTMCI,293.31M,-,-30.72%,-71.99%,-43.48%,2.90,1.95,1.02,1.08,79.45%,-26.17%,-28.99%,Aug 07/b,4.51,3.68%,"147,536"
TTMCR,356.23M,-,-,-,-9.71%,1.67,1.67,0.35,0.35,-,-,-,Sep 02,5.65,4.44%,"71,207"
TTMDE,17.65M,-,-2.90%,-17.10%,-22.99%,0.85,0.77,0.04,7.27,1.55%,0.64%,-0.54%,-,0.75,-3.19%,"139,684"
TTMDV,-,2.52%,-,-,-,-,-,-,-,-,-,-,-,51.56,0.13%,29
TTMDX,2.85B,-,12.88%,36.28%,11.14%,6.62,6.07,1.63,1.67,57.75%,12.21%,22.69%,Aug 04/a,82.18,-3.36%,"1,247,318"
TTME,4.77B,2.21%,7.91%,10.98%,9.73%,1.74,1.74,0.14,0.22,44.32%,29.40%,26.30%,Aug 11/b,7.98,1.01%,"3,767,995"
TTMED,-,0.48%,-,-,-,-,-,-,-,-,-,-,-,33.80,-0.26%,"18,426"
TTMF,-,4.95%,-,-,-,-,-,-,-,-,-,-,-,29.31,0.03%,"5,396,149"
TTMFC,-,0.11%,-,-,-,-,-,-,-,-,-,-,-,79.18,0.92%,"38,907"
TTMFE,-,0.18%,-,-,-,-,-,-,-,-,-,-,-,30.18,0.77%,"1,784"
TTMFG,-,0.26%,-,-,-,-,-,-,-,-,-,-,-,30.93,1.20%,"9,676"
TTMFM,-,-,-,-,-,-,-,-,-,-,-,-,-,21.42,0.07%,"5,290"
TTMFS,-,-,-,-,-,-,-,-,-,-,-,-,-,34.62,1.41%,"1,307"
TTMFX,-,0.05%,-,-,-,-,-,-,-,-,-,-,-,23.58,0.69%,"6,131"
TTMGN,-,1.67%,-,-,-,-,-,-,-,-,-,-,-,25.02,1.21%,"25,705"
TTMH,-,15.77%,-,-,-,-,-,-,-,-,-,-,-,50.75,2.76%,517
TTMLP,-,3.53%,-,-,-,-,-,-,-,-,-,-,-,30.77,-0.21%,352
TTMNL,-,3.30%,-,-,-,-,-,-,-,-,-,-,-,48.55,0.87%,731
TTMNS,-,2.58%,-,-,-,-,-,-,-,-,-,-,-,49.36,0.12%,"1,222"
TTMO,225.48B,0.30%,6.50%,13.51%,7.59%,1.55,1.18,0.74,0.81,40.19%,19.09%,15.04%,Jul 23/b,609.82,1.10%,"1,786,984"
TTMP,1.42B,2.78%,2.04%,20.36%,11.64%,0.09,-,0.57,0.76,-,14.12%,44.53%,Jul 24/b,98.83,0.54%,"76,993"
TTMQ,564.89M,-,-35.33%,-40.54%,-42.98%,1.11,1.11,0.00,0.00,-,-,-,Jul 08/b,3.27,-1.21%,"1,329,095"
TTMS,541.77M,-,-0.77%,-1.99%,-1.23%,0.73,0.53,1.47,3.47,39.41%,0.41%,-2.21%,Aug 14/b,7.36,5.98%,"103,563"
TTMSF,-,4.22%,-,-,-,-,-,-,-,-,-,-,-,49.65,-0.27%,"2,549"
TTMSL,-,0.48%,-,-,-,-,-,-,-,-,-,-,-,41.90,0.79%,"368,043"
TTMTS,308.51M,-,-,-,-,10.29,10.29,0.00,0.00,-,-,-,-,10.06,-0.10%,"87,964"
TTMUS,195.58B,2.27%,4.96%,17.99%,6.41%,0.92,0.83,1.93,2.12,46.59%,21.17%,11.45%,Jul 23/b,182.33,2.92%,"3,675,243"
TTMV,-,2.15%,-,-,-,-,-,-,-,-,-,-,-,44.65,-0.09%,"1,114,562"
TTMVE,-,0.10%,-,-,-,-,-,-,-,-,-,-,-,17.65,0.77%,"2,424"
TTMYY,-,29.32%,-,-,-,-,-,-,-,-,-,-,-,22.38,-0.37%,349
TTNA,-,0.32%,-,-,-,-,-,-,-,-,-,-,-,64.81,1.08%,"3,035,640"
TTNC,1.17B,1.80%,1.46%,3.09%,1.98%,2.04,1.37,0.73,0.73,38.77%,3.81%,1.50%,Aug 05/a,68.74,-0.38%,"128,740"
TTNDM,1.19B,-,-6.24%,-48.03%,-7.45%,3.18,2.65,5.51,5.67,55.99%,-4.17%,-6.08%,Aug 06/a,17.11,-6.55%,"1,789,050"
TTNET,3.03B,1.73%,4.98%,150.86%,16.43%,1.13,1.13,7.52,7.60,17.71%,6.61%,3.58%,Jul 30/b,66.01,-0.30%,"330,629"
TTNGX,4.01B,-,-18.86%,-21.34%,-11.74%,50.82,50.82,0.03,0.03,96.43%,-253.38%,-229.92%,Aug 11/b,23.78,1.75%,"2,279,286"
TTNGY,-,4.06%,-,-,-,-,-,-,-,-,-,-,-,11.53,0.47%,"42,627"
TTNK,3.50B,2.24%,25.45%,28.04%,24.80%,9.99,9.73,0.00,0.01,42.92%,38.75%,51.35%,Jul 29/a,100.83,2.63%,"767,196"
TTNL,4.08B,3.63%,3.47%,-,5.74%,6.47,4.83,-,-,30.14%,17.59%,5.81%,Jul 22/b,66.74,2.11%,"718,251"
TTNMG,2.56M,-,-62.37%,-238.76%,-574.99%,0.50,0.50,7.42,17.92,31.05%,-23.04%,-98.96%,May 12/b,3.36,-4.00%,"21,595"
TTNON,6.12M,-,-130.22%,-551.19%,-,0.58,0.48,-,-,66.81%,-228.03%,-257.85%,Aug 13/a,5.93,11.89%,"108,576,296"
TTNUK,-,-,-,-,-,-,-,-,-,-,-,-,-,23.62,-0.68%,"1,334"
TTNXP,203.58M,-,-72.34%,-81.82%,-71.50%,6.61,6.46,0.00,0.01,76.53%,-568.43%,-548.64%,Aug 10/b,11.87,-3.34%,"513,434"
TTNXT,-,-,-,-,-,-,-,-,-,-,-,-,-,28.28,0.72%,339
TTNYA,143.51M,-,-95.61%,-121.86%,-146.31%,4.52,4.52,0.02,0.06,-435.73%,-6192.88%,-7723.97%,Aug 05/a,0.64,-1.36%,"1,375,182"
TTOAK,-,-,-,-,-,-,-,-,-,-,-,-,-,29.05,0.02%,"16,498"
TTOAO,-,-,-,-,-,-,-,-,-,-,-,-,-,27.21,0.78%,6
TTOCT,-,-,-,-,-,-,-,-,-,-,-,-,-,27.29,0.13%,113
TTOGA,-,-,-,-,-,-,-,-,-,-,-,-,-,30.32,1.30%,326
TTOK,-,1.29%,-,-,-,-,-,-,-,-,-,-,-,153.57,0.75%,703
TTOL,12.43B,0.76%,8.24%,14.42%,10.61%,3.77,0.32,0.32,0.34,24.34%,14.43%,11.14%,Aug 18/a,134.92,1.84%,"864,638"
TTOLL,-,0.25%,-,-,-,-,-,-,-,-,-,-,-,40.36,0.91%,"5,252"
TTOLZ,-,3.07%,-,-,-,-,-,-,-,-,-,-,-,57.75,-0.13%,"4,853"
TTOMZ,13.19M,-,-40.92%,-168.84%,-73.84%,1.49,0.67,2.27,2.37,49.48%,-40.95%,-49.77%,Aug 14/b,1.62,-0.61%,"4,467"
TTONT,154.13M,-,3.10%,3.33%,6.56%,0.01,0.01,0.00,0.00,-,-,-,-,10.88,0.00%,156
TTONX,167.42M,-,-70.71%,-72.24%,-38.08%,6.39,6.39,0.00,0.00,80.75%,-104.95%,-516.22%,Aug 11/b,3.04,1.33%,"111,746"
TTOON,37.70M,-,10.67%,21.74%,15.59%,2.00,2.00,0.07,0.34,-1746.54%,-3056.45%,619.82%,Aug 14/b,0.61,-0.66%,"256,292"
TTOP,1.81B,-,-1.76%,-3.40%,-3.07%,2.69,2.69,0.04,0.06,70.75%,-14.34%,-24.79%,-,14.63,-2.07%,"75,800"
TTOPC,-,1.03%,-,-,-,-,-,-,-,-,-,-,-,34.75,0.66%,"6,346"
TTOPP,3.95M,-,-47.75%,-58.59%,-50.73%,5.65,5.65,0.04,0.11,-1.40%,-40.60%,-35.65%,Aug 12/a,0.16,4.58%,"4,244,500"
TTOPS,5.38M,-,0.82%,2.64%,1.05%,0.61,0.59,2.30,2.43,58.76%,32.68%,3.84%,-,0.72,-0.28%,"52,407"
TTOPT,-,0.37%,-,-,-,-,-,-,-,-,-,-,-,34.06,0.83%,"256,521"
TTOPW,-,49.94%,-,-,-,-,-,-,-,-,-,-,-,33.51,1.06%,"29,132"
TTORO,230.86M,-,1.48%,1.50%,1.53%,22.23,22.23,0.00,0.00,29.40%,-21.02%,1.50%,-,6.68,-1.47%,"39,369"
TTOS,-,-,-,-,-,-,-,-,-,-,-,-,-,30.32,0.42%,114
TTOST,18.66B,-,16.34%,25.16%,23.77%,2.30,2.11,0.00,0.00,26.68%,6.39%,7.14%,Aug 04/a,32.12,0.56%,"6,699,897"
TTOT,-,-,-,-,-,-,-,-,-,-,-,-,-,24.04,0.86%,62
TTOTL,-,5.44%,-,-,-,-,-,-,-,-,-,-,-,38.12,-0.13%,"340,854"
TTOTR,-,5.42%,-,-,-,-,-,-,-,-,-,-,-,38.98,-0.01%,"21,441"
TTOUR,49.52M,23.42%,1.34%,2.26%,2.33%,1.94,1.94,0.00,0.00,55.21%,0.65%,3.73%,Aug 25/b,5.11,0.00%,543
TTOUS,-,1.53%,-,-,-,-,-,-,-,-,-,-,-,39.27,0.95%,"143,470"
TTOV,-,0.83%,-,-,-,-,-,-,-,-,-,-,-,32.25,0.88%,"1,326"
TTOVX,11.36M,-,-32.87%,-101.87%,-76.53%,1.13,1.13,0.25,0.29,65.67%,-4224.33%,-4376.00%,Aug 11/b,0.25,2.02%,"344,423"
TTOWN,3.41B,4.88%,1.54%,12.01%,9.22%,0.12,-,0.14,0.17,-,36.59%,22.15%,Jul 23/b,37.00,-0.24%,"340,732"
TTOXR,-,-,-,-,-,-,-,-,-,-,-,-,-,13.29,0.99%,"3,046"
TTOYO,187.96M,-,11.54%,46.52%,16.27%,1.12,0.58,0.16,0.30,22.54%,13.81%,9.28%,Aug 19/b,4.40,0.46%,"325,967"
TTP,109.27M,-,-,-,-,1.10,1.10,1.65,1.84,-,-,-,Sep 02,8.55,-3.82%,"19,365"
TTPAY,-,5.53%,-,-,-,-,-,-,-,-,-,-,-,53.41,0.70%,"1,707"
TTPB,1.43B,0.45%,6.14%,13.74%,6.06%,5.67,3.78,0.71,0.72,59.16%,16.90%,8.78%,Aug 04/b,71.51,-0.61%,"173,762"
TTPC,4.69B,0.34%,2.42%,10.11%,7.23%,1.29,1.29,0.35,0.37,11.48%,4.49%,2.08%,Aug 05/a,89.13,3.36%,"389,763"
TTPCS,58.28M,-,-3.85%,-15.42%,-11.83%,1.00,0.81,0.35,1.10,16.02%,-1.95%,-3.66%,Aug 13/a,5.77,1.94%,"21,748"
TTPEI,-,-,-,-,-,-,-,-,-,-,-,-,-,41.34,-5.59%,8
TTPET,10.01M,-,-27.75%,-29.50%,-19.37%,20.55,20.55,0.00,0.00,4.74%,-802.48%,-830.23%,-,1.88,-6.93%,"1,101,209"
TTPFC,-,0.25%,-,-,-,-,-,-,-,-,-,-,-,28.31,0.81%,285
TTPFG,-,-,-,-,-,-,-,-,-,-,-,-,-,25.66,1.30%,"1,962"
TTPFI,-,1.41%,-,-,-,-,-,-,-,-,-,-,-,24.24,-0.08%,"5,109"
TTPG,18.34B,5.00%,1.38%,16.14%,4.25%,1.33,1.33,2.43,2.42,96.72%,15.36%,3.56%,Aug 04/b,47.69,1.62%,"3,136,402"
TTPHD,-,1.97%,-,-,-,-,-,-,-,-,-,-,-,42.55,0.47%,"14,480"
TTPIF,-,2.64%,-,-,-,-,-,-,-,-,-,-,-,38.37,0.97%,"22,602"
TTPL,25.46B,0.65%,33.17%,36.57%,32.08%,4.55,4.55,0.01,0.01,85.81%,74.92%,60.32%,Aug 05/a,369.10,0.82%,"270,993"
TTPLC,-,0.84%,-,-,-,-,-,-,-,-,-,-,-,49.56,0.88%,"18,664"
TTPLS,-,4.91%,-,-,-,-,-,-,-,-,-,-,-,24.49,0.05%,"1,175"
TTPLX,-,-,-,-,-,-,-,-,-,-,-,-,-,23.24,1.28%,13
TTPOR,-,0.65%,-,-,-,-,-,-,-,-,-,-,-,34.65,0.35%,"7,068"
TTPR,23.63B,1.53%,23.02%,197.14%,35.22%,1.75,1.25,5.27,5.71,74.91%,23.98%,19.09%,Aug 13/b,118.49,2.26%,"2,334,569"
TTPRY,-,7.75%,-,-,-,-,-,-,-,-,-,-,-,18.78,1.00%,"1,288"
TTPSC,-,1.13%,-,-,-,-,-,-,-,-,-,-,-,46.71,0.42%,"10,800"
TTPST,12.97M,-,-237.25%,-931.14%,-780.86%,0.38,0.38,-,-,-,-,-,Aug 13/a,0.81,1.13%,"783,632"
TTPUT,-,1.40%,-,-,-,-,-,-,-,-,-,-,-,25.19,0.22%,299
TTPVG,210.06M,18.99%,5.03%,11.45%,5.04%,4.12,4.12,1.26,1.26,84.22%,65.28%,37.61%,Aug 05/a,5.16,0.39%,"203,667"
TTPYP,-,3.21%,-,-,-,-,-,-,-,-,-,-,-,42.73,-0.43%,"54,427"
TTPZ,-,3.16%,-,-,-,-,-,-,-,-,-,-,-,21.49,0.17%,"4,659"
TTQQQ,-,0.53%,-,-,-,-,-,-,-,-,-,-,-,70.98,2.56%,"49,070,107"
TTQQY,-,52.36%,-,-,-,-,-,-,-,-,-,-,-,12.22,0.16%,"16,013"
TTR,2.92B,0.90%,7.79%,10.35%,9.98%,2.89,1.86,0.00,0.01,34.73%,12.12%,12.99%,-,38.89,1.38%,"116,478"
TTRAD,146.74M,-,-,-,-,0.33,0.33,0.00,0.00,-,-,-,-,10.02,0.00%,5
TTRAK,145.39M,1.00%,12.99%,14.66%,14.40%,4.89,4.89,0.00,0.01,81.59%,32.16%,30.15%,May 14/a,8.00,1.39%,"68,292"
TTRAW,8.67M,-,-159.21%,-433.36%,-1275.34%,0.93,0.93,0.00,0.00,-,-,-,Aug 14/a,0.56,6.17%,"84,469"
TTRAX,1.30B,-,-,-,-,14.28,14.28,0.01,0.03,-,-,-,Aug 12/a,36.44,-4.05%,"619,974"
TTRBF,-,4.43%,-,-,-,-,-,-,-,-,-,-,-,47.87,-0.33%,"4,634"
TTRBG,101.28M,-,-543.03%,-,-,0.65,0.65,-,-,-,-,-,-,4.33,-3.13%,"58,631"
TTRC,438.02M,-,0.96%,1.27%,1.05%,2.92,2.06,0.20,0.20,16.08%,-0.91%,10.62%,Aug 06/b,16.21,0.56%,"121,974"
TTRDA,264.77M,-,-44.35%,-54.09%,-59.74%,10.89,10.89,0.19,0.21,21.23%,-3767.07%,-3537.73%,Aug 05/b,6.80,5.92%,"291,808"
TTREE,376.54M,-,20.79%,82.78%,24.25%,1.85,1.85,1.34,1.36,94.71%,8.55%,14.32%,Jul 29/a,26.82,-0.26%,"298,649"
TTREO,-,-,-,-,-,-,-,-,-,-,-,-,-,5.27,7.55%,"38,988"
TTREX,4.58B,-,11.21%,17.74%,16.92%,1.06,0.64,0.04,0.30,38.20%,20.17%,14.68%,Aug 04/b,44.95,2.93%,"1,630,136"
TTRFK,-,0.02%,-,-,-,-,-,-,-,-,-,-,-,96.42,1.25%,"90,725"
TTRFM,-,0.14%,-,-,-,-,-,-,-,-,-,-,-,58.32,1.16%,"11,017"
TTRGP,62.24B,1.72%,8.67%,72.23%,9.95%,0.77,0.68,5.20,5.35,26.97%,24.78%,13.15%,Aug 06/b,290.25,-0.57%,"843,077"
TTRGS,260.15M,-,-,-,-,10.57,10.57,0.00,0.00,-,-,-,-,9.96,-0.10%,30
TTRI,42.17B,2.63%,9.33%,14.17%,13.16%,0.51,0.51,0.14,0.29,26.85%,26.85%,21.17%,Aug 05/b,97.35,1.71%,"1,120,941"
TTRIB,4.95M,-,-35.91%,-,-,0.25,0.12,-,-,32.95%,-23.88%,-70.10%,-,7.74,-0.64%,"12,095"
TTRIN,1.70B,11.38%,5.83%,12.91%,5.10%,1.28,1.28,1.19,1.19,100.00%,85.33%,51.30%,Aug 05/b,17.93,0.62%,"966,315"
TTRIO,-,-,-,-,-,-,-,-,-,-,-,-,-,65.87,0.50%,269
TTRIP,1.07B,-,0.20%,0.84%,0.33%,1.56,1.56,1.32,1.35,58.64%,4.95%,0.28%,Aug 06/b,9.09,3.00%,"8,753,905"
TTRLV,2.18B,-,-18.72%,-46.96%,-35.90%,5.94,3.98,0.72,0.75,49.43%,13.75%,-41.55%,Aug 07/b,11.31,-0.09%,"1,505,562"
TTRMB,13.45B,-,-1.19%,-1.94%,-1.60%,0.95,0.82,0.28,0.29,66.92%,18.67%,-2.77%,Aug 12/b,57.66,1.44%,"1,735,370"
TTRMD,3.59B,16.39%,17.32%,26.84%,18.44%,2.27,1.97,0.33,0.42,45.34%,39.06%,35.52%,Aug 26/b,35.08,1.39%,"1,359,617"
TTRMK,2.73B,2.13%,1.24%,11.12%,9.19%,0.06,-,0.19,0.36,-,24.51%,20.71%,Jul 28/a,46.98,-0.99%,"485,852"
TTRN,2.27B,4.39%,4.09%,32.39%,5.33%,2.09,1.12,4.57,4.57,25.80%,15.19%,16.62%,Jul 30/b,28.50,0.49%,"667,080"
TTRND,-,2.11%,-,-,-,-,-,-,-,-,-,-,-,36.97,0.89%,"6,502"
TTRNO,7.11B,3.34%,7.23%,9.24%,7.11%,0.35,0.35,0.23,0.24,51.26%,41.39%,76.92%,Aug 05/a,65.27,0.38%,"462,363"
TTRNR,4.92M,-,-46.28%,-336.77%,-949.80%,0.21,0.10,0.04,6.47,19.99%,-69.85%,-159.26%,Aug 14/b,3.04,-0.65%,"3,722"
TTRNS,789.13M,-,0.78%,1.16%,0.78%,2.49,2.11,0.46,0.47,32.50%,4.43%,0.99%,Aug 04/a,84.31,2.37%,"98,080"
TTRON,735.29M,-,3.73%,3.77%,2.71%,27.40,26.79,0.00,0.00,24.65%,-44.62%,135.61%,-,1.55,0.65%,"1,015,753"
TTROO,255.31M,-,-37.65%,-47.59%,-56.92%,0.92,0.92,0.00,0.00,9.15%,-97.60%,-163.23%,-,2.09,-0.95%,"290,513"
TTROW,22.67B,4.86%,14.59%,20.10%,18.60%,2.41,2.41,0.06,0.06,79.54%,36.93%,28.55%,Jul 31/b,106.29,-1.17%,"1,520,454"
TTROX,705.87M,2.27%,-9.05%,-39.12%,-12.36%,2.55,0.81,2.82,2.99,5.24%,-3.41%,-17.99%,Aug 05/a,4.42,-3.70%,"2,077,561"
TTRP,60.88B,4.12%,3.16%,13.76%,4.32%,0.61,0.54,2.08,2.30,51.61%,46.25%,21.64%,Jul 30/b,60.88,-1.66%,"4,593,249"
TTRPA,-,4.99%,-,-,-,-,-,-,-,-,-,-,-,39.00,0.16%,"13,832"
TTRS,1.38B,0.42%,5.29%,9.05%,48.35%,5.44,5.03,0.30,0.30,21.68%,5.70%,117.92%,Jul 30/b,38.34,0.31%,"291,938"
TTRSG,24.94M,-,-0.09%,-0.16%,-0.14%,1.94,1.59,0.10,0.16,45.88%,-1.61%,-0.18%,-,1.52,5.90%,813
TTRST,995.27M,2.63%,1.01%,9.65%,9.45%,0.16,-,0.05,0.22,-,28.38%,22.78%,Jul 21/a,58.45,0.05%,"150,951"
TTRSY,-,3.51%,-,-,-,-,-,-,-,-,-,-,-,30.15,0.02%,"22,872"
TTRT,104.01M,-,0.70%,0.89%,0.95%,3.38,3.13,0.07,0.10,17.60%,0.90%,0.60%,-,10.10,0.70%,"88,845"
TTRTX,569.63M,12.94%,1.27%,5.22%,1.29%,1.22,0.36,3.15,3.36,85.18%,75.75%,12.66%,Jul 28/a,7.42,-0.80%,"712,063"
TTRTY,-,2.77%,-,-,-,-,-,-,-,-,-,-,-,32.22,0.11%,"46,671"
TTRU,14.89B,0.65%,6.33%,15.77%,7.19%,1.90,1.90,1.12,1.17,46.35%,14.92%,15.08%,Jul 28/b,77.70,0.97%,"1,651,791"
TTRUC,-,0.22%,-,-,-,-,-,-,-,-,-,-,-,25.60,1.19%,"5,608"
TTRUD,-,0.49%,-,-,-,-,-,-,-,-,-,-,-,25.43,1.22%,"29,005"
TTRUF,-,0.36%,-,-,-,-,-,-,-,-,-,-,-,29.85,0.66%,16
TTRUG,3.00M,-,-52.56%,-349.27%,-321.23%,0.84,0.74,0.68,2.43,34.82%,-13.16%,-55.68%,Aug 26,0.65,76.14%,"434,803,294"
TTRUH,-,0.29%,-,-,-,-,-,-,-,-,-,-,-,28.87,-0.15%,262
TTRUI,-,-,-,-,-,-,-,-,-,-,-,-,-,24.67,1.12%,40
TTRUM,-,-,-,-,-,-,-,-,-,-,-,-,-,25.17,0.53%,444
TTRUN,-,-,-,-,-,-,-,-,-,-,-,-,-,30.67,0.31%,121
TTRUO,-,-,-,-,-,-,-,-,-,-,-,-,-,25.18,0.55%,69
TTRUP,1.09B,-,2.61%,6.07%,4.58%,1.77,-,0.24,0.26,-,1.66%,1.53%,Aug 05/a,24.89,-0.44%,"356,095"
TTRUR,-,-,-,-,-,-,-,-,-,-,-,-,-,24.58,0.87%,8
TTRUT,-,0.29%,-,-,-,-,-,-,-,-,-,-,-,32.26,1.20%,"103,538"
TTRUU,-,-,-,-,-,-,-,-,-,-,-,-,-,23.18,-0.39%,55
TTRV,78.26B,1.29%,6.31%,26.51%,19.73%,0.34,-,0.27,0.27,-,22.03%,16.83%,Jul 17/b,375.20,2.08%,"1,620,941"
TTRVG,129.60M,-,3.68%,6.75%,5.62%,1.65,1.65,0.16,0.17,94.51%,0.95%,2.19%,Aug 04/a,5.62,-0.53%,"58,220"
TTRVI,2.27B,-,-18.97%,-19.66%,-15.88%,37.28,37.28,0.00,0.00,-,-,-,Aug 06/a,15.90,-0.06%,"2,016,067"
TTRX,371.00M,-,-13.45%,-26.92%,-20.97%,2.19,1.44,0.04,0.06,58.07%,47.87%,-16.67%,Jul 16/b,1.13,1.80%,"1,850,935"
TTRXS,-,-,-,-,-,-,-,-,-,-,-,-,-,24.90,-0.78%,60
TTS,30.76B,3.90%,9.39%,11.40%,11.20%,4.07,2.39,0.01,0.03,33.18%,18.84%,15.89%,Aug 05/a,57.39,0.83%,"1,015,769"
TTSAT,757.20M,-,-5.53%,-70.58%,-26.68%,0.17,0.17,2.79,10.07,29.08%,0.76%,-102.62%,Aug 13/b,49.75,5.54%,"135,584"
TTSBK,361.34M,2.50%,1.57%,11.89%,11.36%,0.23,-,0.02,0.05,-,32.85%,26.48%,-,46.47,-0.17%,"23,918"
TTSCM,-,-,-,-,-,-,-,-,-,-,-,-,-,19.42,0.63%,765
TTSCO,17.20B,2.93%,8.91%,39.51%,11.63%,1.33,0.23,2.31,2.49,33.23%,8.91%,6.42%,Jul 23/b,33.01,-1.52%,"8,143,791"
TTSCV,-,0.24%,-,-,-,-,-,-,-,-,-,-,-,30.77,0.54%,"18,325"
TTSCZ,-,-,-,-,-,-,-,-,-,-,-,-,-,49.83,-0.56%,38
TTSDD,-,8.43%,-,-,-,-,-,-,-,-,-,-,-,7.72,-1.15%,"5,848,536"
TTSEC,-,7.14%,-,-,-,-,-,-,-,-,-,-,-,25.39,-0.18%,"13,515"
TTSEG,-,-,-,-,-,-,-,-,-,-,-,-,-,6.30,3.20%,"17,609"
TTSEL,-,-,-,-,-,-,-,-,-,-,-,-,-,28.83,0.53%,"1,793"
TTSEM,23.86B,-,8.30%,9.88%,9.02%,4.91,4.31,0.04,0.05,26.87%,16.16%,16.94%,Aug 04/b,211.52,1.66%,"1,118,644"
TTSEP,-,-,-,-,-,-,-,-,-,-,-,-,-,26.88,0.10%,"1,143"
TTSES,-,1.11%,-,-,-,-,-,-,-,-,-,-,-,31.76,0.75%,733
TTSEU,-,-,-,-,-,-,-,-,-,-,-,-,-,13.51,3.22%,61
TTSHA,1.64B,-,-37.23%,-47.05%,-33.79%,17.76,17.76,0.14,0.15,78.65%,-2854.91%,-2728.04%,Aug 11/a,5.02,-2.71%,"1,777,541"
TTSI,276.52M,7.63%,-,-,-,-,-,-,-,-,-,-,-,4.34,0.00%,"45,354"
TTSIB,-,1.59%,-,-,-,-,-,-,-,-,-,-,-,28.91,0.85%,"1,185"
TTSIC,-,0.96%,-,-,-,-,-,-,-,-,-,-,-,24.50,0.53%,798
TTSII,-,88.92%,-,-,-,-,-,-,-,-,-,-,-,13.49,0.37%,"15,440"
TTSL,-,-,-,-,-,-,-,-,-,-,-,-,-,13.76,0.62%,"494,129"
TTSLA,1443.32B,-,2.75%,4.64%,3.79%,1.94,1.55,0.16,0.19,18.85%,4.61%,3.67%,Jul 22/a,365.44,0.52%,"30,153,019"
TTSLG,-,12.66%,-,-,-,-,-,-,-,-,-,-,-,4.82,1.05%,"47,457,465"
TTSLI,-,2.31%,-,-,-,-,-,-,-,-,-,-,-,18.11,1.03%,"6,415"
TTSLL,-,4.14%,-,-,-,-,-,-,-,-,-,-,-,9.71,0.94%,"50,549,125"
TTSLP,-,33.12%,-,-,-,-,-,-,-,-,-,-,-,14.97,0.30%,"5,391"
TTSLQ,-,10.42%,-,-,-,-,-,-,-,-,-,-,-,18.41,-1.02%,"4,733,806"
TTSLR,-,-,-,-,-,-,-,-,-,-,-,-,-,16.76,0.96%,"1,770,404"
TTSLS,-,2.81%,-,-,-,-,-,-,-,-,-,-,-,56.01,-0.44%,"167,517"
TTSLT,-,-,-,-,-,-,-,-,-,-,-,-,-,13.52,0.97%,"1,669,276"
TTSLW,-,80.15%,-,-,-,-,-,-,-,-,-,-,-,18.14,0.44%,"169,253"
TTSLX,1.71B,9.67%,2.56%,5.62%,2.81%,0.71,0.71,1.05,1.24,75.27%,55.55%,25.69%,Aug 04/a,17.89,0.62%,"241,759"
TTSLY,-,96.26%,-,-,-,-,-,-,-,-,-,-,-,22.40,0.31%,"395,798"
TTSLZ,-,0.70%,-,-,-,-,-,-,-,-,-,-,-,11.65,-1.02%,"1,505,437"
TTSM,2246.99B,0.96%,26.90%,40.06%,31.23%,2.46,2.25,0.14,0.17,63.08%,55.84%,50.31%,Jul 16/b,433.24,1.22%,"10,638,272"
TTSME,-,0.15%,-,-,-,-,-,-,-,-,-,-,-,46.97,1.82%,"82,290"
TTSMG,-,6.89%,-,-,-,-,-,-,-,-,-,-,-,39.58,2.27%,"20,525"
TTSMU,-,-,-,-,-,-,-,-,-,-,-,-,-,70.96,2.16%,"13,909"
TTSMX,-,1.27%,-,-,-,-,-,-,-,-,-,-,-,82.06,2.35%,"285,360"
TTSMY,-,53.93%,-,-,-,-,-,-,-,-,-,-,-,15.22,0.13%,"78,956"
TTSMZ,-,4.69%,-,-,-,-,-,-,-,-,-,-,-,7.65,-1.06%,"73,792"
TTSN,18.27B,3.98%,1.59%,3.15%,2.33%,1.43,0.55,0.36,0.44,6.21%,2.55%,1.03%,Aug 03/b,52.98,0.99%,"3,904,526"
TTSNF,-,-,-,-,-,-,-,-,-,-,-,-,-,30.54,1.09%,"1,515"
TTSOL,-,3.72%,-,-,-,-,-,-,-,-,-,-,-,9.94,2.40%,"8,853"
TTSPA,-,0.55%,-,-,-,-,-,-,-,-,-,-,-,48.21,0.86%,"209,928"
TTSPX,-,1.96%,-,-,-,-,-,-,-,-,-,-,-,30.40,0.73%,8
TTSPY,-,14.11%,-,-,-,-,-,-,-,-,-,-,-,25.28,0.88%,"86,696"
TTSQ,95.17M,15.33%,-9.67%,-,-13.01%,0.92,0.92,-,-,20.40%,12.45%,-11.83%,Aug 06/b,5.22,-0.76%,"41,101"
TTSRS,-,2.50%,-,-,-,-,-,-,-,-,-,-,-,26.13,-0.01%,312
TTSSD,-,0.09%,-,-,-,-,-,-,-,-,-,-,-,28.69,-0.48%,"1,227"
TTSSI,252.00M,-,9.13%,31.99%,12.74%,1.66,1.38,0.40,0.48,16.30%,4.86%,7.44%,Aug 13/a,8.93,0.11%,"842,011"
TTSUI,-,0.45%,-,-,-,-,-,-,-,-,-,-,-,14.59,-1.44%,"159,424"
TTSXD,-,5.98%,-,-,-,-,-,-,-,-,-,-,-,5.23,-3.06%,"18,829"
TTSXU,-,0.72%,-,-,-,-,-,-,-,-,-,-,-,56.66,1.38%,"163,401"
TTSYW,-,11.59%,-,-,-,-,-,-,-,-,-,-,-,40.19,0.17%,199
TTSYX,-,11.33%,-,-,-,-,-,-,-,-,-,-,-,23.05,0.79%,"11,608"
TTSYY,-,181.51%,-,-,-,-,-,-,-,-,-,-,-,20.32,-0.34%,"16,976"
TTT,97.36B,0.93%,13.36%,36.45%,23.50%,1.07,0.76,0.46,0.54,35.39%,18.14%,13.28%,Jul 30/b,442.52,0.61%,"873,563"
TTTAM,2.69B,0.65%,8.96%,17.44%,10.76%,2.08,1.17,0.51,0.53,25.47%,15.27%,10.35%,Jul 28/a,14.60,-0.54%,"293,575"
TTTAN,5.27B,-,-7.19%,-8.34%,-7.86%,4.44,4.44,0.02,0.03,68.78%,-12.60%,-12.12%,Sep 08/a,54.68,-2.37%,"5,556,122"
TTTC,8.78B,1.68%,10.30%,26.45%,15.17%,1.58,0.74,0.79,0.81,33.38%,11.31%,7.64%,Sep 03/b,92.72,0.00%,"832,274"
TTTD,6.74B,-,6.94%,15.44%,13.90%,1.72,1.72,0.14,0.17,76.87%,19.61%,13.61%,Aug 06/a,14.34,2.65%,"11,224,164"
TTTDU,-,-,-,-,-,-,-,-,-,-,-,-,-,14.18,5.11%,"65,542"
TTTE,204.38B,4.41%,5.88%,14.56%,10.02%,1.06,0.85,0.39,0.49,14.24%,14.24%,9.08%,Jul 23/b,91.89,0.72%,"1,214,649"
TTTEC,62.61M,-,-13.61%,-119.31%,-21.41%,1.87,1.87,12.51,12.93,17.24%,4.14%,-10.23%,Aug 10/a,1.27,0.00%,"197,282"
TTTEK,9.34B,0.70%,9.97%,24.26%,15.57%,1.18,1.18,0.51,0.55,18.78%,11.73%,8.60%,Jul 29/a,36.49,2.18%,"1,686,299"
TTTEQ,-,-,-,-,-,-,-,-,-,-,-,-,-,42.13,1.16%,"49,369"
TTTGT,279.93M,-,-18.34%,-30.42%,-28.11%,1.15,1.15,0.25,0.26,40.52%,-5.88%,-36.85%,Aug 06/a,3.87,1.71%,"193,300"
TTTI,1.01B,-,1.03%,2.12%,1.01%,2.46,1.76,0.50,0.55,23.73%,7.81%,0.97%,Aug 03/a,6.81,-0.15%,"1,427,507"
TTTMI,13.32B,-,5.92%,13.26%,7.83%,1.78,1.54,0.56,0.57,20.26%,9.96%,7.01%,Aug 05/a,126.44,3.35%,"1,355,560"
TTTMX,-,-,-,-,-,-,-,-,-,-,-,-,-,9.27,5.71%,"35,842"
TTTOP,-,-,-,-,-,-,-,-,-,-,-,-,-,18.52,0.85%,19
TTTRX,378.01M,-,-76.99%,-543.37%,-124.96%,1.19,1.19,8.80,8.87,-,-,-,Aug 12/a,12.69,-5.16%,"135,664"
TTTT,-,1.74%,-,-,-,-,-,-,-,-,-,-,-,79.31,-0.31%,"6,691"
TTTWO,40.29B,-,-3.42%,-9.04%,-5.48%,1.06,1.06,0.62,0.82,54.56%,-0.96%,-4.79%,Aug 07/b,215.47,-0.69%,"1,345,005"
TTTXD,-,3.89%,-,-,-,-,-,-,-,-,-,-,-,12.83,-1.03%,"13,920"
TTTXU,-,0.46%,-,-,-,-,-,-,-,-,-,-,-,34.57,1.11%,"12,138"
TTU,14.46B,9.75%,-1.57%,-6.46%,-2.37%,0.67,0.62,1.99,2.37,15.49%,15.49%,-4.53%,Jul 31/b,9.10,0.11%,"5,355,473"
TTUA,-,3.07%,-,-,-,-,-,-,-,-,-,-,-,19.55,-0.62%,"213,221"
TTUG,-,2.50%,-,-,-,-,-,-,-,-,-,-,-,46.28,0.97%,37
TTULP,16.24M,-,-2.80%,-20.74%,-3.26%,1.26,0.63,11.99,13.71,20.82%,-2.73%,-5.30%,-,3.36,-11.58%,225
TTUR,-,2.07%,-,-,-,-,-,-,-,-,-,-,-,40.44,0.37%,"81,777"
TTURB,12.67M,-,-5.96%,-54.18%,6.82%,0.96,0.63,1.29,4.36,6.02%,54.78%,0.80%,-,1.15,-6.50%,"122,143"
TTURF,-,1.21%,-,-,-,-,-,-,-,-,-,-,-,35.79,0.05%,"20,605"
TTUSB,-,4.23%,-,-,-,-,-,-,-,-,-,-,-,50.42,-0.05%,"19,500"
TTUSI,-,4.47%,-,-,-,-,-,-,-,-,-,-,-,25.28,-0.06%,"272,849"
TTUSK,149.20M,-,-5.89%,-7.97%,-8.25%,1.93,1.79,0.01,0.02,-1.92%,-27.82%,-30.14%,Aug 07/b,3.10,-0.32%,"55,935"
TTUYA,977.33M,6.11%,6.07%,6.76%,6.67%,8.74,8.23,0.01,0.01,47.24%,5.01%,20.16%,Aug 24/a,1.80,-1.10%,"258,605"
TTV,1.02B,0.53%,-3.79%,-8.74%,-4.60%,2.40,2.38,0.84,0.86,38.35%,10.58%,-15.28%,Jul 23/a,2.38,0.42%,"1,950,702"
TTVA,316.50M,-,1.68%,1.77%,1.74%,0.13,0.13,0.00,0.00,-,-,-,-,10.55,0.00%,"227,010"
TTVAI,282.84M,-,2.89%,3.02%,2.97%,0.22,0.22,0.00,0.00,-,-,-,-,10.40,0.00%,508
TTVAL,-,0.94%,-,-,-,-,-,-,-,-,-,-,-,43.08,0.89%,"164,666"
TTVGN,47.92M,-,-480.45%,-,-,0.33,0.33,-,-,-,-,-,-,7.36,0.96%,"72,674"
TTVIV,228.39M,-,-,-,-,0.13,0.13,0.00,0.00,-,-,-,-,9.93,-0.15%,8
TTVRD,24.94M,-,-85.08%,-126.19%,-310.13%,1.87,1.87,0.00,0.02,-,-,-,Aug 14/b,1.87,1.91%,"116,435"
TTVTX,6.24B,-,-9.99%,-236.35%,-10.65%,4.05,3.99,24.91,25.16,87.89%,-6.84%,-11.45%,Aug 04/a,66.17,-1.98%,"1,149,769"
TTW,23.74B,0.55%,11.00%,14.09%,13.22%,6.23,6.23,0.02,0.02,88.82%,43.61%,40.64%,Jul 30/b,101.44,-1.01%,"1,036,669"
TTWAV,4.69M,-,-67.25%,-79.68%,-121.47%,4.45,4.45,0.00,0.00,52.28%,-121.82%,-272.68%,-,1.21,1.68%,"21,058"
TTWFG,1.44B,-,2.43%,13.63%,16.82%,2.56,2.56,0.10,0.17,41.55%,17.92%,2.90%,Aug 05/a,26.69,-0.93%,"198,734"
TTWG,23.31M,-,6.16%,6.33%,3.88%,17.44,12.84,0.00,0.00,72.23%,32.31%,32.31%,-,0.37,-4.40%,"878,507"
TTWI,464.06M,-,-4.42%,-14.32%,-6.57%,2.11,1.15,1.33,1.43,14.03%,1.30%,-4.11%,Jul 30/b,7.19,-2.31%,"354,863"
TTWIN,356.79M,0.69%,9.13%,18.00%,13.08%,2.35,0.84,0.20,0.23,26.90%,4.67%,9.06%,Aug 20/b,24.54,0.82%,"50,977"
TTWLO,34.92B,-,11.11%,13.50%,11.47%,4.62,4.62,0.12,0.12,47.90%,5.93%,20.62%,Aug 06/a,227.35,-1.64%,"1,250,370"
TTWLV,236.02M,-,3.27%,3.41%,1.71%,3.04,3.04,0.00,0.00,-,-,-,-,10.07,0.00%,"150,011"
TTWM,-,5.21%,-,-,-,-,-,-,-,-,-,-,-,22.56,-0.75%,"703,753"
TTWN,592.29M,0.04%,-,-,-,-,-,-,-,-,-,-,-,103.15,2.78%,"24,841"
TTWOX,-,0.47%,-,-,-,-,-,-,-,-,-,-,-,30.09,1.12%,"1,387"
TTWSC,-,-,-,-,-,-,-,-,-,-,-,-,-,23.33,1.93%,13
TTWST,8.38B,-,-20.78%,-29.59%,-25.76%,2.67,2.38,0.19,0.21,51.97%,-31.91%,-31.66%,Aug 03/b,127.22,0.29%,"1,108,725"
TTX,11.37B,4.18%,2.87%,5.72%,4.74%,2.58,1.43,0.19,0.25,17.39%,7.81%,4.37%,Aug 04/a,57.90,0.50%,"314,390"
TTXBC,-,-,-,-,-,-,-,-,-,-,-,-,-,17.29,2.40%,"9,323"
TTXG,8.94B,-,-7.47%,-9.40%,-8.42%,5.69,5.25,0.08,0.10,70.58%,-14.12%,-12.18%,Aug 06/a,68.59,3.33%,"1,829,696"
TTXMD,25.00M,-,-0.78%,-1.08%,-0.69%,2.76,2.76,0.17,0.20,49.36%,-117.80%,-6.64%,Aug 11/a,2.16,2.86%,"28,412"
TTXN,245.39B,2.13%,16.99%,34.97%,19.47%,4.86,3.44,0.72,0.78,58.33%,38.07%,30.93%,Jul 22/a,268.70,3.82%,"5,257,487"
TTXNM,6.35B,2.90%,1.62%,5.82%,2.23%,0.56,0.39,1.47,1.67,39.56%,22.21%,8.77%,Jul 31/b,57.67,-0.33%,"1,119,593"
TTXNU,-,0.42%,-,-,-,-,-,-,-,-,-,-,-,40.95,7.45%,"23,481"
TTXO,856.09M,9.72%,-3.26%,-5.35%,-4.08%,1.05,1.05,0.42,0.42,32.69%,29.37%,-6.51%,Aug 04/b,15.44,0.98%,"177,455"
TTXRH,11.90B,1.65%,11.93%,27.46%,15.81%,0.46,0.39,0.68,0.70,12.12%,8.24%,6.63%,Aug 06/a,181.22,0.09%,"1,011,863"
TTXS,-,0.76%,-,-,-,-,-,-,-,-,-,-,-,42.17,0.81%,"4,688"
TTXT,13.93B,0.10%,5.33%,12.13%,7.90%,1.75,0.74,0.47,0.52,17.77%,6.71%,6.12%,Jul 28/b,81.00,2.27%,"1,752,163"
TTXUE,-,0.95%,-,-,-,-,-,-,-,-,-,-,-,35.76,1.03%,"59,684"
TTXUG,-,0.46%,-,-,-,-,-,-,-,-,-,-,-,27.07,1.08%,279
TTXXD,-,0.08%,-,-,-,-,-,-,-,-,-,-,-,39.87,1.23%,"9,262"
TTXXH,-,-,-,-,-,-,-,-,-,-,-,-,-,62.06,1.11%,"8,759"
TTXXI,-,3.56%,-,-,-,-,-,-,-,-,-,-,-,49.04,0.26%,"8,924"
TTXXS,-,0.27%,-,-,-,-,-,-,-,-,-,-,-,20.71,-3.38%,"8,402"
TTY,1.87B,3.13%,-,-,-,-,-,-,-,-,-,-,-,34.92,0.46%,"46,200"
TTYA,-,3.97%,-,-,-,-,-,-,-,-,-,-,-,11.58,-0.65%,"10,345"
TTYD,-,3.60%,-,-,-,-,-,-,-,-,-,-,-,21.36,-0.74%,"18,940"
TTYG,1.12B,12.41%,-,-,-,-,-,-,-,-,-,-,-,44.15,0.50%,"88,571"
TTYGO,78.31M,-,12.59%,43.06%,19.86%,3.04,1.90,0.12,0.15,42.43%,-2.79%,8.97%,Aug 04/a,1.02,-0.97%,"1,007,462"
TTYL,13.79B,-,5.78%,9.73%,7.24%,1.55,1.55,0.48,0.48,44.81%,15.14%,13.36%,Jul 29/a,336.67,0.35%,"521,207"
TTYLD,-,3.70%,-,-,-,-,-,-,-,-,-,-,-,25.48,0.04%,"3,526"
TTYLG,-,8.60%,-,-,-,-,-,-,-,-,-,-,-,42.26,1.11%,"1,322"
TTYO,-,2.33%,-,-,-,-,-,-,-,-,-,-,-,15.59,0.71%,"21,097"
TTYRA,1.31B,-,-42.15%,-45.31%,-41.41%,14.91,14.91,0.01,0.02,-,-,-,Aug 04/a,22.03,-6.41%,"1,548,636"
TTYYY,-,6.58%,-,-,-,-,-,-,-,-,-,-,-,38.22,0.67%,34
TTZA,-,4.56%,-,-,-,-,-,-,-,-,-,-,-,42.93,-1.06%,"5,839,752"
TTZOO,59.99M,-,1.00%,-,-,0.64,0.64,-,-,76.34%,1.87%,0.51%,Jul 28/b,5.88,-0.17%,"35,435"
UU,19.35B,-,-8.78%,-18.89%,-12.32%,2.02,2.02,0.57,0.76,58.44%,-13.93%,-28.97%,Aug 06/b,43.96,4.49%,"7,920,227"
UUA,2.17B,-,-10.99%,-29.82%,-18.57%,1.81,0.96,0.86,0.96,46.37%,0.67%,-9.94%,Aug 07/b,4.99,3.10%,"2,383,885"
UUAA,2.17B,-,-10.99%,-29.82%,-18.57%,1.81,0.96,0.86,0.96,46.37%,0.67%,-9.94%,Aug 07/b,5.11,2.82%,"11,175,987"
UUAC,138.33M,-,-,-,-,8.26,8.26,0.00,0.00,-,-,-,-,9.97,0.00%,12
UUAE,-,4.28%,-,-,-,-,-,-,-,-,-,-,-,19.89,1.27%,"181,960"
UUAL,35.65B,-,4.32%,23.26%,7.38%,0.78,0.72,1.84,2.02,26.87%,6.77%,5.56%,Jul 15/a,109.82,3.13%,"5,653,354"
UUAMY,728.89M,-,-13.65%,-14.87%,-8.97%,11.54,8.29,0.00,0.00,-35.57%,-65.18%,-44.62%,Aug 11/a,4.87,-1.22%,"4,175,405"
UUAN,1.44B,10.65%,15.59%,48.30%,17.40%,3.01,2.11,1.65,1.67,33.53%,28.48%,23.67%,Jul 29/a,135.88,0.04%,"19,877"
UUAPR,-,-,-,-,-,-,-,-,-,-,-,-,-,35.76,0.24%,"3,299"
UUAUG,-,-,-,-,-,-,-,-,-,-,-,-,-,42.93,0.42%,"6,818"
UUAVS,60.85M,-,-81.99%,-106.05%,-75.31%,6.43,5.15,0.07,0.11,49.78%,-183.08%,-324.74%,Aug 14/a,0.97,-2.72%,"928,556"
UUBCP,90.16M,6.01%,0.88%,11.47%,4.91%,0.14,-,1.14,1.54,-,15.98%,15.68%,Jul 23/b,15.72,0.35%,"5,401"
UUBER,146.39B,-,15.73%,38.38%,24.02%,0.84,0.84,0.46,0.54,35.42%,13.32%,17.34%,Aug 05/b,71.67,-1.23%,"25,309,133"
UUBEW,-,48.04%,-,-,-,-,-,-,-,-,-,-,-,24.98,-1.45%,"6,300"
UUBND,-,5.03%,-,-,-,-,-,-,-,-,-,-,-,21.05,-0.19%,"212,003"
UUBOT,-,1.15%,-,-,-,-,-,-,-,-,-,-,-,21.89,3.01%,"22,790"
UUBR,-,1.46%,-,-,-,-,-,-,-,-,-,-,-,35.09,-2.32%,"2,930"
UUBRL,-,-,-,-,-,-,-,-,-,-,-,-,-,14.10,-2.62%,"642,779"
UUBS,167.11B,2.30%,0.56%,10.67%,2.23%,0.72,-,3.79,4.52,-,13.97%,11.82%,Jul 29/b,54.58,1.06%,"1,494,474"
UUBSI,6.43B,3.24%,1.55%,9.46%,8.74%,0.10,-,0.07,0.15,-,35.00%,27.93%,Jul 23/b,47.22,-0.23%,"966,093"
UUBT,-,3.88%,-,-,-,-,-,-,-,-,-,-,-,14.47,0.07%,"99,678"
UUCAR,9.00M,-,-17.92%,-24.37%,-24.51%,1.80,1.51,0.01,0.09,15.57%,-142.02%,-167.44%,May 15/a,4.97,-32.84%,"171,794"
UUCB,4.26B,2.87%,1.31%,10.21%,8.22%,0.05,-,0.22,0.32,-,32.26%,24.04%,Jul 21/b,35.29,0.40%,"670,763"
UUCBG,-,-,-,-,-,-,-,-,-,-,-,-,-,50.19,0.80%,"2,026"
UUCC,-,1.37%,-,-,-,-,-,-,-,-,-,-,-,43.68,2.03%,"1,601"
UUCIB,-,-,-,-,-,-,-,-,-,-,-,-,-,38.20,0.00%,255
UUCL,11.03M,-,-0.41%,-1.13%,-0.98%,1.58,1.46,0.14,0.60,51.26%,-4.00%,-0.33%,Aug 18/b,0.43,0.90%,"331,260"
UUCO,-,-,-,-,-,-,-,-,-,-,-,-,-,51.56,-1.28%,"3,258,433"
UUCON,-,4.79%,-,-,-,-,-,-,-,-,-,-,-,24.33,-0.08%,"465,746"
UUCOP,-,0.13%,-,-,-,-,-,-,-,-,-,-,-,40.85,0.03%,614
UUCRD,-,4.23%,-,-,-,-,-,-,-,-,-,-,-,20.87,0.35%,622
UUCTT,3.35B,-,-1.28%,-3.44%,-1.68%,2.73,1.25,1.18,1.21,15.83%,2.84%,-1.07%,Aug 03/a,74.04,4.09%,"468,499"
UUCTX,-,-,-,-,-,-,-,-,-,-,-,-,-,6.78,7.53%,"2,954"
UUCYB,-,1.48%,-,-,-,-,-,-,-,-,-,-,-,81.29,0.26%,"3,739"
UUDEC,-,-,-,-,-,-,-,-,-,-,-,-,-,42.64,0.47%,"11,101"
UUDI,-,2.59%,-,-,-,-,-,-,-,-,-,-,-,36.91,0.28%,119
UUDIV,-,1.45%,-,-,-,-,-,-,-,-,-,-,-,61.60,0.92%,"3,339"
UUDN,-,-,-,-,-,-,-,-,-,-,-,-,-,18.30,-0.05%,"90,701"
UUDOW,-,1.11%,-,-,-,-,-,-,-,-,-,-,-,69.72,2.82%,"1,895,046"
UUDR,18.34B,4.95%,4.99%,16.67%,6.84%,0.16,0.16,1.60,2.04,23.84%,18.96%,30.14%,Jul 27/a,35.12,-0.06%,"3,404,565"
UUE,2.74B,4.08%,2.03%,5.24%,2.21%,1.44,1.44,1.39,1.48,39.79%,30.06%,13.71%,Aug 06/a,20.57,-0.63%,"590,268"
UUEC,5.17B,-,-8.14%,-8.96%,-7.29%,32.67,27.81,0.00,0.00,-99.39%,-629.32%,-513.24%,Jun 09/b,10.45,-5.17%,"8,159,972"
UUECG,-,-,-,-,-,-,-,-,-,-,-,-,-,3.49,-10.79%,"35,953"
UUEIC,61.66M,-,-5.29%,-10.22%,-10.10%,1.77,1.16,0.05,0.21,28.21%,-0.38%,-4.57%,Aug 06/a,4.78,3.57%,"184,780"
UUEVM,-,2.96%,-,-,-,-,-,-,-,-,-,-,-,60.07,0.02%,"1,162"
UUFCS,1.42B,1.44%,3.96%,15.46%,12.54%,0.41,-,0.15,0.15,-,12.80%,9.58%,Aug 03/a,55.38,1.13%,"111,453"
UUFEB,-,-,-,-,-,-,-,-,-,-,-,-,-,39.45,0.47%,"7,148"
UUFG,18.35M,-,-1.18%,-3.71%,-3.59%,1.34,1.34,0.06,0.46,2.30%,0.05%,-0.13%,Sep 09/b,0.57,-13.31%,"1,043,965"
UUFI,125.66M,-,-6.04%,-10.20%,-7.76%,3.33,1.71,0.36,0.43,5.57%,-2.65%,-4.62%,Aug 19/a,6.76,0.45%,"59,970"
UUFIV,-,4.03%,-,-,-,-,-,-,-,-,-,-,-,47.10,-0.16%,"10,806"
UUFO,-,0.34%,-,-,-,-,-,-,-,-,-,-,-,43.28,1.15%,"131,085"
UUFOD,-,-,-,-,-,-,-,-,-,-,-,-,-,23.56,1.10%,49
UUFOX,-,0.46%,-,-,-,-,-,-,-,-,-,-,-,83.59,2.10%,"10,222"
UUFPI,4.44B,1.78%,5.83%,7.74%,7.01%,3.98,2.64,0.12,0.13,16.13%,5.09%,3.84%,Jul 29/a,80.56,0.45%,"288,492"
UUFPT,2.15B,-,10.98%,17.05%,12.43%,3.00,1.72,0.26,0.29,28.50%,15.23%,11.45%,Aug 04/b,277.89,0.18%,"83,847"
UUG,32.94M,7.67%,18.27%,21.35%,21.20%,7.32,6.64,0.00,0.00,46.38%,20.82%,22.00%,-,7.17,-0.28%,"4,263"
UUGA,-,-,-,-,-,-,-,-,-,-,-,-,-,138.70,-1.78%,"38,312"
UUGE,-,2.19%,-,-,-,-,-,-,-,-,-,-,-,18.43,0.64%,"10,425"
UUGI,8.15B,3.95%,4.33%,13.30%,5.63%,1.44,1.22,1.28,1.35,42.65%,14.46%,9.20%,Aug 05/a,37.99,-0.03%,"1,326,587"
UUGL,-,-,-,-,-,-,-,-,-,-,-,-,-,50.31,1.19%,"3,157,970"
UUGLD,-,0.21%,-,-,-,-,-,-,-,-,-,-,-,21.99,1.32%,"21,892"
UUGP,7.97B,5.06%,7.46%,21.75%,10.48%,1.64,1.26,0.82,1.09,8.45%,5.04%,2.28%,Aug 12/a,7.45,-1.46%,"4,540,725"
UUHAL,11.12B,0.31%,0.13%,0.37%,0.18%,1.74,1.54,1.06,1.06,8.77%,8.53%,0.47%,Aug 05/a,64.05,1.12%,"133,193"
UUHAL-B,11.12B,0.35%,0.13%,0.37%,0.18%,1.74,1.54,1.06,1.06,8.77%,8.53%,0.47%,-,56.44,0.36%,"167,235"
UUHS,10.30B,0.47%,9.87%,20.99%,12.79%,1.12,1.04,0.59,0.70,11.36%,11.36%,8.42%,Jul 27/a,174.83,1.22%,"519,032"
UUHT,561.51M,7.38%,3.38%,12.47%,3.58%,7.82,7.82,2.74,2.75,35.30%,37.79%,19.40%,Jul 27/a,40.40,-1.75%,"91,864"
UUI,34.15B,0.74%,52.41%,91.09%,63.79%,2.93,1.57,0.05,0.06,46.16%,36.21%,29.33%,Aug 21/b,564.15,5.09%,"132,545"
UUIS,176.46M,-,-24.51%,-,-110.93%,1.41,1.38,-,-,28.53%,8.40%,-21.65%,Jul 29/a,2.42,0.41%,"380,146"
UUITB,-,4.37%,-,-,-,-,-,-,-,-,-,-,-,45.35,-0.16%,"176,216"
UUIVM,-,3.94%,-,-,-,-,-,-,-,-,-,-,-,77.54,1.18%,"3,163"
UUJAN,-,-,-,-,-,-,-,-,-,-,-,-,-,46.28,0.49%,"4,380"
UUJB,-,3.23%,-,-,-,-,-,-,-,-,-,-,-,77.44,-0.09%,26
UUJUL,-,-,-,-,-,-,-,-,-,-,-,-,-,41.31,0.54%,"6,216"
UUJUN,-,-,-,-,-,-,-,-,-,-,-,-,-,39.07,0.51%,"11,473"
UUK,1.38M,-,-6.70%,-39.46%,-21.44%,1.00,1.00,0.08,0.10,5.07%,-29.29%,-18.51%,-,2.04,-0.17%,"29,465"
UUL,133.61B,3.54%,6.84%,30.75%,14.23%,0.74,0.58,1.48,1.98,-,20.32%,12.18%,Jul 28/b,62.02,0.63%,"3,132,134"
UULBI,93.31M,-,-3.00%,-4.83%,-3.69%,2.87,1.30,0.34,0.36,23.72%,2.69%,-3.50%,Aug 07/b,5.60,-0.88%,"30,201"
UULCC,1.29B,-,-5.61%,-120.25%,-8.73%,0.58,0.54,31.50,38.54,-5.25%,-17.19%,-9.29%,Jul 29/b,5.62,1.63%,"3,657,571"
UULE,-,-,-,-,-,-,-,-,-,-,-,-,-,12.72,-0.25%,"2,751"
UULH,488.07M,2.27%,-5.17%,-15.07%,-7.18%,1.20,1.16,1.27,1.49,9.73%,2.16%,-5.99%,Jul 31/a,18.51,-0.80%,"34,522"
UULS,14.39B,0.81%,16.69%,37.50%,24.80%,1.42,1.42,0.27,0.30,50.06%,19.04%,16.02%,Aug 04/b,71.25,0.21%,"680,126"
UULST,-,4.11%,-,-,-,-,-,-,-,-,-,-,-,40.26,-0.02%,"102,365"
UULTA,23.38B,-,17.80%,46.12%,26.80%,1.35,0.29,0.71,0.95,39.32%,12.60%,9.34%,Aug 27/a,546.78,2.08%,"419,988"
UULTI,-,126.39%,-,-,-,-,-,-,-,-,-,-,-,6.50,0.55%,"32,382"
UULTY,-,93.26%,-,-,-,-,-,-,-,-,-,-,-,25.73,1.02%,"292,504"
UULVM,-,1.72%,-,-,-,-,-,-,-,-,-,-,-,107.45,0.71%,"1,422"
UUMAC,1.15B,-,-2.87%,-2.94%,-1.66%,53.82,47.66,0.01,0.01,34.01%,-93.52%,-20.29%,Aug 06/b,22.95,-2.46%,"2,750,850"
UUMAL,-,-,-,-,-,-,-,-,-,-,-,-,-,11.01,-4.50%,"47,938"
UUMAR,-,-,-,-,-,-,-,-,-,-,-,-,-,43.09,0.36%,"2,785"
UUMAY,-,-,-,-,-,-,-,-,-,-,-,-,-,38.67,0.43%,"4,471"
UUMBF,10.59B,1.30%,1.31%,12.31%,11.08%,0.37,-,0.06,0.44,-,27.29%,21.06%,Jul 28/a,139.49,0.09%,"531,715"
UUMC,56.92B,2.38%,13.25%,20.65%,16.93%,2.17,1.81,0.11,0.14,28.64%,18.88%,32.57%,Jul 29/a,22.64,2.35%,"7,190,917"
UUMCU,-,-,-,-,-,-,-,-,-,-,-,-,-,35.02,3.73%,541
UUMCX,-,-,-,-,-,-,-,-,-,-,-,-,-,16.36,3.67%,183
UUMDD,-,0.72%,-,-,-,-,-,-,-,-,-,-,-,32.85,2.45%,927
UUMH,1.32B,5.80%,1.88%,3.44%,1.87%,5.73,4.41,0.89,0.89,28.93%,34.04%,3.94%,Aug 05/a,15.51,-0.19%,"344,059"
UUMI,-,3.85%,-,-,-,-,-,-,-,-,-,-,-,60.56,-0.52%,"31,730"
UUMMA,-,0.97%,-,-,-,-,-,-,-,-,-,-,-,36.92,1.06%,"22,213"
UUN,-,-,-,-,-,-,-,-,-,-,-,-,-,19.95,-4.85%,213
UUNB,117.46M,6.06%,0.80%,14.98%,2.86%,0.19,-,3.68,3.91,-,14.59%,13.46%,-,23.75,-0.63%,"1,924"
UUNCY,147.35M,-,-69.05%,-101.07%,-66.06%,3.81,3.81,0.00,0.01,-,-,-,Aug 12/b,5.29,-0.38%,"1,116,676"
UUNF,4.77B,0.53%,4.15%,5.30%,5.12%,3.04,1.73,0.03,0.04,30.91%,5.77%,4.65%,Jul 01/b,274.68,1.44%,"414,051"
UUNFI,2.69B,-,1.10%,5.30%,1.86%,1.29,0.49,1.78,1.87,12.81%,1.11%,0.27%,Sep 08/b,44.45,0.77%,"592,114"
UUNG,-,-,-,-,-,-,-,-,-,-,-,-,-,10.17,-0.20%,"11,800,310"
UUNH,340.27B,2.39%,4.57%,14.62%,8.41%,0.78,-,0.71,0.74,-,4.82%,3.14%,Jul 16/b,379.09,-2.37%,"7,484,671"
UUNHG,-,10.43%,-,-,-,-,-,-,-,-,-,-,-,18.19,-4.91%,"869,374"
UUNHU,-,0.55%,-,-,-,-,-,-,-,-,-,-,-,44.54,-4.58%,"2,441"
UUNHW,-,28.96%,-,-,-,-,-,-,-,-,-,-,-,44.90,-2.81%,"8,405"
UUNIT,2.44B,-,11.36%,-,9.46%,1.22,1.19,67.90,68.69,27.90%,9.74%,28.15%,Jul 30/b,10.07,2.03%,"1,515,290"
UUNIY,-,4.92%,-,-,-,-,-,-,-,-,-,-,-,47.01,-0.09%,9
UUNL,-,-,-,-,-,-,-,-,-,-,-,-,-,5.82,0.10%,"34,214"
UUNM,14.95B,2.05%,1.31%,6.35%,4.82%,-,-,0.35,0.35,-,8.68%,5.27%,Jul 28/a,94.42,0.12%,"1,959,349"
UUNOV,-,-,-,-,-,-,-,-,-,-,-,-,-,41.17,0.53%,"9,796"
UUNP,168.96B,1.93%,10.49%,39.70%,14.57%,0.99,0.82,1.43,1.51,45.47%,39.87%,28.85%,Jul 23/b,284.40,-0.48%,"1,595,080"
UUNTY,603.86M,1.14%,1.91%,16.95%,11.77%,0.25,-,0.34,0.88,-,39.08%,30.26%,Jul 14/b,60.13,1.76%,"56,048"
UUNX,-,-,-,-,-,-,-,-,-,-,-,-,-,102.49,8.61%,665
UUOCT,-,-,-,-,-,-,-,-,-,-,-,-,-,42.15,0.46%,"13,422"
UUONE,19.27M,-,-10.52%,-136.81%,-15.02%,1.39,1.39,26.50,28.19,57.46%,1.76%,-19.04%,Aug 04/b,4.64,-0.50%,"12,100"
UUP,134.22M,-,-31.34%,-,-227.61%,0.28,0.27,-,-,3.06%,-30.63%,-42.04%,Aug 04/b,3.70,-5.37%,"95,484"
UUPAL,-,0.26%,-,-,-,-,-,-,-,-,-,-,-,23.72,3.11%,"4,467"
UUPAR,-,3.34%,-,-,-,-,-,-,-,-,-,-,-,15.94,-0.01%,"3,930"
UUPB,313.84M,-,-44.61%,-46.05%,-57.71%,27.99,27.99,0.00,0.00,94.08%,-5382.65%,-4955.67%,Aug 11/b,5.73,-0.35%,"500,723"
UUPBD,1.07B,8.56%,2.91%,12.73%,3.70%,3.13,0.87,2.33,2.33,33.44%,7.48%,1.90%,Jul 30/b,18.31,0.60%,"636,465"
UUPC,21.91M,-,-2.55%,-3.50%,-3.36%,4.05,3.75,0.04,0.17,35.86%,-11.78%,-10.95%,-,4.36,12.37%,"145,185"
UUPGD,-,1.59%,-,-,-,-,-,-,-,-,-,-,-,81.16,1.07%,699
UUPGR,-,0.34%,-,-,-,-,-,-,-,-,-,-,-,23.23,0.59%,21
UUPLD,9.52M,-,-9.16%,-,-13.86%,0.81,0.81,-,-,64.55%,12.26%,-21.53%,Aug 14/b,3.22,0.31%,"42,801"
UUPLT,-,0.24%,-,-,-,-,-,-,-,-,-,-,-,25.49,1.56%,"1,933"
UUPRO,-,0.73%,-,-,-,-,-,-,-,-,-,-,-,148.02,2.44%,"1,836,254"
UUPS,85.32B,6.54%,6.43%,29.66%,10.78%,1.18,1.18,1.81,1.90,18.30%,9.31%,5.08%,Jul 28/b,100.28,0.31%,"3,732,721"
UUPSC,-,-,-,-,-,-,-,-,-,-,-,-,-,13.88,3.48%,238
UUPSD,-,0.64%,-,-,-,-,-,-,-,-,-,-,-,30.03,1.26%,"15,085"
UUPST,2.49B,-,2.14%,7.94%,2.19%,2.91,2.91,2.45,2.54,-,3.99%,4.84%,Aug 04/a,25.59,1.95%,"3,445,781"
UUPSX,-,-,-,-,-,-,-,-,-,-,-,-,-,10.98,3.90%,"65,662"
UUPV,-,1.45%,-,-,-,-,-,-,-,-,-,-,-,100.60,1.25%,788
UUPW,-,1.63%,-,-,-,-,-,-,-,-,-,-,-,20.59,-0.68%,"10,872"
UUPWK,1.09B,-,8.03%,16.70%,16.28%,1.42,1.42,0.02,0.62,77.24%,16.84%,12.93%,Aug 10/a,8.72,3.69%,"3,385,873"
UUPXI,81.85M,-,-212.07%,-468.50%,-176.34%,1.72,1.72,-,-,85.29%,-116.23%,-874.01%,Sep 02,1.04,4.66%,"5,772,379"
UURA,-,4.79%,-,-,-,-,-,-,-,-,-,-,-,43.53,-3.27%,"2,865,297"
UURAA,-,3.24%,-,-,-,-,-,-,-,-,-,-,-,23.55,-6.77%,"40,221"
UURAN,-,2.82%,-,-,-,-,-,-,-,-,-,-,-,37.68,-3.64%,"5,127"
UURBN,6.73B,-,11.57%,20.94%,14.80%,1.58,0.91,0.35,0.43,37.51%,11.33%,8.79%,Aug 26/a,78.58,3.94%,"919,336"
UURE,-,2.16%,-,-,-,-,-,-,-,-,-,-,-,65.85,1.74%,729
UURG,513.24M,-,-40.05%,-103.50%,-63.41%,4.00,3.25,1.02,1.03,-186.48%,-218.24%,-252.34%,Aug 10/a,1.29,-3.73%,"5,312,891"
UURGN,2.07B,-,-42.33%,-,-158.40%,3.80,3.41,-,-,90.85%,-35.32%,-51.73%,Aug 05/b,42.31,0.17%,"687,464"
UURI,61.57B,0.79%,8.72%,28.90%,11.44%,0.76,0.70,1.50,1.67,35.71%,25.17%,15.67%,Jul 22/a,989.12,0.00%,"348,047"
UURNJ,-,7.14%,-,-,-,-,-,-,-,-,-,-,-,23.22,-5.57%,"534,975"
UURNM,-,3.33%,-,-,-,-,-,-,-,-,-,-,-,52.38,-4.12%,"980,481"
UUROY,1.66B,-,1.31%,1.31%,1.13%,325.28,139.82,0.00,0.00,15.57%,3.37%,8.08%,Jul 28/b,4.36,-3.22%,"3,099,864"
UURSP,-,0.92%,-,-,-,-,-,-,-,-,-,-,-,49.32,1.90%,"54,716"
UURTH,-,1.37%,-,-,-,-,-,-,-,-,-,-,-,207.69,0.88%,"483,192"
UURTY,-,0.84%,-,-,-,-,-,-,-,-,-,-,-,75.31,1.01%,"243,660"
UUSA,1.81B,11.39%,-,-,-,-,-,-,-,-,-,-,-,5.88,0.51%,"952,033"
UUSAC,4.01B,7.60%,4.60%,122.35%,4.51%,1.35,0.68,10.30,10.30,38.51%,30.11%,12.27%,Aug 04/b,27.64,-0.47%,"525,237"
UUSAF,-,2.38%,-,-,-,-,-,-,-,-,-,-,-,28.12,-0.21%,280
UUSAI,-,4.05%,-,-,-,-,-,-,-,-,-,-,-,47.38,-0.52%,"5,408"
UUSAR,5.84B,-,-17.88%,-23.65%,-11.14%,32.79,31.63,0.01,0.01,-54.06%,-949.48%,-2286.01%,Aug 10/a,15.56,-2.99%,"14,766,095"
UUSAS,1.71B,-,-14.32%,-27.49%,-14.21%,1.62,1.41,0.15,0.19,35.68%,19.18%,-26.15%,Aug 14/b,5.05,-0.79%,"3,040,635"
UUSAU,251.20M,-,-52.72%,-55.24%,-43.91%,37.15,37.15,0.00,0.00,-,-,-,Jul 01,15.20,0.86%,"122,475"
UUSAX,-,-,-,-,-,-,-,-,-,-,-,-,-,8.45,-6.11%,"124,729"
UUSB,97.91B,3.37%,1.15%,12.60%,6.44%,0.56,-,0.87,1.42,-,24.76%,17.92%,Jul 16/b,62.84,0.69%,"5,774,215"
UUSBC,189.76M,-,-178.67%,-297.27%,-129.50%,0.23,0.23,0.00,0.33,-,-,-,-,0.49,6.65%,"123,521"
UUSCA,-,1.09%,-,-,-,-,-,-,-,-,-,-,-,45.36,0.94%,"2,132"
UUSCB,427.87M,2.05%,1.00%,12.36%,6.94%,0.17,-,0.78,1.26,-,24.80%,18.05%,Jul 23/a,23.16,0.74%,"99,595"
UUSCI,-,-,-,-,-,-,-,-,-,-,-,-,-,110.44,-1.07%,"8,896"
UUSCL,-,1.07%,-,-,-,-,-,-,-,-,-,-,-,86.18,0.93%,21
UUSD,-,0.35%,-,-,-,-,-,-,-,-,-,-,-,86.06,1.35%,"355,043"
UUSDE,197.38M,-,-40.41%,-46.24%,-22.52%,1.40,1.40,0.00,0.03,19.95%,-3147.57%,-77375.31%,-,7.26,9.01%,"3,771,240"
UUSDU,-,3.76%,-,-,-,-,-,-,-,-,-,-,-,26.28,0.08%,"99,055"
UUSDX,-,3.25%,-,-,-,-,-,-,-,-,-,-,-,25.54,0.16%,"48,201"
UUSE,-,1.92%,-,-,-,-,-,-,-,-,-,-,-,36.56,-1.89%,182
UUSEA,28.52M,13.38%,-1.11%,-3.30%,-1.39%,0.96,0.94,1.47,1.80,29.31%,8.99%,-5.08%,Jul 30/b,2.99,0.67%,"80,548"
UUSEP,-,-,-,-,-,-,-,-,-,-,-,-,-,41.99,0.50%,"45,781"
UUSEW,-,0.55%,-,-,-,-,-,-,-,-,-,-,-,56.14,0.77%,19
UUSFD,20.62B,-,5.18%,16.35%,7.77%,1.14,0.70,1.19,1.26,17.55%,3.43%,1.81%,Aug 06/b,95.34,-0.75%,"3,246,598"
UUSFE,-,-,-,-,-,-,-,-,-,-,-,-,-,37.48,0.53%,422
UUSFR,-,3.74%,-,-,-,-,-,-,-,-,-,-,-,50.46,0.08%,"12,480,397"
UUSG,-,28.81%,-,-,-,-,-,-,-,-,-,-,-,33.19,0.28%,"2,211"
UUSGG,-,-,-,-,-,-,-,-,-,-,-,-,-,5.07,-6.16%,"374,497"
UUSGO,114.53M,-,-159.24%,-177.22%,-125.02%,24.11,22.54,0.00,0.01,-,-,-,Aug 12/a,8.16,-1.21%,"46,404"
UUSGX,-,-,-,-,-,-,-,-,-,-,-,-,-,23.10,1.81%,110
UUSHY,-,7.00%,-,-,-,-,-,-,-,-,-,-,-,36.36,0.03%,"12,629,332"
UUSIG,-,4.92%,-,-,-,-,-,-,-,-,-,-,-,49.50,-0.06%,"2,700,412"
UUSIN,-,4.18%,-,-,-,-,-,-,-,-,-,-,-,47.89,-0.18%,17
UUSIO,69.81M,-,-1.30%,-8.04%,-6.76%,1.10,1.09,0.19,0.25,20.64%,-1.21%,-1.63%,Aug 12/a,2.45,-3.16%,"160,086"
UUSL,-,-,-,-,-,-,-,-,-,-,-,-,-,56.11,-0.96%,"7,029"
UUSLM,3.38B,0.20%,19.84%,21.35%,19.27%,27.54,25.78,0.00,0.00,48.42%,42.11%,35.66%,Jul 29/a,117.82,1.67%,"84,371"
UUSLN,-,3.45%,-,-,-,-,-,-,-,-,-,-,-,50.47,0.10%,"1,042"
UUSLV,-,0.23%,-,-,-,-,-,-,-,-,-,-,-,15.76,2.27%,"121,299"
UUSLX,-,-,-,-,-,-,-,-,-,-,-,-,-,24.73,1.69%,300
UUSMC,-,0.74%,-,-,-,-,-,-,-,-,-,-,-,76.29,0.74%,"28,461"
UUSMD,-,-,-,-,-,-,-,-,-,-,-,-,-,31.35,1.35%,9
UUSMF,-,1.32%,-,-,-,-,-,-,-,-,-,-,-,52.65,0.98%,"10,391"
UUSMV,-,1.45%,-,-,-,-,-,-,-,-,-,-,-,99.61,0.62%,"1,104,742"
UUSMX,-,-,-,-,-,-,-,-,-,-,-,-,-,25.09,1.43%,8
UUSNA,277.52M,-,-3.08%,-4.19%,-4.21%,2.66,1.84,0.00,0.00,73.90%,4.54%,-2.43%,Aug 04/a,15.02,1.28%,"241,995"
UUSNG,-,1.46%,-,-,-,-,-,-,-,-,-,-,-,36.07,1.36%,"5,659"
UUSNZ,-,0.93%,-,-,-,-,-,-,-,-,-,-,-,48.50,0.90%,125
UUSO,-,-,-,-,-,-,-,-,-,-,-,-,-,154.90,-2.20%,"6,634,405"
UUSOI,-,48.86%,-,-,-,-,-,-,-,-,-,-,-,46.79,-0.21%,"39,511"
UUSOY,-,47.66%,-,-,-,-,-,-,-,-,-,-,-,7.75,-2.40%,"341,862"
UUSPH,1.17B,2.34%,0.21%,0.54%,0.33%,1.27,1.27,0.75,0.86,17.45%,9.85%,0.32%,Aug 05/a,78.72,1.30%,"184,812"
UUSPX,-,1.07%,-,-,-,-,-,-,-,-,-,-,-,66.87,0.83%,"73,292"
UUSRT,-,2.64%,-,-,-,-,-,-,-,-,-,-,-,64.48,0.40%,"416,201"
UUSSE,-,-,-,-,-,-,-,-,-,-,-,-,-,40.53,1.43%,"17,551"
UUSSG,-,0.96%,-,-,-,-,-,-,-,-,-,-,-,71.06,0.80%,"3,971"
UUSSH,-,3.57%,-,-,-,-,-,-,-,-,-,-,-,49.92,-0.08%,116
UUSSX,-,-,-,-,-,-,-,-,-,-,-,-,-,23.75,1.52%,11
UUST,-,3.75%,-,-,-,-,-,-,-,-,-,-,-,39.68,-0.41%,294
UUSTB,-,4.57%,-,-,-,-,-,-,-,-,-,-,-,50.10,-0.06%,"332,660"
UUSVM,-,1.84%,-,-,-,-,-,-,-,-,-,-,-,107.56,0.54%,"43,943"
UUSVN,-,4.28%,-,-,-,-,-,-,-,-,-,-,-,46.14,-0.18%,615
UUSX,-,-,-,-,-,-,-,-,-,-,-,-,-,24.66,1.63%,15
UUSXF,-,0.81%,-,-,-,-,-,-,-,-,-,-,-,67.52,0.95%,"34,011"
UUTEN,-,4.57%,-,-,-,-,-,-,-,-,-,-,-,41.52,-0.16%,"85,122"
UUTES,-,1.57%,-,-,-,-,-,-,-,-,-,-,-,74.96,0.00%,"111,446"
UUTF,2.90B,7.40%,-,-,-,-,-,-,-,-,-,-,-,25.93,0.04%,"284,759"
UUTG,3.49B,6.39%,-,-,-,-,-,-,-,-,-,-,-,37.86,0.13%,"244,582"
UUTHR,21.32B,-,17.33%,19.32%,20.48%,5.73,5.41,0.00,0.00,86.14%,44.49%,41.56%,Aug 05/b,497.11,-1.34%,"573,361"
UUTHY,-,5.35%,-,-,-,-,-,-,-,-,-,-,-,38.20,0.14%,"186,775"
UUTI,1.12B,-,4.19%,10.53%,5.00%,1.30,1.30,0.99,1.04,47.93%,5.13%,3.88%,Aug 05/a,20.31,-1.41%,"1,899,141"
UUTL,968.18M,3.58%,2.75%,9.62%,4.26%,0.49,0.45,1.06,1.50,25.20%,19.38%,9.44%,Aug 03/a,53.09,-0.08%,"122,698"
UUTMD,221.94M,1.77%,8.55%,8.75%,8.58%,48.62,44.27,0.00,0.00,53.59%,28.97%,29.04%,-,69.71,0.10%,"19,388"
UUTRE,-,3.89%,-,-,-,-,-,-,-,-,-,-,-,48.39,-0.14%,988
UUTSI,22.03M,-,-16.85%,-25.51%,-30.07%,2.83,2.83,0.01,0.02,-2.05%,-135.12%,-120.65%,Aug 14/b,2.32,0.87%,"1,998"
UUTSL,-,1.95%,-,-,-,-,-,-,-,-,-,-,-,36.10,-1.12%,"126,813"
UUTWO,-,3.90%,-,-,-,-,-,-,-,-,-,-,-,47.59,-0.07%,"95,524"
UUTWY,-,5.33%,-,-,-,-,-,-,-,-,-,-,-,40.42,-0.01%,"1,546"
UUTZ,2.06B,1.62%,-1.03%,-4.06%,-1.75%,1.06,0.69,1.39,1.48,25.33%,3.86%,-2.00%,Aug 05/b,14.28,0.35%,"2,383,299"
UUUP,-,-,-,-,-,-,-,-,-,-,-,-,-,28.07,0.14%,"1,710,822"
UUUPP,-,1.35%,-,-,-,-,-,-,-,-,-,-,-,25.12,0.02%,10
UUUU,16.29M,-,-79.53%,-95.03%,-143.27%,3.39,3.10,0.00,0.21,10.35%,-429.14%,-437.82%,-,5.38,1.51%,"32,986"
UUUUC,-,-,-,-,-,-,-,-,-,-,-,-,-,20.65,-9.86%,20
UUUUG,-,-,-,-,-,-,-,-,-,-,-,-,-,3.67,-10.18%,"281,241"
UUUUU,3.43B,-,-7.31%,-11.41%,-5.56%,27.90,25.87,0.86,0.86,29.97%,-78.65%,-77.30%,Aug 05/a,12.95,-4.99%,"6,851,393"
UUVE,1.23B,1.44%,9.12%,40.17%,29.92%,0.75,-,0.15,0.15,-,18.37%,13.49%,Jul 23/a,44.33,0.25%,"132,254"
UUVIX,-,-,-,-,-,-,-,-,-,-,-,-,-,39.15,-9.13%,"3,593,842"
UUVSP,1.18B,2.14%,1.22%,10.52%,8.17%,0.04,-,0.26,0.28,-,23.67%,18.91%,Jul 22/a,42.67,0.23%,"325,416"
UUVV,1.12B,7.28%,0.61%,1.34%,0.94%,2.57,0.88,0.46,0.88,16.73%,6.22%,0.67%,Aug 05/a,45.18,-0.33%,"336,042"
UUVXY,-,-,-,-,-,-,-,-,-,-,-,-,-,18.02,-6.78%,"9,431,210"
UUWM,-,0.86%,-,-,-,-,-,-,-,-,-,-,-,61.28,0.74%,"206,654"
UUWMC,2.17B,17.19%,-0.23%,-23.96%,-0.25%,0.42,0.42,108.18,118.64,83.42%,39.68%,-1.28%,Aug 05/a,1.35,0.75%,"8,311,166"
UUX,-,1.53%,-,-,-,-,-,-,-,-,-,-,-,28.77,-1.51%,"1,371"
UUXAP,-,-,-,-,-,-,-,-,-,-,-,-,-,43.80,0.98%,7
UUXI,-,0.56%,-,-,-,-,-,-,-,-,-,-,-,54.10,2.22%,296
UUXIN,252.82M,-,-14.82%,-,-30.41%,0.79,0.22,-,-,6.73%,-6.67%,-8.46%,Jun 16/b,1.15,-8.73%,"114,346"
UUXJA,-,-,-,-,-,-,-,-,-,-,-,-,-,38.79,1.02%,171
UUXJL,-,-,-,-,-,-,-,-,-,-,-,-,-,37.06,0.94%,8
UUXOC,-,-,-,-,-,-,-,-,-,-,-,-,-,39.99,1.03%,"1,466"
UUXRP,-,0.01%,-,-,-,-,-,-,-,-,-,-,-,15.08,1.55%,"637,221"
UUYG,-,0.84%,-,-,-,-,-,-,-,-,-,-,-,95.89,1.12%,"34,919"
UUYLD,-,4.59%,-,-,-,-,-,-,-,-,-,-,-,50.99,0.02%,"170,817"
UUYM,-,1.18%,-,-,-,-,-,-,-,-,-,-,-,29.27,0.45%,"9,388"
UUYSC,56.75M,-,1.31%,1.33%,1.81%,0.03,0.03,0.00,0.03,-,-,-,-,10.94,0.00%,113
UUZX,5.48M,-,-29.92%,-54.00%,-37.43%,4.47,4.20,0.10,0.20,78.82%,-113.16%,-144.21%,-,0.09,2.47%,"45,734,712"
VV,691.65B,0.73%,23.02%,60.67%,39.97%,0.99,0.99,0.59,0.68,77.16%,67.04%,50.35%,Jul 28/a,370.45,0.88%,"3,492,935"
VVABK,267.03M,2.93%,1.52%,13.57%,11.08%,0.23,-,0.15,0.15,-,35.31%,28.18%,Jul 23/b,49.22,2.76%,"6,732"
VVABS,-,4.90%,-,-,-,-,-,-,-,-,-,-,-,24.00,-0.12%,"2,832"
VVAC,3.56B,2.62%,-3.45%,-14.71%,-4.47%,1.22,0.75,2.63,2.69,17.37%,10.40%,-6.47%,Aug 06/b,103.59,2.47%,"295,939"
VVACI,215.53M,-,-,-,1.23%,0.71,0.71,0.00,0.00,-,-,-,-,6.88,5.52%,"22,706"
VVAI,29.11M,-,-377.24%,-,-,0.27,0.27,-,-,18.71%,-1886.85%,-1931.55%,-,2.00,-0.50%,"14,957"
VVAIE,-,5.38%,-,-,-,-,-,-,-,-,-,-,-,24.29,1.25%,"20,497"
VVAL,5.81B,-,18.88%,33.86%,21.57%,1.48,1.48,0.35,0.36,17.07%,12.09%,43.95%,Aug 05/a,83.73,-2.31%,"1,501,138"
VVALE,64.82B,6.62%,2.26%,5.26%,3.65%,1.19,0.77,0.47,0.50,34.32%,28.32%,4.92%,Jul 31/b,15.23,-0.33%,"20,760,936"
VVALG,-,-,-,-,-,-,-,-,-,-,-,-,-,18.53,-0.83%,7
VVALN,631.50M,-,-36.82%,-118.01%,-59.52%,2.16,1.69,2.33,2.59,16.40%,-86.72%,-110.32%,Aug 13/b,6.66,-0.45%,"36,610"
VVALQ,-,1.70%,-,-,-,-,-,-,-,-,-,-,-,71.30,1.03%,"2,712"
VVALU,368.63M,3.44%,14.59%,20.84%,19.89%,3.92,3.92,0.01,0.02,39.06%,12.05%,64.67%,Mar 16/a,39.29,4.05%,"1,236"
VVAMO,-,0.60%,-,-,-,-,-,-,-,-,-,-,-,36.89,0.22%,"1,570"
VVANI,114.56M,-,-74.60%,-220.40%,-75.22%,3.25,3.25,0.84,0.94,-,-,-,Aug 13/a,1.27,1.60%,"249,366"
VVATE,97.68M,-,-2.36%,-,-,0.44,0.43,-,-,14.85%,4.60%,-1.58%,Aug 06/a,7.16,1.13%,"99,286"
VVAVX,-,1.09%,-,-,-,-,-,-,-,-,-,-,-,15.57,-1.66%,"5,252"
VVAW,-,1.39%,-,-,-,-,-,-,-,-,-,-,-,228.45,0.32%,"51,592"
VVB,-,1.23%,-,-,-,-,-,-,-,-,-,-,-,293.45,0.78%,"563,243"
VVBCA,-,1.41%,-,-,-,-,-,-,-,-,-,-,-,75.39,-0.03%,"66,410"
VVBCB,-,1.31%,-,-,-,-,-,-,-,-,-,-,-,75.04,-0.09%,"65,444"
VVBCC,-,1.52%,-,-,-,-,-,-,-,-,-,-,-,74.45,-0.10%,"65,223"
VVBCD,-,1.55%,-,-,-,-,-,-,-,-,-,-,-,73.93,-0.20%,"27,788"
VVBCE,-,1.60%,-,-,-,-,-,-,-,-,-,-,-,73.61,-0.12%,"69,755"
VVBCF,-,1.70%,-,-,-,-,-,-,-,-,-,-,-,73.31,-0.21%,"23,941"
VVBCG,-,2.03%,-,-,-,-,-,-,-,-,-,-,-,72.95,-0.10%,"4,562"
VVBCH,-,2.14%,-,-,-,-,-,-,-,-,-,-,-,72.92,-0.00%,"3,357"
VVBCI,-,2.22%,-,-,-,-,-,-,-,-,-,-,-,72.57,-0.13%,"2,566"
VVBCJ,-,2.21%,-,-,-,-,-,-,-,-,-,-,-,72.34,-0.10%,"1,830"
VVBF,165.44M,5.62%,-,-,-,-,-,-,-,-,-,-,-,14.48,0.00%,"143,439"
VVBIL,-,3.54%,-,-,-,-,-,-,-,-,-,-,-,75.59,0.04%,"3,805,772"
VVBIO,2.01M,-,-156.00%,-178.18%,-26.10%,1.11,0.86,1.42,1.47,-58.51%,-1548.96%,-1557.26%,May 14/a,2.26,2.73%,"161,111"
VVBK,-,0.45%,-,-,-,-,-,-,-,-,-,-,-,340.69,0.80%,"156,960"
VVBNB,-,-,-,-,-,-,-,-,-,-,-,-,-,28.14,1.48%,"4,969"
VVBND,-,4.41%,-,-,-,-,-,-,-,-,-,-,-,42.46,0.04%,"35,637"
VVBNK,733.34M,0.32%,0.55%,6.22%,5.09%,45.19,-,0.19,0.19,-,14.48%,9.92%,Sep 03/b,22.62,1.43%,"65,466"
VVBR,-,1.78%,-,-,-,-,-,-,-,-,-,-,-,242.10,0.77%,"263,005"
VVC,2.69B,0.98%,4.54%,9.96%,7.53%,1.78,1.45,0.25,0.27,12.81%,7.33%,4.00%,Jul 23/b,100.93,0.37%,"231,091"
VVCEB,-,4.85%,-,-,-,-,-,-,-,-,-,-,-,60.53,-0.10%,"73,939"
VVCEL,1.96B,-,5.16%,7.16%,5.38%,5.04,4.69,0.22,0.26,74.56%,5.95%,7.91%,Jul 30/b,38.34,1.24%,"503,531"
VVCHY,-,1.50%,-,-,-,-,-,-,-,-,-,-,-,74.20,0.08%,"27,732"
VVCIG,2.31M,-,-,-,-,-,-,-,-,-,-,-,-,1.82,0.55%,"60,175"
VVCIT,-,4.99%,-,-,-,-,-,-,-,-,-,-,-,79.60,-0.13%,"7,739,892"
VVCLN,-,1.87%,-,-,-,-,-,-,-,-,-,-,-,28.40,1.26%,"2,120"
VVCLT,-,5.81%,-,-,-,-,-,-,-,-,-,-,-,70.65,0.04%,"4,954,790"
VVCOB,-,3.17%,-,-,-,-,-,-,-,-,-,-,-,48.15,-0.04%,16
VVCR,-,0.75%,-,-,-,-,-,-,-,-,-,-,-,380.21,1.04%,"38,674"
VVCRB,-,4.67%,-,-,-,-,-,-,-,-,-,-,-,74.80,-0.13%,"746,598"
VVCRE,303.46M,-,-54.03%,-58.46%,-60.81%,12.68,12.68,0.00,0.00,-,-13128.66%,-12573.17%,Aug 21/b,10.78,-6.34%,"12,889"
VVCRM,-,3.85%,-,-,-,-,-,-,-,-,-,-,-,73.29,0.38%,"548,241"
VVCSH,-,4.53%,-,-,-,-,-,-,-,-,-,-,-,77.72,-0.08%,"4,096,507"
VVCTR,6.78B,1.82%,10.94%,19.04%,13.61%,2.07,2.07,0.43,0.43,77.38%,45.87%,22.38%,Aug 05/a,110.30,-0.68%,"604,202"
VVCV,487.71M,7.85%,-,-,-,-,-,-,-,-,-,-,-,9.93,0.20%,"118,730"
VVCX,1.20B,-,-,-,-,-,-,-,-,-,-,-,-,33.50,0.00%,"369,790"
VVCYT,3.29B,-,8.09%,8.77%,8.05%,9.16,8.80,0.02,0.03,71.08%,17.22%,20.37%,Jul 30/a,40.87,-2.76%,"1,001,620"
VVDC,-,2.13%,-,-,-,-,-,-,-,-,-,-,-,225.21,0.50%,"125,231"
VVDE,-,2.19%,-,-,-,-,-,-,-,-,-,-,-,183.61,0.36%,"421,216"
VVDG,-,0.31%,-,-,-,-,-,-,-,-,-,-,-,81.13,1.17%,"6,139"
VVDI,-,2.23%,-,-,-,-,-,-,-,-,-,-,-,37.00,0.91%,14
VVDIG,-,0.12%,-,-,-,-,-,-,-,-,-,-,-,62.52,0.83%,"11,095"
VVDV,-,0.77%,-,-,-,-,-,-,-,-,-,-,-,79.63,1.08%,"3,901"
VVEA,-,2.49%,-,-,-,-,-,-,-,-,-,-,-,72.69,1.07%,"7,568,552"
VVECA,132.73M,-,-,-,-,18.28,18.28,0.00,0.00,-,-,-,-,10.02,0.00%,6
VVECO,2.74B,-,1.73%,2.64%,2.00%,3.93,2.63,0.28,0.29,37.51%,4.26%,3.40%,Aug 05/a,44.83,2.12%,"237,463"
VVEEA,4.85M,-,-7.15%,-460.94%,-14.96%,1.57,0.66,1.21,1.67,-197.53%,-11105.26%,-1002.84%,-,1.56,-6.02%,"29,809"
VVEEE,5.52M,-,-48.06%,-62.58%,-60.73%,2.36,1.49,0.18,0.21,-12.65%,-69.34%,-76.31%,May 07/b,9.60,-1.54%,"3,534"
VVEEM,-,-,-,-,-,-,-,-,-,-,-,-,-,24.91,1.19%,69
VVEEV,42.48B,-,11.90%,14.42%,13.41%,5.46,5.46,0.02,0.02,74.83%,29.93%,29.34%,Aug 26/a,262.40,0.54%,"863,804"
VVEFA,-,0.75%,-,-,-,-,-,-,-,-,-,-,-,83.75,0.90%,10
VVEGA,-,1.24%,-,-,-,-,-,-,-,-,-,-,-,52.86,0.67%,"10,589"
VVEGI,-,1.79%,-,-,-,-,-,-,-,-,-,-,-,48.02,-0.37%,"136,908"
VVEGN,-,0.51%,-,-,-,-,-,-,-,-,-,-,-,77.29,0.90%,"5,037"
VVEGX,-,-,-,-,-,-,-,-,-,-,-,-,-,24.86,1.41%,"4,864"
VVEL,709.48M,-,1.47%,16.10%,1.42%,1.20,0.92,9.34,9.77,90.43%,86.99%,15.43%,Aug 05/a,17.97,-0.83%,"95,047"
VVELL,-,-,-,-,-,-,-,-,-,-,-,-,-,2.76,1.10%,"88,892"
VVELO,338.53M,-,-37.48%,-62.15%,-30.01%,6.33,5.22,0.19,0.21,0.54%,-87.64%,-90.74%,Aug 11/a,10.53,0.86%,"635,770"
VVEM,-,1.89%,-,-,-,-,-,-,-,-,-,-,-,28.67,1.11%,18
VVEMY,-,7.35%,-,-,-,-,-,-,-,-,-,-,-,28.29,-0.02%,"5,567"
VVENU,98.34M,-,-12.27%,-38.34%,-14.42%,0.25,0.24,1.12,1.22,-40.03%,-263.39%,-251.33%,Aug 13/b,1.74,-0.57%,"441,428"
VVEON,4.33B,-,0.64%,4.22%,1.00%,0.97,0.96,2.92,3.87,69.38%,23.04%,1.25%,Jul 31/b,67.87,-1.87%,"98,361"
VVERA,2.53B,-,-72.32%,-91.75%,-83.21%,10.65,10.65,0.18,0.18,-,-,-,Aug 10/a,35.05,4.32%,"3,796,747"
VVERI,104.48M,-,-64.36%,-552.14%,-271.97%,0.47,0.47,0.05,1.44,39.26%,-84.36%,-120.90%,Aug 13/a,1.04,18.15%,"5,272,120"
VVERS,-,0.13%,-,-,-,-,-,-,-,-,-,-,-,72.67,1.97%,408
VVERU,41.60M,-,-43.85%,-64.54%,-46.59%,4.42,4.42,0.07,0.09,-,-,-,Aug 10/b,2.44,-2.40%,"245,308"
VVERX,1.99B,-,0.30%,1.46%,0.61%,0.86,0.86,1.43,1.45,59.86%,1.08%,0.45%,Aug 03/a,12.26,-0.08%,"1,122,819"
VVET,2.02B,2.92%,-7.36%,-18.49%,-12.95%,1.00,0.90,0.63,0.63,19.96%,14.09%,-23.68%,Jul 29/a,13.23,-1.19%,"1,223,354"
VVETZ,-,6.12%,-,-,-,-,-,-,-,-,-,-,-,19.15,0.13%,692
VVEU,-,2.49%,-,-,-,-,-,-,-,-,-,-,-,85.18,1.04%,"2,375,218"
VVEXC,-,1.39%,-,-,-,-,-,-,-,-,-,-,-,97.36,0.86%,"12,053"
VVFC,5.18B,2.75%,2.80%,17.94%,4.66%,1.43,0.78,2.33,2.81,55.63%,7.13%,2.88%,Jul 29/b,13.17,4.36%,"7,618,033"
VVFF,352.18M,-,5.50%,7.67%,6.45%,3.17,2.25,0.13,0.15,44.29%,16.09%,9.85%,Aug 10/b,2.88,0.70%,"464,319"
VVFH,-,1.66%,-,-,-,-,-,-,-,-,-,-,-,139.68,0.55%,"291,725"
VVFLO,-,0.97%,-,-,-,-,-,-,-,-,-,-,-,53.88,0.60%,"1,695,502"
VVFMF,-,1.32%,-,-,-,-,-,-,-,-,-,-,-,185.62,0.81%,"61,549"
VVFMO,-,0.61%,-,-,-,-,-,-,-,-,-,-,-,228.69,0.93%,"65,422"
VVFMV,-,1.74%,-,-,-,-,-,-,-,-,-,-,-,144.28,0.97%,"20,918"
VVFQY,-,1.04%,-,-,-,-,-,-,-,-,-,-,-,173.15,0.77%,"3,692"
VVFS,7.51B,-,-61.99%,-,-,0.48,0.20,-,-,-51.16%,-82.53%,-110.54%,Jun 08/b,3.21,6.64%,"685,949"
VVFVA,-,1.74%,-,-,-,-,-,-,-,-,-,-,-,159.67,0.69%,"16,375"
VVG,39.50B,0.61%,6.92%,48.40%,7.32%,1.19,1.11,4.95,4.99,47.80%,37.66%,19.65%,Aug 11/b,15.80,1.94%,"21,682,469"
VVGAS,62.18M,-,-10.46%,-21.22%,-22.77%,26.16,26.16,0.00,0.01,-,-,-,-,1.41,8.46%,"12,540"
VVGHY,-,5.61%,-,-,-,-,-,-,-,-,-,-,-,73.52,-0.16%,"165,422"
VVGI,81.23M,13.37%,-,-,-,-,-,-,-,-,-,-,-,7.18,-0.28%,"24,388"
VVGIT,-,3.99%,-,-,-,-,-,-,-,-,-,-,-,57.34,-0.17%,"3,718,473"
VVGK,-,2.85%,-,-,-,-,-,-,-,-,-,-,-,90.02,0.67%,"1,071,090"
VVGLT,-,4.87%,-,-,-,-,-,-,-,-,-,-,-,51.90,0.04%,"2,557,829"
VVGM,534.18M,7.92%,-,-,-,-,-,-,-,-,-,-,-,9.85,0.00%,"94,980"
VVGMS,-,5.31%,-,-,-,-,-,-,-,-,-,-,-,50.31,-0.08%,"66,598"
VVGNT,3.32B,0.59%,-,-,-,1.40,1.09,26.06,28.51,-,-,-,Aug 04/b,46.89,1.06%,"372,522"
VVGRO,-,-,-,-,-,-,-,-,-,-,-,-,-,25.11,0.94%,36
VVGSH,-,3.79%,-,-,-,-,-,-,-,-,-,-,-,57.69,-0.07%,"4,020,059"
VVGSR,-,3.38%,-,-,-,-,-,-,-,-,-,-,-,11.09,0.70%,"73,170"
VVGT,-,0.36%,-,-,-,-,-,-,-,-,-,-,-,121.07,1.20%,"2,892,146"
VVGUS,-,3.58%,-,-,-,-,-,-,-,-,-,-,-,75.51,0.01%,"192,852"
VVGVT,-,4.14%,-,-,-,-,-,-,-,-,-,-,-,73.13,-0.21%,"3,408"
VVGZ,316.76M,-,-25.30%,-26.40%,-16.82%,34.21,34.21,0.00,0.00,-,-,-,Jul 29/a,2.17,-0.91%,"702,303"
VVHC,48.49M,-,-61.14%,-82.13%,-131.50%,6.24,6.24,0.00,0.00,77.19%,-17639.47%,-17373.68%,Aug 16/a,11.50,-0.61%,"64,346"
VVHCP,308.81M,-,-,-,1.43%,6.27,6.27,0.00,0.00,-,-,-,-,10.07,-0.20%,"150,055"
VVHI,517.15M,1.75%,-1.91%,-4.83%,-3.10%,3.37,1.90,0.58,0.58,14.69%,0.53%,-2.36%,Aug 06/a,18.26,0.61%,"2,995"
VVHT,-,1.52%,-,-,-,-,-,-,-,-,-,-,-,310.74,-0.17%,"161,330"
VVHUB,89.93M,-,-818.26%,-,-10623.24%,0.77,0.44,-,-,-66.16%,-8466.02%,-11799.23%,-,0.92,8.72%,"199,081"
VVIA,2.10B,-,-17.64%,-,-15.73%,5.04,5.04,0.01,0.03,39.09%,-17.43%,-20.04%,Aug 06/b,25.76,-2.28%,"429,655"
VVIAG,-,-,-,-,-,-,-,-,-,-,-,-,-,10.62,7.06%,"3,625"
VVIAV,9.56B,-,-1.29%,-2.73%,-1.61%,1.85,1.59,0.30,0.48,56.17%,10.97%,-2.00%,Aug 05/a,38.75,3.61%,"4,734,714"
VVICI,27.34B,7.33%,5.86%,9.84%,6.12%,0.14,0.14,0.55,0.61,99.23%,88.72%,67.50%,Jul 29/a,24.83,0.40%,"10,264,242"
VVICR,9.12B,-,18.30%,20.13%,17.29%,13.25,11.18,0.01,0.01,60.00%,18.64%,30.65%,Jul 21/b,197.91,11.15%,"737,934"
VVIDA,31.06M,-,-,-,-,18.31,18.31,0.00,0.01,-,-,-,-,2.13,2.40%,"62,552"
VVIDI,-,3.76%,-,-,-,-,-,-,-,-,-,-,-,41.24,1.04%,"4,347"
VVIG,-,1.50%,-,-,-,-,-,-,-,-,-,-,-,239.43,0.72%,"788,098"
VVIGI,-,2.06%,-,-,-,-,-,-,-,-,-,-,-,96.99,0.82%,"226,870"
VVII,307.29M,-,-,-,-,0.00,0.00,-,-,-,-,-,May 15/a,9.82,-0.05%,368
VVIK,37.93B,-,10.82%,139.54%,17.70%,0.81,0.79,3.61,3.75,38.76%,23.27%,19.33%,Aug 19/b,85.01,1.19%,"3,627,180"
VVINP,618.48M,8.30%,6.53%,12.49%,8.38%,3.58,3.58,0.40,0.49,-,37.43%,23.12%,Aug 11/a,9.44,-1.15%,"32,762"
VVIOG,-,0.79%,-,-,-,-,-,-,-,-,-,-,-,143.21,0.44%,"8,636"
VVIOO,-,1.14%,-,-,-,-,-,-,-,-,-,-,-,131.81,0.53%,"90,985"
VVIOT,44.41M,-,-0.23%,-0.39%,-0.39%,2.53,2.36,0.03,0.08,23.75%,-5.59%,-0.35%,Aug 27/b,1.40,2.94%,"2,310,374"
VVIOV,-,1.69%,-,-,-,-,-,-,-,-,-,-,-,115.56,0.51%,"32,023"
VVIP,32.81M,-,1.06%,-,-,0.41,0.41,-,-,-13.63%,-42.01%,0.96%,-,1.78,-2.73%,"140,107"
VVIPS,4.96B,4.38%,12.97%,24.49%,22.15%,1.28,1.15,0.01,0.26,23.41%,6.81%,9.89%,Aug 25/b,12.47,-0.87%,"2,946,069"
VVIR,1.80B,-,-20.91%,-26.08%,-23.60%,6.04,6.04,0.09,0.09,96.20%,-92.16%,-83.00%,Aug 05/a,10.62,0.38%,"2,077,968"
VVIRC,97.74M,1.61%,-1.29%,-2.23%,-1.79%,2.53,1.43,0.27,0.34,37.33%,-2.46%,-1.31%,Sep 04/b,6.20,0.81%,"18,796"
VVIRT,9.45B,1.58%,2.22%,31.65%,12.56%,0.94,0.94,1.21,2.83,50.39%,37.84%,13.84%,Jul 30/b,60.86,-1.15%,"686,376"
VVIS,-,0.93%,-,-,-,-,-,-,-,-,-,-,-,331.15,1.21%,"46,372"
VVISN,1.49B,-,5.59%,47.40%,10.37%,2.57,2.15,0.01,0.02,37.80%,12.32%,7.31%,Aug 06/b,6.48,1.25%,"4,925,759"
VVIST,8.47B,0.92%,10.80%,30.42%,13.06%,0.69,0.68,0.91,1.13,52.61%,38.02%,23.55%,Jul 17/b,76.27,-3.39%,"1,129,234"
VVITL,418.15M,-,0.03%,0.05%,0.04%,1.08,0.58,0.25,0.38,29.05%,0.48%,0.02%,Aug 06/b,9.74,-0.51%,"1,432,552"
VVIV,18.93B,8.00%,5.18%,9.90%,8.05%,0.95,0.89,0.22,0.30,40.78%,15.67%,10.65%,Jul 27/a,11.85,-0.59%,"923,981"
VVIVK,6.44M,-,-54.36%,-136.53%,-211.99%,0.20,0.19,0.13,0.96,-4.09%,-16.75%,-115.30%,-,0.79,-7.39%,"936,168"
VVIVO,127.65M,-,-,-,-,-,-,-,-,-,-,-,-,3.99,-0.75%,"219,735"
VVIVS,4.70M,-,-155.93%,-343.10%,-,1.70,1.70,-,-,-73.21%,-10116.96%,-11016.07%,-,0.28,-5.57%,"419,934"
VVIXM,-,-,-,-,-,-,-,-,-,-,-,-,-,13.34,-0.67%,"620,567"
VVIXY,-,-,-,-,-,-,-,-,-,-,-,-,-,17.30,-4.74%,"3,169,935"
VVKI,379.49M,7.87%,-,-,-,-,-,-,-,-,-,-,-,8.54,-0.12%,"101,720"
VVKQ,519.60M,8.05%,-,-,-,-,-,-,-,-,-,-,-,9.39,0.32%,"190,077"
VVKTX,3.73B,-,-79.24%,-88.85%,-129.73%,4.72,4.72,0.01,0.01,-,-,-,Jul 29/a,31.98,-0.47%,"2,207,193"
VVLGEA,577.68M,2.31%,5.26%,10.60%,6.57%,1.17,0.88,0.56,0.62,26.73%,2.87%,2.20%,-,43.23,0.23%,"33,621"
VVLN,179.74M,-,-24.08%,-30.38%,-31.37%,5.21,4.62,0.07,0.08,61.78%,-47.25%,-45.23%,Aug 12/b,1.66,0.61%,"752,873"
VVLO,112.41B,1.24%,11.59%,29.30%,20.30%,1.64,1.23,0.42,0.45,8.41%,7.60%,5.15%,Jul 30/b,390.42,1.29%,"3,057,610"
VVLOS,328.50M,-,1.32%,1.41%,1.40%,0.03,0.03,0.00,0.01,-,-,-,-,10.77,-0.15%,25
VVLRS,749.47M,-,-3.28%,-116.75%,-5.79%,0.64,0.64,47.02,57.18,3.90%,-4.81%,-5.70%,Jul 21/b,6.52,0.77%,"273,330"
VVLT,63.09M,11.50%,-,-,-,-,-,-,-,-,-,-,-,9.69,-0.41%,"53,836"
VVLTO,22.94B,0.51%,12.56%,34.37%,17.11%,1.78,1.61,0.87,1.09,59.34%,22.74%,17.35%,Jul 28/a,94.10,0.70%,"998,396"
VVLU,-,1.57%,-,-,-,-,-,-,-,-,-,-,-,247.16,0.87%,"3,706"
VVLUE,-,1.38%,-,-,-,-,-,-,-,-,-,-,-,203.19,1.14%,"484,689"
VVLY,7.63B,3.19%,1.08%,8.95%,6.34%,0.06,-,0.38,0.44,-,24.20%,18.66%,Jul 23/b,13.80,-0.36%,"4,020,035"
VVMAR,4.70M,-,-46.09%,-337.93%,-94.07%,1.26,0.47,2.19,4.49,7.67%,-56.46%,-132.06%,Jul 14/b,7.20,0.00%,"44,165"
VVMAX,-,1.78%,-,-,-,-,-,-,-,-,-,-,-,65.19,0.62%,171
VVMBS,-,4.32%,-,-,-,-,-,-,-,-,-,-,-,45.32,-0.13%,"1,774,846"
VVMC,32.75B,0.83%,6.69%,13.24%,8.61%,1.76,1.20,0.53,0.58,27.51%,20.74%,13.75%,Jul 29/b,252.74,0.85%,"1,031,340"
VVMD,334.80M,-,7.46%,10.22%,9.45%,1.13,1.02,0.07,0.08,56.95%,8.47%,4.81%,Aug 03/a,8.79,0.46%,"202,212"
VVMET,1.05B,-,7.00%,12.17%,5.15%,0.71,0.71,0.82,0.95,49.64%,39.06%,49.92%,-,9.65,-1.43%,"226,609"
VVMI,9.33B,0.63%,14.85%,31.07%,19.46%,2.35,1.55,0.50,0.50,30.32%,13.80%,11.95%,Jul 21/b,483.44,1.34%,"111,849"
VVMO,632.59M,7.93%,-,-,-,-,-,-,-,-,-,-,-,9.38,0.64%,"366,548"
VVMRK,50.71B,4.27%,4.24%,8.13%,4.66%,0.07,0.07,0.79,0.79,30.79%,28.82%,27.68%,Jul 22/a,65.54,0.80%,"6,726,347"
VVMSB,-,3.68%,-,-,-,-,-,-,-,-,-,-,-,48.58,-0.24%,458
VVNAM,-,0.50%,-,-,-,-,-,-,-,-,-,-,-,24.63,-1.72%,"3,576"
VVNCE,67.32M,-,3.26%,14.09%,4.87%,1.49,0.46,1.66,1.95,52.52%,4.13%,2.42%,Sep 10/b,5.24,4.17%,"385,070"
VVNDA,307.76M,-,-53.00%,-77.81%,-115.30%,1.61,1.60,0.08,0.10,89.32%,-86.07%,-127.41%,Aug 05/a,5.09,0.99%,"701,226"
VVNET,1.77B,-,-5.36%,-47.05%,-7.99%,0.97,0.97,6.17,7.52,20.48%,7.16%,-22.38%,Aug 18/b,6.33,-0.78%,"1,439,755"
VVNIE,-,0.32%,-,-,-,-,-,-,-,-,-,-,-,24.85,0.88%,12
VVNLA,-,5.14%,-,-,-,-,-,-,-,-,-,-,-,48.77,0.02%,"551,520"
VVNM,-,0.22%,-,-,-,-,-,-,-,-,-,-,-,17.50,-2.78%,"887,755"
VVNME,257.12M,-,6.76%,6.80%,3.40%,1.86,1.86,0.00,0.00,-,-,-,-,10.30,0.29%,7
VVNO,7.21B,2.44%,0.43%,1.14%,0.49%,4.77,4.77,1.41,1.41,19.82%,10.43%,0.32%,Aug 03/a,35.44,3.11%,"1,417,750"
VVNOM,16.06B,6.66%,0.52%,1.35%,0.85%,6.37,6.37,0.33,0.33,51.70%,48.86%,2.89%,Aug 03/a,44.71,-0.29%,"891,447"
VVNQ,-,3.66%,-,-,-,-,-,-,-,-,-,-,-,94.80,0.72%,"3,168,309"
VVNQI,-,4.89%,-,-,-,-,-,-,-,-,-,-,-,44.08,0.11%,"314,069"
VVNRX,5.81M,-,-306.96%,-,-,0.30,0.30,-,-,53.07%,-790.23%,-1061.82%,Aug 13/a,0.31,-8.76%,"1,108,851"
VVNSE,-,0.20%,-,-,-,-,-,-,-,-,-,-,-,41.49,1.29%,14
VVNT,4.35B,0.16%,8.28%,29.07%,12.40%,1.25,0.94,1.35,1.62,44.96%,19.15%,11.34%,Aug 06/b,32.17,2.91%,"1,118,266"
VVNTG,18.87M,-,-,-,-14.08%,1.48,1.48,0.06,0.11,38.19%,-4.21%,-7.38%,Jul 28/b,0.61,1.48%,"711,743"
VVO,-,1.32%,-,-,-,-,-,-,-,-,-,-,-,81.03,0.78%,"1,704,718"
VVOC,57.12M,17.11%,68.29%,68.29%,75.91%,-,-,0.00,0.00,104.23%,91.52%,91.52%,-,3.36,0.60%,"33,766"
VVOD,40.27B,3.24%,-0.24%,-0.61%,-0.43%,1.07,1.05,0.90,1.04,31.46%,9.58%,-1.02%,-,17.40,0.40%,"2,233,750"
VVOE,-,1.81%,-,-,-,-,-,-,-,-,-,-,-,205.40,0.75%,"336,201"
VVOGX,485.91M,-,-,-,-,0.11,0.11,-,-,-,-,-,Sep 02,32.71,9.54%,"98,315"
VVOLT,-,0.24%,-,-,-,-,-,-,-,-,-,-,-,36.54,2.07%,"86,750"
VVONE,-,1.00%,-,-,-,-,-,-,-,-,-,-,-,345.63,0.85%,"51,711"
VVONG,-,0.46%,-,-,-,-,-,-,-,-,-,-,-,125.90,0.85%,"738,852"
VVONV,-,1.53%,-,-,-,-,-,-,-,-,-,-,-,112.09,0.87%,"407,220"
VVOO,-,1.05%,-,-,-,-,-,-,-,-,-,-,-,702.56,0.85%,"5,799,720"
VVOOG,-,0.45%,-,-,-,-,-,-,-,-,-,-,-,83.74,0.81%,"776,173"
VVOOV,-,1.64%,-,-,-,-,-,-,-,-,-,-,-,227.20,0.85%,"81,241"
VVOOY,-,-,-,-,-,-,-,-,-,-,-,-,-,25.15,0.78%,"1,415"
VVOR,1.32B,-,182.91%,-,-,19.15,19.15,-,-,-,-,-,Aug 12/a,22.30,-0.18%,"800,379"
VVOT,-,0.62%,-,-,-,-,-,-,-,-,-,-,-,294.99,0.77%,"198,320"
VVOTE,-,0.92%,-,-,-,-,-,-,-,-,-,-,-,90.15,0.89%,"15,262"
VVOX,-,1.03%,-,-,-,-,-,-,-,-,-,-,-,190.89,1.09%,"288,965"
VVOXP,-,1.71%,-,-,-,-,-,-,-,-,-,-,-,39.88,0.90%,12
VVOXR,402.38M,1.04%,42.70%,49.39%,31.54%,7.50,7.50,0.00,0.00,65.68%,29.26%,144.32%,Aug 12/a,5.79,0.87%,"362,065"
VVOYA,9.37B,1.86%,0.36%,13.06%,7.17%,-,-,0.81,0.84,-,12.07%,6.94%,Aug 04/a,103.41,0.72%,"1,432,740"
VVOYG,2.06B,-,-16.16%,-31.11%,-16.93%,3.80,3.72,1.48,1.51,2.59%,-83.77%,-78.61%,Aug 03/a,33.78,2.46%,"995,510"
VVPC,-,15.72%,-,-,-,-,-,-,-,-,-,-,-,15.46,0.17%,"2,933"
VVPFF,-,0.67%,-,-,-,-,-,-,-,-,-,-,-,24.93,0.03%,13
VVPG,870.76M,-,0.86%,1.19%,1.07%,4.15,2.72,0.10,0.12,38.68%,2.38%,1.20%,Aug 05/b,65.37,5.91%,"354,389"
VVPL,-,2.56%,-,-,-,-,-,-,-,-,-,-,-,118.10,1.98%,"374,607"
VVPLS,-,4.65%,-,-,-,-,-,-,-,-,-,-,-,75.24,-0.13%,"242,220"
VVPU,-,2.82%,-,-,-,-,-,-,-,-,-,-,-,183.19,-0.45%,"208,436"
VVPV,195.43M,7.36%,-,-,-,-,-,-,-,-,-,-,-,10.93,0.18%,"9,931"
VVRA,89.30M,-,-7.90%,-14.09%,-11.02%,2.48,0.85,0.37,0.51,47.90%,-5.50%,-7.02%,Sep 15/b,3.14,2.95%,"58,173"
VVRAI,-,2.81%,-,-,-,-,-,-,-,-,-,-,-,28.73,-0.17%,873
VVRAX,2.13M,-,-68.11%,-75.70%,-63.74%,9.97,9.97,0.04,0.05,-3472.01%,-51515.17%,-40439.10%,-,2.67,-6.32%,"42,964"
VVRC,-,-,-,-,-,-,-,-,-,-,-,-,-,15.77,7.37%,"1,932"
VVRCA,84.35M,-,-83.02%,-240.35%,-604.20%,1.33,1.21,0.20,0.42,85.89%,-87.18%,-102.84%,Aug 06/a,4.91,-0.81%,"41,892"
VVRDN,2.41B,-,-43.89%,-62.62%,-40.76%,16.95,16.95,0.37,0.37,98.78%,-569.68%,-518.22%,Aug 06/b,21.24,-4.71%,"944,077"
VVREX,778.06M,-,2.03%,4.64%,2.59%,3.38,1.53,0.72,0.76,34.32%,8.35%,2.55%,Aug 10/b,18.46,-0.05%,"1,029,461"
VVRIG,-,4.59%,-,-,-,-,-,-,-,-,-,-,-,25.07,-0.06%,"6,455,135"
VVRM,52.55M,-,-5.95%,-41.88%,-6.63%,16.89,16.89,6.10,6.43,81.35%,-14.88%,-62.76%,Aug 04/a,10.04,-2.14%,"50,834"
VVRME,8.08M,-,-36.61%,-42.84%,-52.43%,4.32,4.29,0.00,0.08,40.79%,-14.66%,-47.08%,Aug 14/b,0.61,-1.18%,"9,971"
VVRNS,5.18B,-,-8.65%,-35.97%,-14.72%,1.65,1.65,1.16,1.19,77.10%,-24.01%,-20.50%,Jul 28/a,45.12,-0.84%,"2,227,155"
VVRP,-,6.13%,-,-,-,-,-,-,-,-,-,-,-,24.04,0.04%,"261,529"
VVRRM,539.54M,-,2.67%,15.38%,3.42%,2.05,1.95,4.79,4.86,79.29%,24.19%,4.40%,Aug 05/a,3.55,-2.74%,"7,367,393"
VVRSK,22.93B,1.13%,19.06%,444.05%,28.15%,1.01,1.01,-,-,59.78%,44.81%,28.24%,Jul 29/b,176.20,0.19%,"688,410"
VVRSN,26.43B,0.97%,52.95%,-,-,0.59,0.59,-,-,88.47%,67.86%,49.77%,Jul 23/a,292.71,1.34%,"497,393"
VVRT,98.97B,0.09%,13.17%,43.94%,21.61%,1.38,1.03,0.68,0.70,35.73%,19.81%,15.09%,Jul 29/b,257.06,3.60%,"4,774,096"
VVRTL,-,-,-,-,-,-,-,-,-,-,-,-,-,26.46,7.21%,"308,826"
VVRTS,976.25M,6.51%,2.91%,13.01%,8.22%,1.72,1.72,0.54,0.54,81.61%,14.91%,14.39%,Jul 30/b,147.41,-2.90%,"138,750"
VVRTX,130.64B,-,17.12%,23.54%,19.82%,3.19,2.74,0.10,0.10,86.12%,39.54%,34.69%,Aug 03/a,515.44,0.17%,"875,635"
VVRXA,243.76M,-,2.52%,5.72%,-,0.00,0.00,-,-,-,-,-,-,1.65,0.00%,"88,877"
VVS,7.02M,-,-42.01%,-14.58%,-14.47%,4.00,4.00,0.00,0.00,142.94%,-142.20%,-113.18%,-,1.13,7.79%,"18,842"
VVSA,1.80M,-,-128.57%,-,-,0.00,0.00,-,-,39.53%,-67.93%,-69.95%,-,2.90,-3.33%,"4,174"
VVSAT,10.24B,-,-0.20%,-0.64%,-0.27%,1.68,1.52,1.34,1.49,27.60%,2.35%,-0.64%,Aug 04/a,74.31,0.18%,"1,244,679"
VVSDA,-,2.58%,-,-,-,-,-,-,-,-,-,-,-,57.97,0.25%,"7,174"
VVSDB,-,4.06%,-,-,-,-,-,-,-,-,-,-,-,75.22,-0.09%,"62,542"
VVSDM,-,3.16%,-,-,-,-,-,-,-,-,-,-,-,75.38,0.08%,"223,023"
VVSEC,5.47B,0.21%,2.78%,4.27%,1.91%,3.77,1.30,0.34,0.35,12.61%,11.75%,5.52%,Aug 05/a,194.98,1.21%,"212,948"
VVSGX,-,2.89%,-,-,-,-,-,-,-,-,-,-,-,82.87,1.00%,"377,685"
VVSH,5.09B,1.18%,0.61%,1.13%,0.88%,1.80,1.27,0.11,0.38,20.93%,3.30%,0.86%,Aug 05/b,33.21,6.14%,"3,456,810"
VVSHY,-,6.22%,-,-,-,-,-,-,-,-,-,-,-,21.60,0.02%,"1,173"
VVSLU,-,0.42%,-,-,-,-,-,-,-,-,-,-,-,48.51,1.00%,"29,167"
VVSME,2.96M,-,-104.03%,-317.28%,-200.28%,1.47,1.47,0.04,0.70,23.31%,-85.45%,-114.50%,-,1.07,16.28%,"10,579,111"
VVSMV,-,1.30%,-,-,-,-,-,-,-,-,-,-,-,60.79,0.90%,"2,485"
VVSNT,5.16B,3.37%,6.22%,8.15%,6.91%,2.38,2.38,0.35,0.36,40.85%,19.29%,11.46%,Aug 06/b,37.19,-0.46%,"1,021,664"
VVSOL,-,-,-,-,-,-,-,-,-,-,-,-,-,13.72,2.54%,"21,673"
VVSS,-,3.14%,-,-,-,-,-,-,-,-,-,-,-,158.56,0.72%,"384,525"
VVST,49.80B,0.67%,5.50%,43.07%,9.56%,0.97,0.87,3.23,3.63,20.18%,10.73%,11.52%,Aug 07/b,148.38,0.90%,"3,174,843"
VVSTL,-,-,-,-,-,-,-,-,-,-,-,-,-,23.33,1.66%,"86,870"
VVSTM,662.92M,-,-100.65%,-471.16%,-157.89%,2.25,2.22,1.57,1.69,86.35%,-182.57%,-231.59%,Aug 06/a,7.32,-3.94%,"1,913,863"
VVSTS,1.71B,-,-0.18%,-0.60%,-0.25%,2.17,0.73,1.46,1.53,21.20%,4.18%,-0.20%,Aug 11/b,12.97,-0.54%,"1,215,626"
VVSXY,6.03B,-,7.62%,45.23%,10.48%,1.36,0.57,2.64,2.93,39.51%,9.76%,5.46%,Sep 03/b,75.65,3.08%,"1,638,670"
VVT,-,1.55%,-,-,-,-,-,-,-,-,-,-,-,159.94,0.89%,"2,084,107"
VVTAK,3.32M,-,-41.66%,-106.82%,-57.05%,0.19,0.18,0.30,0.82,-68.83%,-629.77%,-711.49%,-,0.17,6.06%,"736,213"
VVTC,-,5.11%,-,-,-,-,-,-,-,-,-,-,-,74.03,-0.08%,"66,555"
VVTEB,-,3.52%,-,-,-,-,-,-,-,-,-,-,-,48.43,0.35%,"33,772,181"
VVTEC,-,3.26%,-,-,-,-,-,-,-,-,-,-,-,96.39,0.27%,"493,823"
VVTEI,-,3.21%,-,-,-,-,-,-,-,-,-,-,-,97.05,0.12%,"241,410"
VVTEL,-,3.94%,-,-,-,-,-,-,-,-,-,-,-,98.69,0.54%,"288,211"
VVTES,-,2.74%,-,-,-,-,-,-,-,-,-,-,-,99.86,0.14%,"1,091,487"
VVTEX,605.43M,0.92%,8.57%,12.76%,13.22%,2.89,2.89,0.02,0.03,78.11%,12.66%,11.98%,Aug 06/a,3.60,1.41%,"559,452"
VVTG,-,3.76%,-,-,-,-,-,-,-,-,-,-,-,73.20,-0.08%,"25,294"
VVTGN,10.52M,-,-129.22%,-166.46%,-275.51%,3.07,3.07,0.00,0.03,69.58%,-2784.33%,-2702.64%,Aug 14/b,0.24,-0.84%,"309,992"
VVTHR,-,1.01%,-,-,-,-,-,-,-,-,-,-,-,337.14,0.87%,"21,557"
VVTI,-,1.04%,-,-,-,-,-,-,-,-,-,-,-,376.31,0.82%,"2,651,317"
VVTIP,-,4.17%,-,-,-,-,-,-,-,-,-,-,-,49.50,-0.28%,"6,476,721"
VVTIX,34.99M,-,-241.46%,-1490.57%,-,0.71,0.61,-,-,27.53%,-305.42%,-543.22%,Aug 19/a,1.03,-4.19%,"370,011"
VVTMX,2.96B,2.33%,9.09%,14.14%,9.30%,4.26,4.26,0.37,0.37,88.96%,76.24%,126.55%,Jul 22/b,33.58,0.06%,"19,858"
VVTN,147.53M,8.11%,-,-,-,-,-,-,-,-,-,-,-,10.06,0.60%,"66,246"
VVTOL,1.27B,0.88%,4.46%,10.05%,5.31%,2.26,1.85,0.80,0.89,19.92%,8.79%,6.66%,Aug 04/a,42.70,-0.12%,"172,017"
VVTP,-,3.02%,-,-,-,-,-,-,-,-,-,-,-,74.43,-0.43%,"43,637"
VVTR,47.19B,2.31%,0.94%,2.01%,0.98%,0.71,0.71,0.84,0.89,18.38%,14.83%,4.08%,Jul 29/a,89.99,-0.50%,"3,795,660"
VVTRS,18.96B,3.14%,-1.12%,-2.75%,-1.58%,1.49,0.87,0.83,0.96,39.58%,9.69%,-2.78%,Aug 06/b,16.51,0.79%,"12,174,064"
VVTS,789.88M,8.20%,-1.20%,-1.74%,-1.44%,1.06,1.06,0.25,0.25,19.45%,6.99%,-3.95%,Aug 03/a,18.76,0.64%,"466,597"
VVTSI,33.73M,-,-4.15%,-6.06%,-5.02%,3.85,2.41,0.25,0.26,61.39%,-19.20%,-15.83%,Aug 13/a,2.98,1.02%,"3,807"
VVTV,-,1.83%,-,-,-,-,-,-,-,-,-,-,-,223.97,0.72%,"2,420,719"
VVTVT,126.41M,-,-8.34%,-11.69%,-6.05%,12.48,12.48,0.00,0.00,99.98%,-25.11%,-12.91%,Aug 06/b,31.97,0.35%,"13,723"
VVTWG,-,0.62%,-,-,-,-,-,-,-,-,-,-,-,268.40,0.57%,"17,453"
VVTWO,-,1.12%,-,-,-,-,-,-,-,-,-,-,-,116.76,0.36%,"1,051,313"
VVTWV,-,1.61%,-,-,-,-,-,-,-,-,-,-,-,193.91,0.40%,"25,094"
VVUG,-,0.39%,-,-,-,-,-,-,-,-,-,-,-,88.02,0.93%,"4,687,681"
VVUS,-,1.27%,-,-,-,-,-,-,-,-,-,-,-,30.29,0.89%,208
VVUSB,-,4.29%,-,-,-,-,-,-,-,-,-,-,-,49.55,0.00%,"1,336,431"
VVUSE,-,0.45%,-,-,-,-,-,-,-,-,-,-,-,72.02,0.62%,"10,846"
VVUSG,-,0.02%,-,-,-,-,-,-,-,-,-,-,-,65.19,0.87%,"66,605"
VVUSI,-,3.12%,-,-,-,-,-,-,-,-,-,-,-,50.10,-0.02%,15
VVUSV,-,0.18%,-,-,-,-,-,-,-,-,-,-,-,70.53,0.57%,"34,002"
VVUZI,214.41M,-,-85.08%,-94.40%,-97.82%,5.70,5.15,0.01,0.02,-55.67%,-520.09%,-521.31%,Aug 13/a,2.54,0.00%,"807,018"
VVV,-,1.00%,-,-,-,-,-,-,-,-,-,-,-,352.48,0.86%,"201,247"
VVVOS,3.70M,-,-101.47%,-6629.43%,-35356.94%,0.21,0.21,-,-,53.33%,-107.92%,-121.80%,Aug 14/a,0.18,1.32%,"1,521,136"
VVVR,452.54M,14.29%,-,-,-,-,-,-,-,-,-,-,-,2.94,-0.34%,"225,375"
VVVV,3.90B,-,3.43%,28.40%,4.29%,0.70,0.58,4.68,4.75,38.28%,17.72%,5.17%,Aug 05/b,30.55,1.13%,"2,246,127"
VVVX,2.26B,-,2.90%,8.35%,4.21%,1.32,1.25,0.92,0.94,8.47%,4.19%,1.88%,Aug 03/a,72.22,-0.47%,"615,754"
VVWAV,14.10M,-,-16.69%,-48.65%,-1.19%,0.16,0.16,0.00,0.22,-,-,-,-,0.47,-3.73%,"1,063,347"
VVWO,-,2.29%,-,-,-,-,-,-,-,-,-,-,-,60.35,0.68%,"6,348,066"
VVWOB,-,5.97%,-,-,-,-,-,-,-,-,-,-,-,64.88,-0.06%,"760,463"
VVXF,-,1.03%,-,-,-,-,-,-,-,-,-,-,-,237.76,0.68%,"366,374"
VVXUS,-,2.51%,-,-,-,-,-,-,-,-,-,-,-,87.14,1.00%,"5,336,794"
VVXX,-,-,-,-,-,-,-,-,-,-,-,-,-,18.07,-4.29%,"8,366,679"
VVXZ,-,-,-,-,-,-,-,-,-,-,-,-,-,46.76,-1.39%,"23,255"
VVYGR,196.56M,-,-41.45%,-54.09%,-59.83%,7.51,7.51,0.17,0.21,88.91%,-340.08%,-312.63%,Aug 06/a,3.19,0.00%,"276,063"
VVYLD,-,-,-,-,-,-,-,-,-,-,-,-,-,30.93,0.91%,500
VVYM,-,2.23%,-,-,-,-,-,-,-,-,-,-,-,162.92,0.67%,"853,298"
VVYMI,-,3.41%,-,-,-,-,-,-,-,-,-,-,-,105.60,0.83%,"655,776"
VVYX,1.18B,1.05%,1.48%,5.10%,3.11%,1.07,0.95,1.16,1.16,24.83%,6.67%,2.29%,Aug 05/b,8.55,5.95%,"2,335,185"
VVZ,210.27B,5.58%,4.08%,15.63%,6.09%,0.55,0.52,1.56,1.81,45.71%,22.73%,11.64%,Jul 24/b,50.61,1.28%,"16,458,003"
VVZLA,1.41B,-,-23.51%,-38.97%,-17.95%,55.18,55.18,0.57,0.57,-,-,-,Sep 04/b,3.97,-0.75%,"3,793,187"
WW,13.50B,0.01%,-10.26%,-,-46.59%,0.74,0.71,-,-,29.47%,1.77%,-2.49%,Aug 04/b,98.57,1.15%,"1,688,561"
WWAB,47.84B,0.42%,5.82%,11.50%,7.69%,1.12,0.59,0.47,0.62,32.24%,16.74%,10.57%,Jul 22/b,283.22,1.05%,"493,258"
WWABC,1.37B,3.22%,1.91%,12.49%,12.71%,0.15,-,0.02,0.18,-,56.09%,41.71%,Jul 16/b,59.09,-0.03%,"195,785"
WWABF,-,5.32%,-,-,-,-,-,-,-,-,-,-,-,24.11,-0.23%,"2,443"
WWAFD,2.51B,3.19%,0.94%,8.50%,4.05%,0.07,-,1.10,1.10,-,23.63%,17.42%,Jul 16/a,33.88,-0.65%,"1,000,243"
WWAFU,6.06M,-,-7.40%,-10.66%,-10.94%,4.12,4.12,0.01,0.02,29.08%,-13.47%,-17.40%,-,1.38,0.36%,"11,255"
WWAGN,-,-,-,-,-,-,-,-,-,-,-,-,-,15.54,-0.32%,"200,192"
WWAL,8.65B,2.11%,1.06%,13.11%,9.30%,0.11,-,0.34,0.95,-,20.86%,16.98%,Jul 21/a,79.29,0.01%,"588,345"
WWALD,171.33M,-,-25.64%,-40.87%,-37.79%,1.70,0.97,0.32,0.32,45.52%,-22.67%,-84.44%,Mar 13/b,1.31,-1.50%,"39,049"
WWAMA,-,0.41%,-,-,-,-,-,-,-,-,-,-,-,26.85,0.94%,"5,146"
WWANT,-,0.61%,-,-,-,-,-,-,-,-,-,-,-,36.69,2.49%,"24,941"
WWAR,-,0.15%,-,-,-,-,-,-,-,-,-,-,-,30.29,0.17%,"4,408"
WWARP,-,-,-,-,-,-,-,-,-,-,-,-,-,20.25,1.07%,"54,419"
WWASH,762.78M,5.60%,0.83%,10.25%,6.52%,0.04,-,0.54,0.93,-,18.67%,14.58%,Jul 20/a,39.99,0.35%,"113,650"
WWAT,40.12B,-,1.13%,1.91%,0.81%,1.86,1.29,0.34,0.36,41.95%,11.83%,3.58%,Aug 04/b,408.34,1.67%,"487,177"
WWATR,59.48M,-,2.05%,2.16%,2.14%,5.36,5.36,0.00,0.00,-,-,-,Sep 02,1.88,2.73%,"69,567"
WWATS,-,-,-,-,-,-,-,-,-,-,-,-,-,20.76,0.26%,371
WWATT,62.62M,-,-27.74%,-32.77%,-19.82%,8.78,8.28,0.01,0.03,26.08%,-81.90%,-76.37%,Aug 12/a,11.33,0.89%,"115,993"
WWAVE,34.69M,-,-35.78%,-46.78%,-44.56%,3.49,3.49,0.00,0.16,57.90%,-8006.91%,-9155.28%,Aug 11/b,5.56,-2.28%,"6,961"
WWAY,4.50B,-,2.56%,3.77%,2.47%,1.85,1.85,0.37,0.37,56.11%,25.36%,11.18%,Jul 29/a,23.47,1.78%,"1,731,361"
WWB,1.05B,7.95%,4.66%,8.41%,5.44%,3.59,3.59,0.47,0.47,73.36%,24.50%,17.77%,Aug 19/b,6.63,0.30%,"744,287"
WWBD,70.40B,-,-3.18%,-9.19%,-5.00%,0.78,0.78,0.93,0.98,33.28%,7.00%,-8.75%,Aug 06/b,28.04,-0.57%,"12,965,816"
WWBI,3.99B,0.63%,0.17%,0.68%,0.17%,1.53,1.53,2.13,2.14,25.06%,16.98%,0.54%,Aug 05/a,32.29,-1.31%,"531,726"
WWBIF,-,0.06%,-,-,-,-,-,-,-,-,-,-,-,36.13,0.67%,240
WWBIG,-,0.95%,-,-,-,-,-,-,-,-,-,-,-,26.43,0.43%,594
WWBIL,-,0.04%,-,-,-,-,-,-,-,-,-,-,-,39.83,1.15%,245
WWBIY,-,3.97%,-,-,-,-,-,-,-,-,-,-,-,37.58,0.86%,"4,794"
WWBTN,1.46B,-,-19.12%,-25.73%,-29.20%,2.63,2.63,0.01,0.02,24.45%,-3.34%,-25.16%,Aug 10/a,10.78,4.46%,"574,605"
WWBUY,4.93M,-,-27.63%,-102.06%,-120.39%,1.15,1.15,0.28,0.68,7.99%,-35.13%,-28.85%,-,0.90,0.55%,"17,060"
WWBX,81.76M,-,-35.92%,-777.73%,-222.06%,0.57,0.29,-,-,-16.30%,-45.73%,-94.47%,Jul 30/b,3.31,0.91%,"12,424"
WWCAP,-,0.04%,-,-,-,-,-,-,-,-,-,-,-,9.26,0.76%,275
WWCBR,-,-,-,-,-,-,-,-,-,-,-,-,-,39.12,-1.25%,"31,753"
WWCC,17.36B,0.56%,4.21%,14.34%,6.01%,2.09,1.23,1.28,1.28,20.31%,5.71%,2.86%,Jul 30/b,356.32,3.58%,"467,554"
WWCEO,-,0.55%,-,-,-,-,-,-,-,-,-,-,-,38.30,1.17%,667
WWCLD,-,-,-,-,-,-,-,-,-,-,-,-,-,38.78,-0.23%,"573,185"
WWCME,-,0.34%,-,-,-,-,-,-,-,-,-,-,-,19.19,0.72%,"2,173"
WWCMG,-,-,-,-,-,-,-,-,-,-,-,-,-,21.41,0.41%,328
WWCMI,-,0.53%,-,-,-,-,-,-,-,-,-,-,-,19.65,0.82%,"1,113,702"
WWCN,40.26B,0.88%,5.04%,13.03%,6.07%,0.66,0.66,1.21,1.22,29.47%,17.58%,10.86%,Jul 22/a,159.74,0.19%,"601,779"
WWCPB,-,4.47%,-,-,-,-,-,-,-,-,-,-,-,24.76,-0.11%,"46,527"
WWCT,87.27M,-,-,-,-65.27%,4.59,4.59,0.01,0.05,-58.03%,-470.31%,-542.98%,-,7.15,-2.99%,"354,357"
WWD,1.39B,6.71%,0.78%,2.17%,1.48%,0.58,0.58,0.48,1.39,74.77%,15.17%,2.95%,Aug 06/b,40.53,0.50%,"339,018"
WWDAF,-,0.12%,-,-,-,-,-,-,-,-,-,-,-,31.07,2.71%,"4,852"
WWDAI,-,0.40%,-,-,-,-,-,-,-,-,-,-,-,28.93,1.35%,10
WWDAY,44.75B,-,7.40%,16.01%,13.74%,0.86,0.86,0.41,0.58,75.82%,12.64%,12.31%,Aug 27/a,185.70,0.33%,"1,856,962"
WWDC,161.23B,0.13%,66.83%,131.36%,103.78%,1.33,0.97,0.01,0.13,48.83%,35.58%,71.97%,Aug 05/a,447.18,-2.98%,"5,130,471"
WWDCC,-,-,-,-,-,-,-,-,-,-,-,-,-,12.89,-5.50%,"12,944"
WWDCX,-,-,-,-,-,-,-,-,-,-,-,-,-,17.13,-5.57%,"1,174,745"
WWDE,-,1.32%,-,-,-,-,-,-,-,-,-,-,-,24.83,-0.24%,6
WWDEF,-,0.07%,-,-,-,-,-,-,-,-,-,-,-,28.77,-0.00%,"7,709"
WWDFC,2.61B,2.05%,18.62%,33.22%,23.77%,2.65,1.95,0.34,0.41,54.75%,17.48%,13.19%,Jul 09/a,194.82,-2.12%,"102,534"
WWDGF,-,0.05%,-,-,-,-,-,-,-,-,-,-,-,30.59,0.29%,260
WWDH,286.30M,3.81%,7.50%,10.60%,10.11%,2.19,2.19,0.00,0.10,57.22%,7.65%,10.68%,Sep 08/b,1.02,-0.97%,"684,558"
WWDI,-,14.33%,-,-,-,-,-,-,-,-,-,-,-,12.39,-0.08%,"220,499"
WWDIG,-,-,-,-,-,-,-,-,-,-,-,-,-,44.01,-1.68%,"2,992"
WWDIV,-,4.05%,-,-,-,-,-,-,-,-,-,-,-,84.30,0.36%,"1,539"
WWDNA,-,3.48%,-,-,-,-,-,-,-,-,-,-,-,22.14,0.13%,326
WWDRN,-,-,-,-,-,-,-,-,-,-,-,-,-,26.39,1.21%,"4,982"
WWDS,44.93B,5.98%,4.65%,8.60%,6.36%,1.39,1.28,0.34,0.38,29.82%,26.46%,22.23%,Aug 24/a,23.69,-0.84%,"701,142"
WWDTE,-,31.35%,-,-,-,-,-,-,-,-,-,-,-,29.04,0.94%,"25,968"
WWEA,122.69M,8.12%,-,-,-,-,-,-,-,-,-,-,-,10.34,-0.67%,"6,866"
WWEAT,-,-,-,-,-,-,-,-,-,-,-,-,-,26.25,-1.72%,"772,075"
WWEAV,584.79M,-,-9.95%,-25.08%,-16.51%,1.07,1.07,0.46,0.60,72.18%,-7.99%,-7.97%,Aug 06/a,7.31,0.14%,"1,174,713"
WWEBL,-,0.15%,-,-,-,-,-,-,-,-,-,-,-,28.72,3.57%,"59,820"
WWEBS,-,3.73%,-,-,-,-,-,-,-,-,-,-,-,14.56,-3.58%,"42,386"
WWEBX,-,-,-,-,-,-,-,-,-,-,-,-,-,17.94,0.96%,14
WWEC,34.32B,3.62%,3.34%,12.35%,5.01%,0.53,0.39,1.39,1.62,38.58%,23.91%,16.69%,Jul 29/b,105.33,-0.02%,"2,060,258"
WWEED,-,-,-,-,-,-,-,-,-,-,-,-,-,21.48,-2.13%,"11,344"
WWEEI,-,10.68%,-,-,-,-,-,-,-,-,-,-,-,25.28,0.16%,"36,809"
WWEEK,-,3.34%,-,-,-,-,-,-,-,-,-,-,-,100.01,-0.01%,"63,427"
WWEEL,-,12.34%,-,-,-,-,-,-,-,-,-,-,-,20.67,0.78%,"5,339"
WWELD,-,0.24%,-,-,-,-,-,-,-,-,-,-,-,54.03,1.87%,"19,007"
WWELL,169.82B,1.34%,2.47%,3.77%,2.35%,13.31,13.31,0.42,0.42,20.26%,5.30%,-2.75%,Jul 27/a,235.62,-0.04%,"2,106,470"
WWEN,1.45B,5.69%,2.58%,108.04%,3.09%,1.90,1.88,32.90,33.81,25.08%,13.10%,5.72%,Aug 07/b,7.63,2.55%,"3,582,165"
WWENC,160.58M,-,-,-,-,6.76,6.76,0.00,0.00,-,-,-,-,9.99,0.00%,8
WWENN,390.19M,-,3.51%,3.69%,3.62%,1.97,1.97,0.00,0.00,-,-,-,-,10.40,0.10%,"3,140"
WWEPN,-,6.86%,-,-,-,-,-,-,-,-,-,-,-,41.95,-0.77%,"1,607"
WWERN,2.24B,1.53%,-1.52%,-3.33%,-2.08%,1.45,1.42,0.64,0.70,4.07%,0.70%,-1.42%,Jul 28/a,37.28,-3.39%,"1,149,518"
WWES,20.26B,7.60%,8.82%,33.74%,9.56%,0.91,0.90,2.09,2.14,50.79%,39.25%,29.00%,Aug 05/a,49.03,1.74%,"653,887"
WWEST,751.73M,-,-5.69%,-23.92%,-8.73%,0.97,0.48,2.02,2.37,12.16%,-0.45%,-4.85%,Aug 06/a,7.70,-0.13%,"215,978"
WWETH,15.39M,-,5.79%,5.98%,5.64%,35.99,35.99,0.00,0.00,29.87%,23.38%,17.57%,-,1.15,-4.17%,"42,321"
WWETO,2.63M,-,-31.33%,-59.76%,-45.73%,1.09,1.09,0.00,0.55,14.17%,-74.48%,-76.15%,-,2.44,-5.43%,"1,553,793"
WWEX,6.53B,-,2.25%,30.19%,7.20%,1.04,1.04,2.62,3.98,57.37%,25.96%,12.56%,Jul 22/a,191.52,0.78%,"378,025"
WWEYS,425.88M,2.47%,11.34%,13.81%,13.34%,7.55,5.68,0.02,0.04,49.08%,15.27%,12.39%,Aug 04/a,44.59,-0.04%,"21,079"
WWF,19.29B,4.01%,0.52%,9.22%,4.27%,0.73,-,1.15,2.93,-,12.44%,9.76%,Jul 24/b,78.87,5.78%,"194,215"
WWFC,273.04B,2.11%,1.06%,12.52%,6.39%,0.96,-,0.96,2.57,-,21.92%,16.83%,Jul 14/b,90.29,0.94%,"12,928,095"
WWFCF,67.62M,-,9.59%,15.41%,15.88%,1.67,1.45,0.03,0.08,36.94%,5.90%,5.78%,Aug 06/b,13.41,1.59%,"1,858"
WWFF,85.10M,-,-,-,-94.61%,2.51,2.23,0.06,0.08,31.88%,-17.97%,-65.10%,-,2.03,9.14%,"590,350"
WWFG,5.41B,1.85%,-14.86%,-19.32%,-20.44%,2.06,0.83,0.06,0.07,-3.44%,-13.28%,-22.98%,Jul 29/a,69.04,2.39%,"144,806"
WWFRD,6.46B,1.24%,7.15%,22.20%,10.96%,2.34,1.77,0.87,0.91,29.24%,14.42%,7.66%,Jul 21/a,88.85,-1.19%,"818,995"
WWGMI,-,-,-,-,-,-,-,-,-,-,-,-,-,47.06,3.25%,"243,833"
WWGO,798.60M,4.86%,1.85%,3.14%,2.25%,2.37,0.92,0.39,0.39,12.24%,2.42%,1.36%,Jun 25/b,28.25,0.21%,"584,000"
WWGS,2.54B,-,-22.50%,-40.80%,-26.20%,3.30,3.06,0.66,0.69,64.81%,-12.49%,-23.40%,Aug 03/a,85.26,1.55%,"331,596"
WWH,5.14B,2.49%,4.82%,39.62%,6.64%,0.99,0.99,5.53,5.57,45.20%,38.15%,14.67%,Jul 22/a,69.31,1.01%,"1,295,900"
WWHD,5.58B,0.83%,3.71%,6.85%,6.40%,2.59,1.81,0.03,0.05,30.66%,19.17%,6.01%,Jul 29/a,69.54,1.67%,"618,712"
WWHF,151.19M,14.32%,2.75%,6.65%,3.04%,1.32,1.32,1.29,1.29,65.54%,80.59%,37.03%,Aug 10/a,7.04,0.86%,"74,622"
WWHG,178.21M,3.19%,5.21%,6.38%,6.22%,2.09,2.09,0.00,0.10,84.80%,8.83%,7.54%,Aug 06/a,18.79,0.64%,"12,417"
WWHK,783.67M,0.39%,-,-,-,1.39,1.39,0.22,0.22,-,-,-,Aug 12/a,28.45,1.10%,"154,793"
WWHLR,1.93M,-,2.78%,26.14%,3.13%,73.67,73.67,6.13,6.14,45.10%,49.88%,10.31%,-,0.39,4.98%,"691,279"
WWHR,2.30B,2.74%,1.10%,5.98%,1.59%,1.15,0.71,1.99,2.05,13.53%,3.08%,1.17%,Aug 03/a,35.21,-1.89%,"3,522,326"
WWHWK,234.31M,-,-42.60%,-44.98%,-43.64%,17.38,17.38,0.00,0.00,-,-,-,Aug 06/b,4.11,0.98%,"283,519"
WWIA,182.38M,7.98%,-,-,-,-,-,-,-,-,-,-,-,7.82,-0.26%,"36,592"
WWIMA,-,0.96%,-,-,-,-,-,-,-,-,-,-,-,43.59,1.09%,"4,015"
WWIMI,18.94M,-,10.64%,19.05%,13.51%,3.82,3.82,0.01,0.11,25.79%,-5.54%,73.37%,-,1.03,-0.96%,"215,653"
WWINA,1.11B,1.28%,94.36%,-,166.98%,3.75,3.67,-,-,96.66%,62.33%,47.09%,Jul 15/b,308.47,-0.51%,"55,288"
WWING,3.19B,1.08%,17.04%,-,23.48%,2.97,2.97,-,-,82.62%,28.77%,16.15%,Jul 29/b,117.10,5.95%,"1,385,454"
WWINN,-,-,-,-,-,-,-,-,-,-,-,-,-,33.41,0.78%,"67,613"
WWIP,-,5.93%,-,-,-,-,-,-,-,-,-,-,-,39.49,0.13%,"26,967"
WWISE,-,4.63%,-,-,-,-,-,-,-,-,-,-,-,34.71,1.32%,"3,970"
WWIT,16.72B,5.90%,10.00%,16.43%,17.77%,1.67,1.66,0.04,0.28,29.06%,16.13%,13.92%,Jul 16/a,1.69,1.20%,"7,123,703"
WWIW,502.93M,9.05%,-,-,-,-,-,-,-,-,-,-,-,8.22,-0.24%,"250,143"
WWIX,3.20B,-,-9.04%,-,-,0.61,0.61,-,-,66.64%,-3.14%,-8.19%,Aug 04/b,76.58,1.40%,"663,278"
WWK,3.91B,-,3.46%,-,7.59%,1.38,1.38,-,-,80.21%,3.26%,4.87%,Aug 04/a,71.86,0.74%,"685,526"
WWKC,1.80B,2.53%,-2.83%,-12.56%,-8.99%,1.06,0.91,0.59,0.59,1.62%,0.81%,-0.43%,Jul 23/a,35.21,-0.40%,"1,729,337"
WWKEY,52.41M,-,-1.94%,-17.24%,-11.35%,12.92,12.86,0.17,0.21,38.71%,-249.27%,-31.64%,Apr 30/a,6.36,0.95%,"33,566"
WWKHS,32.90M,-,-65.63%,-465.47%,-107.79%,1.28,0.41,7.88,10.60,-31.46%,-266.09%,-301.49%,Aug 13/a,3.01,-0.99%,"55,440"
WWKSP,7.04M,-,-81.10%,-115.13%,-86.72%,3.79,0.72,0.27,0.29,30.06%,-110.35%,-114.49%,Aug 11/a,0.46,-0.17%,"334,580"
WWLCO,283.91M,-,-,-,-,2.28,2.28,0.00,0.00,-,-,-,-,9.88,0.66%,8
WWLDN,1.25B,-,11.67%,21.19%,15.15%,1.37,1.37,0.23,0.25,34.93%,7.08%,8.80%,Aug 06/a,82.20,0.33%,"141,584"
WWLDR,-,1.20%,-,-,-,-,-,-,-,-,-,-,-,48.67,2.31%,"213,411"
WWLDS,3.66M,-,-79.88%,-88.65%,-53.30%,13.68,13.27,0.00,0.01,1.42%,-1485.21%,-1409.96%,-,1.66,-6.21%,"77,076"
WWLDU,-,-,-,-,-,-,-,-,-,-,-,-,-,17.59,1.73%,"1,427"
WWLFC,1.19B,0.95%,2.41%,12.59%,2.99%,1.90,1.53,2.96,3.01,66.84%,31.34%,12.42%,Aug 04/b,56.17,-0.04%,"118,083"
WWLII,206.63M,-,-,-,-,12.98,12.98,0.00,0.00,-,-,-,-,10.26,0.15%,"300,021"
WWLK,9.05B,3.09%,-6.11%,-12.95%,-8.50%,2.45,1.70,0.66,0.68,8.52%,0.19%,-10.88%,Aug 04/b,70.81,-1.13%,"533,860"
WWLKP,758.49M,8.75%,4.56%,11.51%,6.43%,3.44,3.36,0.81,0.81,31.16%,28.80%,4.66%,Aug 04/b,21.52,0.23%,"10,686"
WWLTG,-,0.39%,-,-,-,-,-,-,-,-,-,-,-,38.44,0.71%,"2,428"
WWLTH,1.55B,-,-5.94%,-15.50%,-11.57%,1.43,1.49,0.01,1.33,17.66%,-40.82%,-19.42%,Sep 09/a,10.38,-4.60%,"5,714,833"
WWLY,2.39B,3.03%,7.01%,25.91%,9.25%,0.64,0.61,1.69,1.72,71.23%,17.56%,11.90%,Sep 03/b,47.03,-0.44%,"509,158"
WWM,85.32B,1.77%,6.19%,29.83%,8.86%,0.91,0.87,2.24,2.35,29.15%,18.51%,11.12%,Jul 28/a,213.46,-0.61%,"2,511,436"
WWMB,89.11B,2.90%,5.26%,23.98%,7.44%,0.48,0.43,2.13,2.33,43.93%,37.99%,24.91%,Aug 03/a,72.85,0.04%,"8,330,639"
WWMG,14.82B,2.74%,6.49%,92.17%,11.61%,0.73,0.72,5.71,5.76,40.06%,18.77%,9.10%,Aug 05/a,28.33,1.76%,"1,711,406"
WWMK,1.79B,1.88%,4.86%,7.17%,6.42%,2.03,1.14,0.09,0.12,22.99%,2.32%,1.92%,-,72.16,1.38%,"161,123"
WWMS,9.64B,0.61%,10.87%,25.27%,12.59%,2.12,1.18,0.92,0.95,35.33%,21.50%,14.00%,Aug 06/b,127.88,0.57%,"812,177"
WWMSB,-,4.08%,-,-,-,-,-,-,-,-,-,-,-,24.63,-0.09%,12
WWMT,850.10B,0.93%,7.82%,23.44%,14.20%,0.77,0.23,0.58,0.75,25.23%,4.39%,3.00%,Aug 20/b,107.15,1.34%,"17,068,594"
WWMTI,-,35.96%,-,-,-,-,-,-,-,-,-,-,-,19.03,1.44%,"33,291"
WWNC,511.25M,2.55%,-5.96%,-23.01%,-9.42%,1.31,0.80,1.83,1.86,-0.13%,-5.13%,-5.48%,Jul 29/b,12.55,-0.55%,"397,230"
WWNDR,-,-,-,-,-,-,-,-,-,-,-,-,-,25.82,0.83%,11
WWNEB,276.03M,2.03%,0.62%,6.87%,5.72%,0.03,-,0.18,0.25,-,16.17%,12.43%,Jul 28/a,13.77,0.66%,"39,762"
WWNTR,-,137.03%,-,-,-,-,-,-,-,-,-,-,-,18.44,-0.65%,"199,559"
WWNW,60.82M,-,-33.29%,-34.18%,-37.62%,15.81,14.77,0.00,0.00,9.88%,-263.00%,-262.54%,-,2.31,0.00%,"43,065"
WWOK,8.40M,-,-10.83%,-20.87%,-14.92%,1.37,0.82,0.00,0.22,12.25%,-41.68%,-41.95%,-,1.88,-2.59%,"82,759"
WWOLF,1.37B,-,-21.49%,-438.63%,-38.97%,6.86,5.85,1.92,1.93,-28.63%,-67.22%,-159.30%,Aug 19/a,25.92,2.98%,"1,685,765"
WWOMN,-,0.80%,-,-,-,-,-,-,-,-,-,-,-,44.92,1.09%,289
WWOOD,-,2.38%,-,-,-,-,-,-,-,-,-,-,-,70.76,0.36%,"5,857"
WWOOF,701.73M,-,0.59%,2.58%,0.82%,0.90,0.39,2.05,2.34,37.03%,2.90%,0.51%,Sep 02/a,2.45,0.82%,"1,961,130"
WWOR,2.79B,1.46%,8.63%,15.89%,11.40%,2.37,1.43,0.33,0.34,27.26%,5.90%,11.30%,Sep 22/a,56.93,-1.18%,"231,937"
WWPAC,157.84M,-,-,-,1.05%,7.11,7.11,0.00,0.00,-,-,-,-,10.05,0.00%,7
WWPC,15.75B,5.42%,3.55%,7.71%,3.77%,0.30,0.30,0.99,1.03,59.97%,53.17%,36.34%,Jul 28/a,69.12,-0.62%,"1,133,391"
WWPM,70.00B,0.51%,20.36%,23.55%,17.58%,0.47,0.47,0.20,0.20,75.21%,72.99%,64.66%,Aug 06/a,154.12,2.08%,"1,203,872"
WWPP,5.39B,3.93%,-1.01%,-8.25%,-3.00%,0.87,0.87,2.10,2.76,15.94%,9.42%,-1.81%,Aug 06/b,24.97,0.81%,"482,385"
WWPRT,34.96M,-,-20.34%,-45.05%,-65.19%,1.14,1.05,0.02,0.05,5.84%,-237.91%,-409.26%,Aug 11/a,1.84,4.55%,"80,762"
WWQTM,-,-,-,-,-,-,-,-,-,-,-,-,-,31.95,1.62%,"132,738"
WWR,-,-,-,-,-,-,-,-,-,-,-,-,-,27.18,0.15%,34
WWRAP,103.78M,-,-87.33%,-107.65%,-98.71%,8.04,5.42,0.03,0.04,63.60%,-226.56%,-239.35%,Aug 11/a,1.68,3.70%,"757,674"
WWRB,25.95B,2.00%,4.86%,20.16%,14.94%,0.42,-,0.31,0.32,-,16.89%,12.94%,Jul 20/a,69.90,-0.21%,"2,658,439"
WWRBY,3.05B,-,1.05%,2.06%,1.27%,2.18,1.93,0.55,0.64,52.61%,0.25%,0.85%,Aug 06/b,24.71,1.69%,"2,011,975"
WWRD,1.79B,-,-22.09%,-25.63%,-24.71%,5.36,4.92,0.01,0.10,33.10%,-220.91%,-199.17%,Aug 12/b,5.75,0.97%,"2,214,590"
WWRLD,889.50M,-,3.78%,10.07%,4.01%,0.43,0.43,1.74,1.79,98.51%,17.39%,6.71%,Jul 24/b,190.75,0.39%,"50,409"
WWRN,545.09M,-,-2.55%,-2.61%,-2.23%,31.48,31.48,0.00,0.00,-,-,-,Aug 07/b,2.41,0.84%,"995,437"
WWRND,-,0.90%,-,-,-,-,-,-,-,-,-,-,-,42.71,1.20%,72
WWRTH,-,1.58%,-,-,-,-,-,-,-,-,-,-,-,25.93,0.31%,"22,621"
WWS,1.73B,1.89%,0.38%,0.75%,0.67%,1.46,0.92,0.12,0.33,11.32%,3.14%,0.23%,Oct 06/a,33.90,0.44%,"173,507"
WWSBC,3.85B,3.80%,1.29%,8.98%,6.17%,0.06,-,0.40,0.43,-,30.67%,21.83%,Jul 21/a,40.18,-0.17%,"964,084"
WWSBF,384.17M,2.99%,1.33%,8.69%,5.34%,0.03,-,0.61,1.17,-,18.42%,14.56%,-,21.37,0.05%,"175,804"
WWSBK,116.13M,-,0.43%,3.75%,1.59%,1.01,-,1.31,1.31,-,11.07%,8.56%,Apr 29/a,12.96,-0.04%,814
WWSC,3.38B,1.25%,-1.15%,-7.08%,-1.50%,0.81,0.74,4.05,4.17,46.38%,20.55%,-3.00%,Aug 06/a,18.66,-0.13%,"1,418,844"
WWSDB,-,1.42%,-,-,-,-,-,-,-,-,-,-,-,24.75,-0.12%,119
WWSE,14.39B,-,1.94%,28.81%,21.79%,1.08,1.08,0.20,0.21,71.48%,26.43%,20.56%,Jul 16/a,12.02,0.75%,"1,471,869"
WWSFS,4.07B,0.97%,1.48%,11.85%,10.21%,0.17,-,0.15,0.16,-,31.20%,23.34%,Jul 23/a,79.73,-0.26%,"336,966"
WWSGE,-,0.24%,-,-,-,-,-,-,-,-,-,-,-,28.57,0.94%,113
WWSHP,61.51M,-,-528.77%,-1399.60%,-1192.50%,0.08,0.08,0.00,0.47,-1364.87%,-32987.16%,-32943.87%,Aug 24/a,5.25,0.38%,"48,022"
WWSM,26.65B,1.31%,21.97%,54.96%,34.16%,1.45,0.68,0.61,0.71,47.19%,19.23%,14.73%,Aug 26/b,226.23,1.11%,"843,247"
WWSMD,-,-,-,-,-,-,-,-,-,-,-,-,-,24.08,0.80%,"1,180"
WWSML,-,2.01%,-,-,-,-,-,-,-,-,-,-,-,34.88,0.55%,"226,088"
WWSO,12.97B,3.91%,9.00%,15.35%,12.95%,3.20,1.45,0.14,0.18,26.91%,9.02%,6.06%,Jul 29/b,314.22,1.07%,"323,473"
WWSPC,-,-,-,-,-,-,-,-,-,-,-,-,-,26.81,1.55%,49
WWST,24.37B,0.24%,14.07%,19.09%,17.20%,2.82,2.12,0.10,0.11,36.82%,21.97%,16.98%,Jul 23/b,346.23,0.58%,"541,792"
WWSTN,81.84M,-,-,-,0.89%,0.71,0.71,0.00,0.01,-,-,-,-,10.16,-0.29%,"32,606"
WWT,3.63B,0.50%,5.87%,18.56%,5.43%,3.00,3.00,2.53,2.58,78.31%,39.75%,13.15%,Jul 31/b,23.93,-1.36%,"1,921,433"
WWTAI,-,1.26%,-,-,-,-,-,-,-,-,-,-,-,41.82,0.97%,"103,127"
WWTBA,500.57M,3.47%,0.95%,14.71%,9.97%,0.33,-,0.37,1.33,-,24.34%,19.12%,Jul 23/b,29.37,0.58%,"44,398"
WWTBN,-,4.15%,-,-,-,-,-,-,-,-,-,-,-,24.40,-0.04%,889
WWTF,129.52M,-,-35.56%,-88.00%,-68.61%,1.54,1.54,0.02,0.12,63.89%,-126.60%,-139.08%,-,2.64,-0.38%,140
WWTFC,10.27B,1.45%,1.25%,12.21%,7.57%,0.09,-,0.58,0.58,-,27.98%,19.53%,Jul 20/a,152.16,0.94%,"538,832"
WWTG,18.08M,-,2.89%,31.32%,86.08%,450.84,450.84,0.00,0.00,-,-,-,-,10.58,-0.09%,"5,417"
WWTI,620.38M,0.97%,-10.95%,-,-73.75%,1.17,1.17,-,-,17.80%,0.99%,-19.32%,Aug 05/a,4.11,-1.91%,"3,093,631"
WWTIB,-,-,-,-,-,-,-,-,-,-,-,-,-,35.72,-1.73%,375
WWTID,-,-,-,-,-,-,-,-,-,-,-,-,-,2.54,-1.47%,"145,967"
WWTIP,-,3.63%,-,-,-,-,-,-,-,-,-,-,-,37.34,-0.71%,"1,655"
WWTIU,-,-,-,-,-,-,-,-,-,-,-,-,-,25.68,0.61%,"15,378"
WWTLS,-,-,-,-,-,-,-,-,-,-,-,-,-,61.75,0.59%,"5,164"
WWTM,4.90B,0.05%,9.49%,21.89%,17.38%,1.15,-,0.17,0.17,-,24.05%,36.87%,Aug 06/b,2053.15,-1.10%,"20,123"
WWTMF,-,2.75%,-,-,-,-,-,-,-,-,-,-,-,42.12,-0.01%,"36,831"
WWTMU,-,3.27%,-,-,-,-,-,-,-,-,-,-,-,24.86,0.20%,9
WWTMY,-,3.83%,-,-,-,-,-,-,-,-,-,-,-,24.57,0.12%,19
WWTPI,-,9.95%,-,-,-,-,-,-,-,-,-,-,-,32.93,0.61%,"89,008"
WWTRE,-,2.39%,-,-,-,-,-,-,-,-,-,-,-,23.70,1.00%,531
WWTRG,11.65B,3.43%,2.88%,8.08%,3.59%,0.78,0.62,1.20,1.21,38.94%,35.06%,21.60%,Aug 04/a,41.07,-1.75%,"2,605,383"
WWTS,11.89B,0.68%,13.72%,18.81%,16.71%,2.66,1.60,0.05,0.05,48.79%,19.46%,14.34%,Aug 05/a,356.02,1.64%,"167,045"
WWTTR,2.66B,1.41%,1.92%,3.46%,2.53%,1.58,1.40,0.21,0.28,15.81%,4.40%,2.24%,Aug 04/a,20.64,1.38%,"1,590,999"
WWTV,-,1.83%,-,-,-,-,-,-,-,-,-,-,-,107.56,0.78%,"238,173"
WWTW,29.31B,1.20%,5.30%,19.83%,11.24%,1.10,1.10,0.81,0.92,81.24%,23.40%,15.49%,Jul 30/b,315.61,0.06%,"369,977"
WWU,2.16B,13.20%,4.96%,43.97%,11.74%,0.22,0.22,2.68,2.95,30.51%,16.77%,9.81%,Jul 30/a,6.93,0.58%,"4,628,403"
WWUGI,-,0.24%,-,-,-,-,-,-,-,-,-,-,-,85.10,1.00%,47
WWULF,8.35B,-,-43.71%,-1212.12%,-46.53%,0.75,0.75,27.44,35.56,6.33%,-227.32%,-1179.94%,Aug 05/b,16.74,3.72%,"28,517,250"
WWULX,-,-,-,-,-,-,-,-,-,-,-,-,-,16.73,6.22%,"281,903"
WWVE,904.45M,-,-49.95%,-67.42%,-41.02%,9.99,9.99,0.09,0.10,85.98%,-333.36%,-309.73%,Jul 30/b,4.59,-1.71%,"2,208,380"
WWVVI,10.47M,-,-2.13%,-3.31%,-2.53%,2.92,0.36,0.33,0.42,59.12%,-7.94%,-12.12%,-,2.10,-3.52%,"6,229"
WWW,147.78M,-,-10.81%,-30.71%,-14.39%,1.38,1.38,1.53,1.53,58.26%,-6.93%,-15.22%,Aug 05/a,14.78,0.03%,"172,498"
WWWD,19.91B,0.37%,11.14%,22.34%,17.75%,1.65,1.14,0.26,0.55,29.47%,15.84%,13.17%,Jul 29/a,337.26,1.35%,"432,963"
WWWJD,-,2.44%,-,-,-,-,-,-,-,-,-,-,-,40.43,0.11%,"32,657"
WWWR,72.25M,-,-17.70%,-19.10%,-16.82%,5.14,5.14,0.00,0.01,-,-,-,Aug 10/b,0.56,-2.62%,"553,752"
WWWW,1.64B,2.01%,6.00%,26.60%,9.56%,1.55,0.98,1.46,1.66,46.90%,8.69%,5.41%,Aug 13/b,19.93,3.32%,"646,305"
WWX,-,-,-,-,-,-,-,-,-,-,-,-,-,24.63,1.74%,134
WWXET,-,1.41%,-,-,-,-,-,-,-,-,-,-,-,24.02,-4.36%,"24,097"
WWXM,12.55M,-,-,-,-83.80%,1.31,1.11,0.09,0.60,14.28%,-71.07%,-77.41%,-,4.00,-4.08%,"167,872"
WWY,15.90B,3.81%,2.86%,4.97%,3.20%,1.82,1.15,0.56,0.58,14.51%,6.16%,6.89%,Jul 30/a,22.06,0.32%,"5,084,371"
WWYFI,743.55M,-,-7.06%,-13.77%,-7.60%,0.77,0.77,0.76,0.95,32.15%,-37.13%,-47.07%,Aug 12/b,19.14,3.29%,"826,148"
WWYFL,-,-,-,-,-,-,-,-,-,-,-,-,-,4.58,6.24%,"98,757"
WWYHG,161.89M,-,2.85%,3.53%,3.11%,5.62,5.42,0.09,0.17,26.42%,6.32%,4.45%,-,4.55,0.66%,"141,692"
WWYNN,9.03B,1.20%,3.47%,-,4.18%,0.91,0.88,-,-,32.09%,16.30%,6.06%,Aug 04/a,87.70,-0.81%,"2,018,337"
WWYY,108.28M,-,-1.53%,-10.44%,-8.30%,0.98,0.97,0.30,0.37,13.55%,-0.83%,-0.81%,Aug 13/a,10.83,1.12%,"71,743"
WWZRD,-,51.75%,-,-,-,-,-,-,-,-,-,-,-,7.15,19.17%,"13,207"
XXA,-,-,-,-,-,-,-,-,-,-,-,-,-,38.36,-1.46%,"2,637"
XXAGG,-,5.67%,-,-,-,-,-,-,-,-,-,-,-,49.22,-0.22%,"468,378"
XXAGI,-,-,-,-,-,-,-,-,-,-,-,-,-,20.01,2.21%,64
XXAIR,3.15M,-,-109.80%,-561.77%,-133.22%,3.31,3.12,11.57,11.80,4.18%,-364.76%,-435.71%,Aug 13/b,3.20,4.23%,"64,462"
XXAIW,-,-,-,-,-,-,-,-,-,-,-,-,-,24.67,2.55%,408
XXAIX,-,0.38%,-,-,-,-,-,-,-,-,-,-,-,57.30,1.58%,"10,196"
XXAPR,-,-,-,-,-,-,-,-,-,-,-,-,-,38.47,0.29%,131
XXAR,-,0.33%,-,-,-,-,-,-,-,-,-,-,-,245.96,0.53%,"154,907"
XXAUG,-,-,-,-,-,-,-,-,-,-,-,-,-,39.57,0.38%,"3,497"
XXB,-,7.00%,-,-,-,-,-,-,-,-,-,-,-,38.71,-0.08%,"2,124"
XXBAP,-,-,-,-,-,-,-,-,-,-,-,-,-,42.84,0.32%,"5,877"
XXBB,-,5.53%,-,-,-,-,-,-,-,-,-,-,-,40.19,-0.00%,"134,475"
XXBCI,-,28.53%,-,-,-,-,-,-,-,-,-,-,-,36.86,0.30%,"130,214"
XXBFR,-,0.10%,-,-,-,-,-,-,-,-,-,-,-,26.84,0.79%,"2,781"
XXBI,-,0.37%,-,-,-,-,-,-,-,-,-,-,-,156.20,-0.40%,"8,413,895"
XXBIL,-,4.00%,-,-,-,-,-,-,-,-,-,-,-,50.06,0.00%,"50,601"
XXBIO,9.14M,-,-40.17%,-47.04%,-40.76%,7.43,7.43,0.00,0.00,-,-81.01%,-75.91%,Aug 07/b,3.90,-4.18%,"37,653"
XXBIT,66.77M,-,-28.90%,-29.94%,-35.13%,33.15,33.15,0.00,0.00,-,-,-,-,2.19,0.92%,"31,325"
XXBIX,-,-,-,-,-,-,-,-,-,-,-,-,-,35.47,-0.70%,43
XXBJA,-,-,-,-,-,-,-,-,-,-,-,-,-,34.57,0.30%,"1,422"
XXBJL,-,-,-,-,-,-,-,-,-,-,-,-,-,40.90,0.59%,539
XXBNB,-,0.01%,-,-,-,-,-,-,-,-,-,-,-,29.04,2.76%,202
XXBOC,-,-,-,-,-,-,-,-,-,-,-,-,-,36.31,0.19%,"9,364"
XXBOX,-,-,-,-,-,-,-,-,-,-,-,-,-,100.94,0.05%,"25,072"
XXBP,33.62M,-,232.70%,11938.45%,259.86%,0.64,0.60,7.99,8.92,14.88%,-2.27%,134.93%,Aug 13/a,2.83,0.35%,"51,995"
XXBTY,-,132.36%,-,-,-,-,-,-,-,-,-,-,-,5.57,-0.34%,"22,303"
XXC,-,1.98%,-,-,-,-,-,-,-,-,-,-,-,32.27,0.20%,"6,198"
XXCBE,282.66M,-,-,-,1.20%,5.10,5.10,0.00,0.00,-,-,-,-,10.05,0.40%,9
XXCCC,-,9.26%,-,-,-,-,-,-,-,-,-,-,-,34.96,-0.07%,"182,786"
XXCEM,-,2.39%,-,-,-,-,-,-,-,-,-,-,-,52.14,1.60%,"75,196"
XXCH,8.78M,-,-,-,-170.69%,1.58,1.18,0.07,0.47,46.20%,-125.07%,-129.49%,-,3.25,2.69%,503
XXCHG,-,0.36%,-,-,-,-,-,-,-,-,-,-,-,27.43,0.87%,122
XXCLR,-,1.00%,-,-,-,-,-,-,-,-,-,-,-,27.89,0.84%,128
XXCNY,-,2.19%,-,-,-,-,-,-,-,-,-,-,-,33.98,0.89%,19
XXCOM,-,-,-,-,-,-,-,-,-,-,-,-,-,28.61,-2.76%,"2,678"
XXCOR,-,0.39%,-,-,-,-,-,-,-,-,-,-,-,88.59,0.95%,150
XXCSH,-,-,-,-,-,-,-,-,-,-,-,-,-,100.31,0.03%,"3,553"
XXCUR,9.16M,-,-54.98%,-168.37%,-847.90%,0.56,0.56,0.00,0.00,-,-,-,Mar 25/a,1.40,2.19%,"10,537"
XXDAT,-,-,-,-,-,-,-,-,-,-,-,-,-,26.20,-0.12%,22
XXDEC,-,-,-,-,-,-,-,-,-,-,-,-,-,43.67,0.23%,"3,703"
XXDEF,-,1.47%,-,-,-,-,-,-,-,-,-,-,-,21.77,0.51%,"1,117"
XXDIV,-,-,-,-,-,-,-,-,-,-,-,-,-,31.20,0.95%,"36,907"
XXDQQ,-,-,-,-,-,-,-,-,-,-,-,-,-,39.58,0.89%,"2,120"
XXDSQ,-,-,-,-,-,-,-,-,-,-,-,-,-,44.56,1.13%,"3,544"
XXDTE,-,29.85%,-,-,-,-,-,-,-,-,-,-,-,38.42,0.89%,"154,938"
XXE,6.07B,-,-,-,-,17.20,17.20,0.01,0.01,-,-,-,Aug 13/b,14.93,-5.72%,"8,602,278"
XXEL,47.16B,3.17%,2.75%,9.92%,3.60%,0.70,0.62,1.58,1.73,25.98%,21.16%,15.29%,Jul 30/b,75.50,0.12%,"5,403,814"
XXELB,5.84M,-,-39.27%,-81.50%,-58.23%,0.28,0.28,0.94,1.20,23.09%,-159.72%,-343.68%,Aug 13/a,0.89,-0.47%,"5,102"
XXEMD,-,5.54%,-,-,-,-,-,-,-,-,-,-,-,43.94,-0.09%,"378,295"
XXEML,-,1.85%,-,-,-,-,-,-,-,-,-,-,-,24.98,0.37%,8
XXENE,5.68B,-,-41.54%,-43.62%,-32.80%,21.02,21.02,0.00,0.01,-,-,-,Aug 06/a,58.65,-0.26%,"466,754"
XXERS,1.36B,-,-4.60%,-,-8.19%,1.45,1.02,-,-,83.34%,10.91%,-5.12%,Aug 06/b,7.45,-2.87%,"2,817,996"
XXES,-,1.07%,-,-,-,-,-,-,-,-,-,-,-,121.89,0.44%,"38,665"
XXEUR,-,-,-,-,-,-,-,-,-,-,-,-,-,25.32,1.21%,19
XXEY,-,20.39%,-,-,-,-,-,-,-,-,-,-,-,20.15,0.52%,24
XXFEB,-,-,-,-,-,-,-,-,-,-,-,-,-,38.09,0.25%,416
XXFIV,-,4.00%,-,-,-,-,-,-,-,-,-,-,-,47.25,-0.17%,"23,167"
XXFLH,172.77M,-,-,-,-,14.32,14.32,0.00,0.00,-,-,-,-,10.00,0.00%,418
XXFLT,297.31M,17.55%,-,-,-,-,-,-,-,-,-,-,-,19.52,0.88%,"67,054"
XXFLX,-,9.69%,-,-,-,-,-,-,-,-,-,-,-,22.63,0.03%,"1,269"
XXFOR,347.01M,-,-50.32%,-113.08%,-38.82%,11.30,11.02,0.49,0.50,80.77%,-554.71%,-568.80%,Aug 06/a,3.50,2.94%,"1,252,949"
XXGN,170.30M,-,-34.19%,-113.82%,-50.75%,3.18,2.88,2.05,2.26,58.64%,-18.58%,-26.61%,Aug 04/b,7.03,0.86%,"476,716"
XXHB,-,0.73%,-,-,-,-,-,-,-,-,-,-,-,98.46,1.60%,"1,894,985"
XXHE,-,0.06%,-,-,-,-,-,-,-,-,-,-,-,90.01,0.55%,"9,984"
XXHG,140.73M,-,-97.62%,-,-,0.04,0.03,-,-,2.42%,-7.45%,-22.69%,-,3.02,-3.82%,"16,719"
XXHLD,150.08M,-,-173.20%,-302.77%,-277.77%,3.01,3.01,0.00,0.08,63.64%,-463.85%,-627.50%,Aug 10/b,12.53,15.59%,"3,815,595"
XXHLF,-,3.46%,-,-,-,-,-,-,-,-,-,-,-,50.18,0.02%,"484,628"
XXHOA,-,-,-,-,-,-,-,-,-,-,-,-,-,24.38,1.69%,8
XXHR,1.63B,3.17%,-0.26%,-0.62%,-0.29%,2.18,2.18,1.24,1.25,14.36%,6.64%,-0.70%,Jul 30/b,17.64,0.23%,"618,323"
XXHS,-,0.20%,-,-,-,-,-,-,-,-,-,-,-,135.94,0.58%,"7,391"
XXIDE,-,6.28%,-,-,-,-,-,-,-,-,-,-,-,30.33,0.08%,13
XXIDV,-,5.62%,-,-,-,-,-,-,-,-,-,-,-,39.63,0.75%,"4,648"
XXIFR,2.20B,-,0.33%,2.05%,0.69%,1.27,1.14,1.83,1.86,5.26%,-0.33%,5.26%,Jul 28/b,11.40,-0.70%,"473,450"
XXIGV,-,-,-,-,-,-,-,-,-,-,-,-,-,23.53,1.07%,411
XXIIIU,442.55M,-,-,-,-,-,-,-,-,-,-,-,-,10.60,0.76%,102
XXIJN,-,6.94%,-,-,-,-,-,-,-,-,-,-,-,30.75,0.18%,612
XXIMR,-,6.73%,-,-,-,-,-,-,-,-,-,-,-,31.33,0.03%,247
XXISE,-,5.51%,-,-,-,-,-,-,-,-,-,-,-,30.34,0.07%,"6,986"
XXITK,-,-,-,-,-,-,-,-,-,-,-,-,-,193.58,1.33%,"3,263"
XXIWC,-,-,-,-,-,-,-,-,-,-,-,-,-,23.73,0.41%,338
XXJAN,-,-,-,-,-,-,-,-,-,-,-,-,-,39.14,0.26%,148
XXJH,-,1.10%,-,-,-,-,-,-,-,-,-,-,-,50.23,0.90%,"11,974"
XXJR,-,0.96%,-,-,-,-,-,-,-,-,-,-,-,50.17,0.67%,"6,567"
XXJUL,-,-,-,-,-,-,-,-,-,-,-,-,-,41.59,0.40%,17
XXJUN,-,-,-,-,-,-,-,-,-,-,-,-,-,45.24,0.45%,"5,961"
XXKRE,-,-,-,-,-,-,-,-,-,-,-,-,-,27.44,0.31%,24
XXLAB,108.82M,-,5.79%,5.81%,2.90%,0.24,0.24,0.00,0.00,-,-,-,-,3.81,-9.72%,"43,468"
XXLB,-,1.66%,-,-,-,-,-,-,-,-,-,-,-,50.95,0.37%,"8,925,568"
XXLBI,-,15.23%,-,-,-,-,-,-,-,-,-,-,-,23.69,0.55%,"4,797"
XXLBX,-,-,-,-,-,-,-,-,-,-,-,-,-,23.61,0.70%,9
XXLC,-,1.27%,-,-,-,-,-,-,-,-,-,-,-,112.60,0.99%,"3,982,152"
XXLCD,-,-,-,-,-,-,-,-,-,-,-,-,-,47.63,-4.76%,8
XXLCI,-,11.81%,-,-,-,-,-,-,-,-,-,-,-,23.83,1.07%,"6,214"
XXLCU,-,-,-,-,-,-,-,-,-,-,-,-,-,26.16,4.36%,8
XXLE,-,2.33%,-,-,-,-,-,-,-,-,-,-,-,65.14,0.32%,"30,546,275"
XXLEI,-,18.29%,-,-,-,-,-,-,-,-,-,-,-,28.31,0.57%,"102,646"
XXLEX,-,-,-,-,-,-,-,-,-,-,-,-,-,30.53,0.29%,"5,440"
XXLF,-,1.41%,-,-,-,-,-,-,-,-,-,-,-,57.25,0.67%,"34,705,638"
XXLFI,-,11.34%,-,-,-,-,-,-,-,-,-,-,-,24.25,0.58%,"5,129"
XXLFX,-,-,-,-,-,-,-,-,-,-,-,-,-,30.03,1.18%,50
XXLG,-,0.63%,-,-,-,-,-,-,-,-,-,-,-,62.90,0.82%,"783,606"
XXLI,-,1.19%,-,-,-,-,-,-,-,-,-,-,-,172.37,1.07%,"5,577,302"
XXLII,-,12.78%,-,-,-,-,-,-,-,-,-,-,-,24.71,1.11%,"7,311"
XXLIX,-,-,-,-,-,-,-,-,-,-,-,-,-,23.63,2.11%,64
XXLK,-,0.42%,-,-,-,-,-,-,-,-,-,-,-,187.67,1.32%,"6,535,162"
XXLKI,-,18.21%,-,-,-,-,-,-,-,-,-,-,-,26.78,1.35%,"13,072"
XXLKX,-,-,-,-,-,-,-,-,-,-,-,-,-,21.23,2.62%,17
XXLO,58.76M,-,-15.16%,-55.03%,-28.30%,4.25,4.25,0.07,0.09,97.91%,-48.94%,-34.06%,Aug 12/b,8.93,0.00%,"5,147"
XXLP,-,2.63%,-,-,-,-,-,-,-,-,-,-,-,83.38,0.35%,"10,836,909"
XXLPD,-,-,-,-,-,-,-,-,-,-,-,-,-,49.42,-1.16%,7
XXLPU,-,-,-,-,-,-,-,-,-,-,-,-,-,25.24,1.03%,8
XXLPX,-,-,-,-,-,-,-,-,-,-,-,-,-,25.48,0.73%,95
XXLRE,-,3.24%,-,-,-,-,-,-,-,-,-,-,-,43.42,0.86%,"4,389,382"
XXLRI,-,13.30%,-,-,-,-,-,-,-,-,-,-,-,22.93,0.85%,779
XXLSI,-,12.56%,-,-,-,-,-,-,-,-,-,-,-,22.96,0.36%,"4,025"
XXLSR,-,0.45%,-,-,-,-,-,-,-,-,-,-,-,65.84,0.87%,"38,304"
XXLU,-,2.82%,-,-,-,-,-,-,-,-,-,-,-,42.39,-0.31%,"15,174,871"
XXLUI,-,14.93%,-,-,-,-,-,-,-,-,-,-,-,22.91,0.04%,"32,436"
XXLUX,-,-,-,-,-,-,-,-,-,-,-,-,-,22.88,-0.98%,63
XXLV,-,1.53%,-,-,-,-,-,-,-,-,-,-,-,165.36,-0.18%,"6,504,838"
XXLVI,-,12.70%,-,-,-,-,-,-,-,-,-,-,-,25.71,-0.07%,"266,946"
XXLVX,-,-,-,-,-,-,-,-,-,-,-,-,-,31.15,-0.39%,"3,564"
XXLY,-,0.80%,-,-,-,-,-,-,-,-,-,-,-,112.96,0.89%,"4,536,754"
XXLYI,-,15.14%,-,-,-,-,-,-,-,-,-,-,-,22.09,1.02%,"12,608"
XXLYX,-,-,-,-,-,-,-,-,-,-,-,-,-,22.30,1.90%,15
XXMAG,-,0.45%,-,-,-,-,-,-,-,-,-,-,-,25.71,0.69%,"390,391"
XXMAR,-,-,-,-,-,-,-,-,-,-,-,-,-,43.45,0.22%,953
XXMAX,551.68M,-,44.95%,52.87%,26.72%,28.80,27.57,0.05,0.05,22.86%,-20.51%,185.87%,-,8.55,0.12%,"511,183"
XXMAY,-,-,-,-,-,-,-,-,-,-,-,-,-,36.80,0.42%,504
XXME,-,0.33%,-,-,-,-,-,-,-,-,-,-,-,113.63,-0.99%,"1,773,916"
XXMHQ,-,0.57%,-,-,-,-,-,-,-,-,-,-,-,114.75,0.63%,"128,590"
XXMLV,-,2.92%,-,-,-,-,-,-,-,-,-,-,-,66.60,-0.10%,"12,416"
XXMMO,-,0.63%,-,-,-,-,-,-,-,-,-,-,-,152.17,0.89%,"211,613"
XXMPT,-,6.17%,-,-,-,-,-,-,-,-,-,-,-,20.57,0.35%,"81,434"
XXMTR,4.94B,-,-3.53%,-7.12%,-3.64%,3.21,3.19,0.42,0.57,36.28%,-3.76%,-3.82%,Aug 04/b,86.11,1.48%,"314,093"
XXMVM,-,1.79%,-,-,-,-,-,-,-,-,-,-,-,74.55,0.31%,"18,779"
XXNAV,-,0.51%,-,-,-,-,-,-,-,-,-,-,-,91.40,1.21%,80
XXNCR,1.81B,-,-20.36%,-29.07%,-25.44%,6.39,6.39,0.28,0.34,90.30%,-205.84%,-155.59%,Aug 05/a,24.41,0.62%,"905,274"
XXNDU,2.62B,-,-19.85%,-22.86%,-16.23%,25.54,25.09,0.19,0.19,9.66%,-1410.00%,-1386.81%,Aug 05/a,8.62,-4.01%,"1,831,220"
XXNDX,-,-,-,-,-,-,-,-,-,-,-,-,-,5.68,-8.24%,"136,448"
XXNET,312.33M,-,-7.37%,-8.92%,-9.14%,2.03,2.03,0.03,0.06,50.62%,1.48%,-19.65%,Aug 13/b,4.90,0.20%,"136,395"
XXNOV,-,-,-,-,-,-,-,-,-,-,-,-,-,40.32,0.14%,414
XXNTK,-,0.15%,-,-,-,-,-,-,-,-,-,-,-,361.85,1.58%,"21,849"
XXOCT,-,-,-,-,-,-,-,-,-,-,-,-,-,40.24,0.14%,184
XXOEF,-,1.05%,-,-,-,-,-,-,-,-,-,-,-,29.61,0.91%,454
XXOEX,-,1.44%,-,-,-,-,-,-,-,-,-,-,-,40.90,0.62%,"3,310"
XXOM,682.54B,2.50%,7.18%,12.55%,11.23%,1.13,0.85,0.12,0.16,20.88%,11.30%,9.01%,Jul 31/b,165.99,0.46%,"11,369,965"
XXOMO,-,36.95%,-,-,-,-,-,-,-,-,-,-,-,11.12,1.09%,"99,846"
XXOMX,-,1.50%,-,-,-,-,-,-,-,-,-,-,-,50.30,0.67%,"7,479"
XXONE,-,3.94%,-,-,-,-,-,-,-,-,-,-,-,49.16,-0.03%,"209,471"
XXOP,-,1.66%,-,-,-,-,-,-,-,-,-,-,-,195.72,0.13%,"2,153,755"
XXOS,38.53M,-,-28.90%,-94.57%,-61.81%,2.00,0.94,0.38,0.80,12.74%,-80.29%,-51.68%,Aug 13/a,2.71,-2.87%,"150,853"
XXOVL,-,-,-,-,-,-,-,-,-,-,-,-,-,20.50,2.13%,"1,387"
XXOVR,-,-,-,-,-,-,-,-,-,-,-,-,-,20.79,1.32%,"1,316,382"
XXP,10.27B,5.23%,1.37%,22.69%,18.73%,0.31,0.31,0.12,3.74,68.44%,31.87%,27.62%,Aug 17/a,19.86,-0.55%,"8,036,493"
XXPAV,-,-,-,-,-,-,-,-,-,-,-,-,-,21.80,2.54%,113
XXPAY,-,21.10%,-,-,-,-,-,-,-,-,-,-,-,51.93,0.97%,"35,097"
XXPEG,-,-,-,-,-,-,-,-,-,-,-,-,-,3.06,3.78%,"54,736"
XXPEL,1.30B,-,13.84%,19.48%,15.08%,2.61,1.14,0.19,0.21,42.90%,13.41%,10.77%,Aug 05/b,47.20,-1.79%,"205,552"
XXPER,286.78M,-,-5.22%,-7.79%,-6.88%,2.48,2.48,0.14,0.16,61.57%,0.98%,-7.12%,Aug 05/a,5.88,2.98%,"271,872"
XXPEV,8.25B,-,-3.25%,-11.04%,-7.20%,1.11,0.86,0.58,1.51,20.70%,-6.91%,-4.21%,Aug 24/b,10.54,1.93%,"10,215,656"
XXPH,-,0.50%,-,-,-,-,-,-,-,-,-,-,-,67.51,-0.74%,"425,436"
XXPL,58.69M,-,-17.78%,-18.27%,-18.48%,14.21,14.21,0.00,0.00,-,-,-,Aug 06/b,0.62,2.97%,"227,016"
XXPND,-,0.08%,-,-,-,-,-,-,-,-,-,-,-,38.89,1.79%,"3,379"
XXPO,21.33B,-,4.91%,21.59%,7.19%,1.01,1.01,1.86,2.03,12.75%,9.82%,4.71%,Jul 30/b,182.18,-0.09%,"731,506"
XXPOF,202.41M,-,-10.93%,-,-20.53%,0.71,0.67,-,-,78.85%,22.51%,-18.15%,Aug 06/a,4.11,1.73%,"550,879"
XXPON,4.88M,-,-91.67%,-196.30%,-130.49%,5.55,2.86,0.07,0.15,14.29%,-137.39%,-82.32%,Mar 17/b,5.07,-2.31%,"47,164"
XXPP,-,2.74%,-,-,-,-,-,-,-,-,-,-,-,19.85,0.44%,791
XXPRO,1.98B,-,0.90%,1.37%,1.25%,2.05,1.69,0.10,0.11,10.08%,5.11%,1.33%,Jul 28/b,17.58,0.06%,"487,019"
XXQBT,-,-,-,-,-,-,-,-,-,-,-,-,-,23.40,1.49%,"2,578"
XXQQI,-,13.89%,-,-,-,-,-,-,-,-,-,-,-,48.60,1.42%,"260,000"
XXQTM,-,-,-,-,-,-,-,-,-,-,-,-,-,12.25,0.79%,935
XXRAY,2.09B,0.61%,-9.69%,-32.98%,-15.90%,1.63,1.07,1.54,1.71,49.52%,5.08%,-14.99%,Aug 06/a,10.46,-0.38%,"3,252,295"
XXRLX,-,2.61%,-,-,-,-,-,-,-,-,-,-,-,48.87,0.57%,235
XXRMI,-,12.40%,-,-,-,-,-,-,-,-,-,-,-,17.37,0.75%,"4,656"
XXRN,521.66M,6.46%,4.34%,9.99%,4.43%,0.78,0.78,0.99,0.99,41.17%,28.53%,30.06%,Aug 05/a,35.99,-1.72%,"122,750"
XXRP,-,-,-,-,-,-,-,-,-,-,-,-,-,15.22,1.00%,"1,709,626"
XXRPC,-,-,-,-,-,-,-,-,-,-,-,-,-,14.46,0.91%,"182,054"
XXRPI,-,3.03%,-,-,-,-,-,-,-,-,-,-,-,7.39,0.96%,"430,802"
XXRPM,-,39.53%,-,-,-,-,-,-,-,-,-,-,-,10.13,1.25%,"11,088"
XXRPN,333.27M,-,1.30%,1.37%,1.36%,0.03,0.03,0.00,0.00,-,-,-,-,10.55,0.00%,"153,941"
XXRPR,-,-,-,-,-,-,-,-,-,-,-,-,-,11.08,0.11%,"30,533"
XXRPT,-,3.99%,-,-,-,-,-,-,-,-,-,-,-,33.18,1.56%,"330,836"
XXRPZ,-,-,-,-,-,-,-,-,-,-,-,-,-,14.78,0.68%,"418,357"
XXRT,-,0.79%,-,-,-,-,-,-,-,-,-,-,-,84.79,1.39%,"2,943,210"
XXRTX,4.23M,-,-83.78%,-99.24%,-67.93%,3.59,3.59,0.00,0.00,-,-,-,Aug 17/b,2.33,10.43%,"1,916,801"
XXRX,450.41M,9.48%,-9.95%,-98.77%,-19.72%,1.18,0.85,7.73,7.86,27.46%,1.08%,-12.11%,Jul 30/b,3.43,8.20%,"3,570,662"
XXSD,-,0.15%,-,-,-,-,-,-,-,-,-,-,-,505.57,3.08%,"74,945"
XXSEM,-,-,-,-,-,-,-,-,-,-,-,-,-,18.26,3.16%,"4,392"
XXSEP,-,-,-,-,-,-,-,-,-,-,-,-,-,45.13,0.04%,"1,300"
XXSHD,-,4.99%,-,-,-,-,-,-,-,-,-,-,-,13.77,0.15%,"5,962"
XXSHP,-,9.35%,-,-,-,-,-,-,-,-,-,-,-,18.50,2.00%,"7,497"
XXSHQ,-,1.21%,-,-,-,-,-,-,-,-,-,-,-,46.96,0.50%,"15,207"
XXSLL,276.80M,-,-,-,1.29%,4.55,4.55,0.00,0.00,-,-,-,-,10.00,0.00%,558
XXSLV,-,2.13%,-,-,-,-,-,-,-,-,-,-,-,51.88,-0.07%,"3,813"
XXSMO,-,0.57%,-,-,-,-,-,-,-,-,-,-,-,83.75,0.23%,"182,571"
XXSOE,-,1.58%,-,-,-,-,-,-,-,-,-,-,-,47.86,1.35%,"52,925"
XXSPC,-,-,-,-,-,-,-,-,-,-,-,-,-,20.60,0.69%,"1,944"
XXSPI,-,11.16%,-,-,-,-,-,-,-,-,-,-,-,49.41,1.09%,"33,633"
XXSVM,-,1.80%,-,-,-,-,-,-,-,-,-,-,-,69.12,0.26%,"37,049"
XXSVN,-,4.13%,-,-,-,-,-,-,-,-,-,-,-,45.51,-0.18%,"90,763"
XXSW,-,-,-,-,-,-,-,-,-,-,-,-,-,195.34,0.98%,"15,104"
XXT,-,1.05%,-,-,-,-,-,-,-,-,-,-,-,81.21,0.86%,"60,627"
XXTAI,-,-,-,-,-,-,-,-,-,-,-,-,-,24.64,3.60%,48
XXTAP,-,-,-,-,-,-,-,-,-,-,-,-,-,46.54,0.37%,8
XXTEN,-,4.54%,-,-,-,-,-,-,-,-,-,-,-,43.45,-0.14%,"363,442"
XXTER,205.26M,-,-,-,-,-,-,-,-,-,-,-,-,9.82,0.10%,771
XXTIA,38.86M,-,-153.49%,-457.54%,-,0.55,0.34,-,-,20.91%,-85.92%,-171.97%,Aug 12/b,1.01,-2.88%,"419,394"
XXTJA,-,-,-,-,-,-,-,-,-,-,-,-,-,35.03,0.52%,"1,014"
XXTJL,-,-,-,-,-,-,-,-,-,-,-,-,-,42.28,0.77%,"1,738"
XXTL,-,1.26%,-,-,-,-,-,-,-,-,-,-,-,210.17,1.91%,"35,738"
XXTLB,10.85M,-,-,-,-,-,-,-,-,-,-,-,-,2.56,6.62%,"1,600"
XXTN,-,0.72%,-,-,-,-,-,-,-,-,-,-,-,102.41,0.54%,"28,386"
XXTND,90.83M,-,-30.76%,-35.23%,-21.35%,3.07,3.07,0.00,0.04,8.91%,-24.98%,-23.88%,Sep 02,4.49,-7.04%,"699,953"
XXTNT,48.51M,-,-12.16%,-25.16%,-22.41%,2.16,1.05,0.24,0.65,59.39%,-9.58%,-10.17%,Aug 11/b,0.35,0.55%,"246,022"
XXTOC,-,-,-,-,-,-,-,-,-,-,-,-,-,37.12,0.16%,"3,031"
XXTR,-,0.86%,-,-,-,-,-,-,-,-,-,-,-,28.85,0.85%,250
XXTRE,-,4.06%,-,-,-,-,-,-,-,-,-,-,-,48.16,-0.12%,"15,256"
XXTWO,-,3.94%,-,-,-,-,-,-,-,-,-,-,-,48.46,-0.08%,"59,637"
XXTWY,-,4.76%,-,-,-,-,-,-,-,-,-,-,-,34.65,0.20%,"68,989"
XXUDV,-,3.27%,-,-,-,-,-,-,-,-,-,-,-,33.22,0.77%,"8,851"
XXUSP,-,-,-,-,-,-,-,-,-,-,-,-,-,53.60,1.00%,392
XXV,-,12.36%,-,-,-,-,-,-,-,-,-,-,-,24.62,0.49%,"28,568"
XXVAP,-,-,-,-,-,-,-,-,-,-,-,-,-,31.96,1.56%,261
XXVNV,-,-,-,-,-,-,-,-,-,-,-,-,-,29.91,0.13%,66
XXVSP,-,-,-,-,-,-,-,-,-,-,-,-,-,32.61,2.12%,12
XXVTS,-,-,-,-,-,-,-,-,-,-,-,-,-,32.59,0.56%,"4,107"
XXVV,-,0.91%,-,-,-,-,-,-,-,-,-,-,-,58.51,1.00%,"6,308"
XXW,-,-,-,-,-,-,-,-,-,-,-,-,-,24.28,1.90%,154
XXWEL,8.29M,-,-119.98%,-1069.01%,-687.07%,2.27,2.21,-,-,31.36%,-38.13%,-117.83%,-,0.96,2.34%,"5,445"
XXWNG,-,-,-,-,-,-,-,-,-,-,-,-,-,22.34,0.69%,39
XXXI,3.55B,-,4.17%,4.22%,0.14%,25.22,25.22,0.19,0.19,-,-,-,-,5.45,0.00%,"2,455,488"
XXXII,1.42M,-,-52.86%,-105.73%,-20.03%,2.61,1.90,0.05,0.09,-22.15%,-84.00%,-237.82%,Aug 13/b,1.99,-2.69%,"11,168"
XXXRP,-,7.80%,-,-,-,-,-,-,-,-,-,-,-,30.96,1.18%,"793,407"
XXXV,-,17.12%,-,-,-,-,-,-,-,-,-,-,-,23.35,0.68%,"14,911"
XXXX,-,0.08%,-,-,-,-,-,-,-,-,-,-,-,21.51,0.70%,570
XXYF,117.75M,10.85%,4.29%,7.14%,6.94%,1.22,1.22,0.00,0.05,65.25%,12.85%,9.95%,Aug 24/b,5.16,-0.39%,"29,512"
XXYL,24.97B,1.62%,5.90%,9.47%,7.94%,1.61,1.24,0.23,0.29,39.09%,15.37%,11.17%,Jul 28/b,106.96,0.38%,"1,845,471"
XXYLD,-,10.40%,-,-,-,-,-,-,-,-,-,-,-,41.62,0.70%,"329,758"
XXYLG,-,5.45%,-,-,-,-,-,-,-,-,-,-,-,29.55,0.78%,"8,524"
XXYZ,47.59B,-,0.94%,1.62%,1.25%,2.21,2.19,0.30,0.33,45.81%,17.59%,1.43%,Aug 05/a,79.21,0.18%,"2,143,749"
XXYZG,-,5.87%,-,-,-,-,-,-,-,-,-,-,-,16.78,0.49%,"1,318"
XXYZY,-,75.30%,-,-,-,-,-,-,-,-,-,-,-,24.02,0.05%,"6,202"
XXZO,1.44B,-,-,-,28.65%,1.85,1.85,0.01,0.02,62.07%,48.51%,37.76%,Aug 06/a,16.02,1.52%,"192,710"
YYAAS,21.84M,-,-115.08%,-191.88%,-142.10%,1.76,1.76,0.01,0.20,39.62%,-166.42%,-473.84%,Aug 27/b,1.39,-7.33%,"29,809"
YYALA,705.26M,-,15.46%,17.09%,15.92%,10.30,10.30,0.00,0.01,67.75%,30.81%,40.78%,Aug 17/a,5.50,1.10%,"475,946"
YYALL,-,0.49%,-,-,-,-,-,-,-,-,-,-,-,43.65,0.67%,"10,503"
YYANG,-,2.95%,-,-,-,-,-,-,-,-,-,-,-,31.09,-1.02%,"807,040"
YYARW,72.11M,-,-55.24%,-61.93%,-84.80%,15.26,15.26,0.00,0.00,95.23%,-4134.65%,-3881.54%,Aug 13/b,27.01,-5.03%,"1,362,783"
YYB,450.54M,1.56%,30.28%,46.88%,38.74%,2.91,2.91,0.00,0.00,95.47%,32.49%,29.91%,Sep 10/b,13.91,1.98%,"84,802"
YYBIT,-,76.53%,-,-,-,-,-,-,-,-,-,-,-,20.37,0.10%,"29,835"
YYBST,-,63.02%,-,-,-,-,-,-,-,-,-,-,-,12.18,0.33%,"1,645"
YYBTC,-,62.38%,-,-,-,-,-,-,-,-,-,-,-,17.85,0.34%,"100,222"
YYBTY,-,79.32%,-,-,-,-,-,-,-,-,-,-,-,10.52,0.41%,920
YYCBD,5.40M,-,-25.07%,-40.33%,-28.69%,2.50,1.37,0.23,0.27,52.81%,-13.87%,-14.71%,Aug 13/a,0.48,0.88%,"13,295"
YYCL,-,-,-,-,-,-,-,-,-,-,-,-,-,19.19,0.60%,"17,069"
YYCLO,-,1.11%,-,-,-,-,-,-,-,-,-,-,-,25.18,0.04%,10
YYCS,-,-,-,-,-,-,-,-,-,-,-,-,-,51.17,-0.77%,"7,410"
YYCY,150.74M,-,3.90%,4.02%,2.01%,1.51,1.51,0.00,0.00,-,-,-,-,10.23,-0.29%,110
YYDDL,88.51M,-,-,-,26.17%,3.57,2.73,0.08,0.09,23.63%,18.02%,17.94%,Apr 28/b,1.63,-1.21%,"62,731"
YYDEC,-,-,-,-,-,-,-,-,-,-,-,-,-,28.18,0.21%,"6,914"
YYDES,283.37M,-,-43.61%,-,-66.49%,5.23,3.46,0.00,0.00,-,-,-,-,4.00,2.56%,"819,273"
YYDKG,4.60M,-,-86.57%,-103.48%,-54.97%,203.48,203.48,0.00,0.00,-29.92%,-149.24%,-373.39%,-,0.83,-6.25%,"22,339"
YYEAR,-,4.02%,-,-,-,-,-,-,-,-,-,-,-,50.07,-0.06%,"235,687"
YYELP,1.15B,-,12.84%,18.19%,16.64%,1.75,1.75,0.18,0.19,85.59%,12.69%,8.59%,Aug 06/a,21.28,1.58%,"1,346,459"
YYETH,-,85.36%,-,-,-,-,-,-,-,-,-,-,-,9.42,2.73%,"88,518"
YYETI,2.94B,1.07%,13.73%,25.32%,21.22%,1.75,0.87,0.38,0.42,59.21%,12.18%,9.24%,Aug 13/b,40.26,2.00%,"1,635,263"
YYEXT,633.46M,-,4.71%,27.76%,10.96%,0.76,0.76,5.68,6.22,74.49%,10.05%,5.90%,Sep 01/b,6.40,1.91%,"780,584"
YYFFI,-,4.92%,-,-,-,-,-,-,-,-,-,-,-,9.69,0.03%,453
YYFOR,10.50M,-,-86.17%,-260.44%,-178.13%,0.90,0.90,0.17,0.78,13.80%,-25.35%,-37.42%,Sep 02,1.28,-0.78%,"112,085"
YYFYA,-,5.22%,-,-,-,-,-,-,-,-,-,-,-,9.73,0.05%,19
YYGLD,-,19.22%,-,-,-,-,-,-,-,-,-,-,-,33.94,1.38%,"7,677"
YYHC,1.83M,-,-24.79%,-88.17%,-26.88%,0.96,0.96,1.28,1.28,2.73%,-908.28%,-1589.21%,-,1.40,-1.75%,"13,432"
YYHGJ,6.85M,-,-13.60%,-29.50%,-27.45%,1.41,0.47,0.33,1.11,16.92%,-10.03%,-15.31%,-,2.60,-1.89%,320
YYHNA,47.53M,-,2.25%,2.37%,4.06%,0.05,0.05,0.00,0.00,-,-,-,-,11.09,-0.09%,408
YYI,18.63M,-,-3.80%,-,-,1.08,0.49,-,-,5.74%,-0.27%,-0.76%,Jun 04/a,3.59,4.05%,"35,005"
YYIBO,69.90M,-,-5.62%,-14.38%,-11.28%,1.57,1.39,0.26,0.94,29.43%,-7.31%,-5.32%,-,1.18,-4.84%,"1,165"
YYICC,380.27M,-,-,-,-,9.49,9.49,0.00,0.00,-,-,-,-,9.92,0.00%,"150,006"
YYINN,-,1.42%,-,-,-,-,-,-,-,-,-,-,-,26.78,1.06%,"833,085"
YYJ,5.07M,-,-,-,-,-,-,-,-,-,-,-,Aug 20/b,1.99,4.19%,"99,060"
YYJUN,-,-,-,-,-,-,-,-,-,-,-,-,-,27.42,0.59%,"6,955"
YYLD,-,7.42%,-,-,-,-,-,-,-,-,-,-,-,18.82,0.16%,"158,599"
YYLDE,-,7.31%,-,-,-,-,-,-,-,-,-,-,-,56.20,0.71%,"12,224"
YYLDW,-,5.27%,-,-,-,-,-,-,-,-,-,-,-,25.61,0.73%,"5,401"
YYLDY,-,0.05%,-,-,-,-,-,-,-,-,-,-,-,24.86,0.85%,"2,660"
YYMAG,-,47.78%,-,-,-,-,-,-,-,-,-,-,-,11.24,0.54%,"1,313,194"
YYMAR,-,-,-,-,-,-,-,-,-,-,-,-,-,29.30,0.57%,"5,186"
YYMAT,8.30M,-,2.19%,4.97%,4.47%,1.03,0.99,0.09,1.15,30.97%,3.20%,3.14%,-,2.07,-0.96%,"223,213"
YYMAX,-,62.58%,-,-,-,-,-,-,-,-,-,-,-,7.47,0.54%,"946,841"
YYMM,7.62B,3.01%,9.55%,10.58%,10.15%,7.96,7.96,0.00,0.00,65.83%,33.58%,33.08%,Aug 19/b,8.17,0.37%,"2,831,218"
YYMT,14.09M,-,-,-,-,0.09,0.09,-,-,-,-,-,-,2.24,1.82%,"31,672"
YYNOT,-,-,-,-,-,-,-,-,-,-,-,-,-,33.07,1.16%,"11,817"
YYOKE,-,0.75%,-,-,-,-,-,-,-,-,-,-,-,31.12,0.81%,"2,419"
YYOLO,-,-,-,-,-,-,-,-,-,-,-,-,-,2.94,-3.20%,"118,880"
YYORW,538.30M,2.72%,3.51%,9.00%,4.92%,1.05,0.88,0.64,0.64,55.40%,36.56%,28.53%,Aug 06/b,33.17,-0.54%,"133,888"
YYOU,5.71B,1.66%,10.72%,90.29%,47.70%,1.04,1.04,0.50,0.53,63.18%,25.13%,14.78%,Aug 05/b,42.23,-1.19%,"1,282,974"
YYOUL,30.86M,-,-,-,5.47%,2.02,2.01,0.03,0.22,10.32%,0.32%,2.31%,-,0.44,-2.92%,"26,401"
YYPF,21.85B,-,2.69%,6.83%,3.87%,0.93,0.72,0.71,0.87,34.87%,20.07%,3.99%,Aug 10/b,55.55,-0.91%,"2,282,611"
YYQ,25.72M,-,-20.87%,-37.11%,-39.88%,1.77,1.77,0.03,0.04,61.33%,-48.44%,-45.50%,Sep 08/a,3.76,-11.63%,"53,145"
YYQQQ,-,28.22%,-,-,-,-,-,-,-,-,-,-,-,9.74,-0.11%,"11,585"
YYRAM,-,0.78%,-,-,-,-,-,-,-,-,-,-,-,53.20,0.32%,"11,973"
YYRD,88.21M,21.78%,-5.61%,-7.81%,-8.01%,6.38,6.38,0.00,0.00,84.72%,4.03%,-14.29%,Jun 25/b,1.01,1.62%,"43,138"
YYSAG,-,-,-,-,-,-,-,-,-,-,-,-,-,64.52,1.24%,682
YYSAU,-,-,-,-,-,-,-,-,-,-,-,-,-,43.56,0.60%,"3,973"
YYSEP,-,-,-,-,-,-,-,-,-,-,-,-,-,28.44,0.42%,"13,303"
YYSG,168.99M,-,-5.28%,-7.31%,-6.38%,3.70,2.78,0.20,0.22,77.38%,-7.26%,-4.65%,Sep 02/b,2.65,1.92%,"54,931"
YYSPC,-,10.24%,-,-,-,-,-,-,-,-,-,-,-,47.80,2.33%,"60,913"
YYSPY,-,41.35%,-,-,-,-,-,-,-,-,-,-,-,15.06,0.40%,"2,805"
YYSS,1.08B,-,-,-,-,5.31,5.02,0.10,0.10,-,-,-,Aug 13/a,7.88,5.77%,"3,167,329"
YYSWY,1.45B,-,-,-,-,1.48,0.91,2.39,2.42,-,-,-,Aug 13/b,22.95,3.71%,"185,675"
YYSXT,40.81M,-,5.84%,9.15%,7.90%,2.79,2.79,0.05,0.25,6.42%,4.24%,3.36%,-,1.28,0.39%,"1,283"
YYTRA,69.14M,-,-1.79%,-4.45%,-4.39%,2.24,2.24,0.04,0.28,23.57%,-3.69%,-2.43%,Aug 12/a,1.05,3.96%,"69,414"
YYUM,38.44B,2.12%,28.42%,-,63.45%,0.59,0.59,-,-,45.33%,32.42%,25.42%,Jul 30/b,140.87,-2.10%,"2,111,852"
YYUMC,14.49B,2.61%,8.92%,17.50%,13.63%,0.96,0.78,0.34,0.43,17.23%,12.50%,7.84%,Jul 30/b,42.32,0.07%,"1,313,386"
YYUNG,-,-,-,-,-,-,-,-,-,-,-,-,-,26.75,0.37%,"1,028"
YYXI,-,2.56%,-,-,-,-,-,-,-,-,-,-,-,22.49,-0.38%,724
YYXT,12.85M,-,-,-,-,0.33,0.33,0.30,2.03,-,-,-,Aug 13/b,2.38,-1.24%,"10,780"
YYYAI,3.37M,-,-0.49%,-0.53%,-0.30%,5.03,5.03,0.00,0.00,44.82%,7.89%,-3.54%,-,0.73,1.42%,"543,471"
YYYY,-,13.13%,-,-,-,-,-,-,-,-,-,-,-,10.97,-0.18%,"384,643"
YYYYM,-,3.15%,-,-,-,-,-,-,-,-,-,-,-,18.65,0.19%,733
ZZ,7.34B,-,1.03%,1.21%,1.25%,1.92,1.92,0.02,0.13,72.88%,1.78%,1.96%,Aug 05/a,32.50,4.00%,"2,933,510"
ZZALT,-,-,-,-,-,-,-,-,-,-,-,-,-,34.53,0.44%,"141,487"
ZZAP,-,1.70%,-,-,-,-,-,-,-,-,-,-,-,31.82,0.79%,"95,913"
ZZAPR,-,-,-,-,-,-,-,-,-,-,-,-,-,26.95,0.07%,580
ZZAUG,-,-,-,-,-,-,-,-,-,-,-,-,-,27.85,0.11%,"3,297"
ZZBAO,7.30M,-,-20.94%,-141.52%,-292.76%,0.86,0.86,0.09,2.92,41.33%,-16.19%,-19.33%,Mar 31,0.15,0.61%,"1,090,978"
ZZBH,17.83B,1.11%,3.53%,6.42%,4.27%,1.69,0.94,0.50,0.59,61.43%,16.33%,9.48%,Aug 05/b,93.49,1.14%,"1,876,546"
ZZBIO,2.03B,-,-97.39%,-199.04%,-76.18%,9.93,9.93,1.57,1.58,96.90%,-27390.10%,-48438.40%,Aug 13/b,31.12,0.06%,"421,700"
ZZBRA,16.58B,-,6.50%,15.29%,13.20%,0.52,0.33,0.19,0.86,47.56%,17.16%,9.16%,Aug 04/b,350.37,1.85%,"583,328"
ZZCBA,-,2.61%,-,-,-,-,-,-,-,-,-,-,-,48.13,-0.26%,109
ZZCBB,-,2.65%,-,-,-,-,-,-,-,-,-,-,-,47.80,-0.18%,8
ZZCBC,-,2.73%,-,-,-,-,-,-,-,-,-,-,-,47.63,-0.19%,8
ZZCBE,-,2.81%,-,-,-,-,-,-,-,-,-,-,-,47.45,-0.19%,8
ZZCBF,-,2.89%,-,-,-,-,-,-,-,-,-,-,-,47.24,-0.19%,8
ZZCBG,-,2.96%,-,-,-,-,-,-,-,-,-,-,-,47.15,-0.18%,28
ZZCMD,0.93M,-,-25.14%,-31.98%,-33.87%,11.11,11.11,0.00,0.00,42.47%,-54.43%,-55.47%,-,0.80,-7.07%,"284,568"
ZZCSH,-,-,-,-,-,-,-,-,-,-,-,-,-,94.40,4.84%,"817,778"
ZZD,1.93B,-,-1.49%,-2.75%,-1.12%,2.16,2.16,0.32,0.39,69.25%,10.20%,-2.50%,Aug 06/a,56.22,1.68%,"553,865"
ZZDAI,12.67M,-,-,-,-88.74%,3.90,3.90,0.11,0.19,-27.98%,-153.74%,-148.83%,-,1.51,0.67%,"11,142"
ZZDEK,-,-,-,-,-,-,-,-,-,-,-,-,-,26.78,0.24%,"9,314"
ZZDGE,40.51M,2.32%,-3.14%,-4.26%,-4.62%,3.21,3.21,0.00,0.01,90.72%,8.50%,-3.62%,Jun 11/a,3.10,0.98%,"31,381"
ZZDIS,-,-,-,-,-,-,-,-,-,-,-,-,-,58.07,0.82%,108
ZZECP,-,0.73%,-,-,-,-,-,-,-,-,-,-,-,37.59,0.89%,"17,600"
ZZENA,135.39M,-,-92.65%,-134.07%,-71.51%,2.64,2.47,0.14,0.20,83.01%,-217.50%,-332.51%,Aug 18,1.52,-3.18%,"2,078,266"
ZZEO,14.77M,-,-21.68%,-,-109.32%,1.43,1.37,0.09,0.19,48.55%,-16.60%,-15.43%,-,0.24,-2.94%,"400,125"
ZZEPP,38.84M,-,-7.88%,-21.29%,-18.02%,0.90,0.70,0.31,1.33,38.59%,-12.59%,-15.79%,Sep 02/b,4.58,-7.47%,"13,507"
ZZETA,7.58B,-,-0.17%,-0.27%,-0.19%,2.38,2.38,0.23,0.24,54.19%,3.40%,-0.14%,Aug 04/a,30.18,-1.24%,"3,369,164"
ZZFEB,-,-,-,-,-,-,-,-,-,-,-,-,-,26.32,0.17%,"2,861"
ZZG,7.34B,-,1.03%,1.21%,1.25%,1.92,1.92,0.02,0.13,72.88%,1.78%,1.96%,Aug 05/a,33.23,4.23%,"752,085"
ZZGN,6.63B,1.30%,2.73%,8.24%,4.12%,1.47,0.80,0.88,1.11,56.02%,8.54%,3.98%,Sep 03/b,11.61,-0.17%,"1,462,995"
ZZH,169.12M,-,-5.52%,-7.63%,-7.89%,3.73,3.73,0.00,0.03,58.22%,-14.16%,-11.28%,Aug 26/b,2.84,1.07%,"310,696"
ZZHDG,-,2.43%,-,-,-,-,-,-,-,-,-,-,-,23.87,1.09%,201
ZZHOG,-,5.61%,-,-,-,-,-,-,-,-,-,-,-,50.52,-0.09%,36
ZZIG,-,1.75%,-,-,-,-,-,-,-,-,-,-,-,39.68,0.41%,776
ZZIM,3.56B,8.09%,1.27%,3.56%,1.71%,1.24,1.15,1.09,1.37,10.97%,5.67%,2.15%,Aug 19/b,29.57,0.34%,"680,623"
ZZINC,-,-,-,-,-,-,-,-,-,-,-,-,-,26.48,-0.01%,"2,219"
ZZINN,-,-,-,-,-,-,-,-,-,-,-,-,-,39.17,1.20%,231
ZZION,10.03B,2.66%,1.30%,16.19%,11.71%,0.15,-,0.29,0.45,-,29.06%,22.30%,Jul 20/a,68.75,0.67%,"887,382"
ZZIP,307.53M,-,6.14%,-,12.24%,2.99,2.99,-,-,89.12%,0.35%,6.20%,Aug 05/a,3.74,1.36%,"963,650"
ZZJAN,-,-,-,-,-,-,-,-,-,-,-,-,-,28.35,0.26%,"1,182"
ZZJK,146.65M,-,15.06%,27.71%,21.98%,1.85,1.47,0.07,0.17,43.67%,16.88%,18.15%,Apr 29/b,2.28,5.56%,"7,121"
ZZJUL,-,-,-,-,-,-,-,-,-,-,-,-,-,30.22,0.17%,"26,972"
ZZJUN,-,-,-,-,-,-,-,-,-,-,-,-,-,27.65,0.18%,"14,414"
ZZJYL,162.36M,-,2.25%,4.03%,3.53%,1.95,1.64,0.09,0.68,30.62%,2.12%,5.94%,-,2.07,0.49%,"20,126"
ZZKH,377.79M,-,-0.03%,-0.06%,-0.06%,1.77,1.59,0.04,0.14,16.64%,-0.83%,-0.02%,Aug 21/b,2.92,0.69%,"1,020,743"
ZZKIN,19.34M,-,-29.09%,-46.97%,-34.03%,6.00,6.00,0.00,0.09,5.78%,-30.97%,-62.68%,-,1.12,-9.31%,"18,080"
ZZKP,392.89M,-,-,-,1.49%,5.16,5.16,0.00,0.00,-,-,-,-,10.05,0.10%,"39,292"
ZZLAB,2.72B,-,-16.86%,-26.98%,-30.51%,2.13,1.92,0.02,0.42,56.47%,-58.74%,-41.86%,Aug 06/b,24.14,-0.12%,"663,514"
ZZM,27.89B,-,26.43%,32.14%,28.71%,3.76,3.76,0.00,0.01,77.30%,23.73%,65.19%,Aug 25/a,95.57,0.12%,"2,247,328"
ZZMAR,-,-,-,-,-,-,-,-,-,-,-,-,-,28.59,0.13%,"2,628"
ZZMAY,-,-,-,-,-,-,-,-,-,-,-,-,-,26.27,0.19%,"15,687"
ZZMUN,-,3.26%,-,-,-,-,-,-,-,-,-,-,-,49.85,-0.01%,"1,236"
ZZNB,1.37M,-,-111.19%,-126.46%,-62.65%,21.17,21.17,0.04,0.07,-4.65%,-65.14%,-457.77%,-,1.41,-4.08%,"46,373"
ZZNOV,-,-,-,-,-,-,-,-,-,-,-,-,-,27.87,0.29%,"4,559"
ZZNTL,332.30M,-,-49.22%,-66.75%,-78.75%,4.82,4.82,0.23,0.26,-,-,-,Aug 06/a,3.51,-2.23%,"787,858"
ZZOCT,-,-,-,-,-,-,-,-,-,-,-,-,-,28.02,0.13%,"3,273"
ZZONE,33.26M,-,-431.22%,-513.26%,-262.95%,2.94,2.82,0.00,0.01,29.09%,-1512.09%,-4664.66%,-,0.15,-3.03%,"2,834,986"
ZZOOZ,59.29M,-,-203.02%,-224.23%,-111.54%,12.93,12.93,0.00,0.01,-,-,-,Sep 01,7.32,-5.18%,"17,634"
ZZROZ,-,5.62%,-,-,-,-,-,-,-,-,-,-,-,57.80,0.54%,"904,966"
ZZS,26.83B,-,-0.88%,-2.87%,-1.44%,1.63,1.63,0.69,0.71,76.38%,-3.65%,-1.88%,Sep 03/a,164.54,0.65%,"2,059,954"
ZZSB,-,0.90%,-,-,-,-,-,-,-,-,-,-,-,21.66,0.46%,44
ZZSC,-,1.57%,-,-,-,-,-,-,-,-,-,-,-,31.28,-0.48%,68
ZZSEP,-,-,-,-,-,-,-,-,-,-,-,-,-,27.85,0.18%,"298,640"
ZZSL,-,-,-,-,-,-,-,-,-,-,-,-,-,24.52,-2.12%,"3,954,815"
ZZSQR,162.71M,-,-29.91%,-31.66%,-16.57%,7.66,7.66,0.00,0.00,-429.84%,-779.25%,-785.07%,-,3.07,-2.85%,"174,960"
ZZSTK,105.61M,-,-730.58%,-1959.59%,-1263.05%,0.95,0.81,0.02,0.20,-14.24%,-25.38%,-444.23%,Jul 31/b,4.84,-1.22%,"354,821"
ZZTAX,-,2.26%,-,-,-,-,-,-,-,-,-,-,-,24.46,-1.32%,"12,950"
ZZTEN,-,5.68%,-,-,-,-,-,-,-,-,-,-,-,48.53,0.01%,215
ZZTG,-,-,-,-,-,-,-,-,-,-,-,-,-,0.78,1.17%,"386,509"
ZZTO,11.29B,3.94%,10.64%,16.11%,13.55%,1.67,1.64,0.16,0.35,25.10%,20.22%,19.03%,Aug 18/a,20.61,-1.15%,"2,256,462"
ZZTOP,-,6.29%,-,-,-,-,-,-,-,-,-,-,-,51.10,0.16%,"5,262"
ZZTR,329.96M,9.32%,-,-,-,-,-,-,-,-,-,-,-,6.60,-0.15%,"91,107"
ZZTRE,-,4.64%,-,-,-,-,-,-,-,-,-,-,-,49.99,-0.08%,"2,166"
ZZTS,30.15B,2.94%,17.70%,64.39%,21.12%,3.08,1.84,2.93,2.93,70.22%,37.65%,27.49%,Aug 06/b,72.97,0.15%,"5,242,671"
ZZTWO,-,4.51%,-,-,-,-,-,-,-,-,-,-,-,50.04,-0.08%,16
ZZUMZ,223.06M,-,2.03%,4.45%,2.84%,1.71,0.80,0.60,0.81,36.12%,2.36%,1.36%,Sep 10/a,14.55,-12.93%,"1,232,025"
ZZURA,499.27M,-,-62.74%,-72.10%,-59.08%,12.90,12.90,0.00,0.00,-,-,-,Aug 11/b,5.21,-3.16%,"1,421,306"
ZZVIA,97.46M,-,-14.39%,-18.76%,-20.64%,1.90,1.33,0.00,0.01,47.28%,-5.07%,-5.37%,Aug 05/a,1.26,1.61%,"633,805"
ZZVOL,-,73.02%,-,-,-,-,-,-,-,-,-,-,-,7.97,1.40%,"74,637"
ZZVRA,713.20M,-,20.03%,33.44%,25.62%,5.17,5.12,0.00,0.01,94.46%,28.71%,41.15%,Aug 05/a,12.01,-0.41%,"583,005"
ZZWS,7.66B,0.97%,10.03%,16.92%,12.59%,3.05,2.13,0.32,0.33,45.72%,21.33%,15.45%,Jul 28/a,46.18,1.45%,"785,106"
ZZYBT,46.07M,-,-14.98%,-26.09%,-26.28%,1.14,0.80,0.04,0.30,20.41%,-60.73%,-60.22%,-,1.55,-2.52%,"25,012"
ZZYME,1.88B,-,-37.25%,-72.31%,-43.39%,6.32,6.32,3.30,3.34,75.55%,-418.99%,-404.00%,Aug 06/a,26.24,-0.74%,"1,229,142"
